rachis_breaks_mean
stp17

NULL	NA	NA	2295	743.623257839721
famID	9	22.1642562978071	2286	721.459001541914
rep	1	0.24473624773816	2285	721.214265294176
famID:plantID3	1173	444.951911295973	1112	276.262353998203

stp18

NULL	NA	NA	2320	1466.28263679449
famID	9	93.9972684085797	2311	1372.28536838591
rep	1	0.847723794750436	2310	1371.43764459116
famID:plantID3	1187	878.9518794666	1123	492.485765124555

tli17

NULL	NA	NA	2316	1110.55848079413
famID	9	42.2705820746062	2307	1068.28789871952
rep	1	0.117815599813639	2306	1068.17008311971
famID:plantID3	1191	673.770889571323	1115	394.399193548387

tli18

NULL	NA	NA	2153	146.103992571959
famID	9	4.63611430284004	2144	141.467878269119
rep	1	1.95146114874598	2143	139.516417120373
famID:plantID3	1182	80.7804503844064	961	58.7359667359667

floret_score_mean
stp17

NULL	NA	NA	2282	5399.61191414805
famID	9	1273.71935338734	2273	4125.89256076071
rep	1	6.95063200347613	2272	4118.94192875723
famID:plantID3	1169	3290.65388527897	1103	828.288043478261

stp18

NULL	NA	NA	2317	3790.08973252804
famID	9	695.141300967181	2308	3094.94843156086
rep	1	0.572251183353274	2307	3094.37618037751
famID:plantID3	1186	2347.25095756111	1121	747.125222816399

tli17

NULL	NA	NA	2312	2782.1616947687
famID	9	309.325575347413	2303	2472.83611942129
rep	1	1.50848786554388	2302	2471.32763155574
famID:plantID3	1190	1782.36267198701	1112	688.964959568733

tli18

NULL	NA	NA	2139	69.0257009345794
famID	9	1.08280019566048	2130	67.942900738919
rep	1	0.798670199556796	2129	67.1442305393622
famID:plantID3	1180	36.9042305393622	949	30.24

reproductive_tiller_ct
stp17

famID	9	2604.80796583857	289.423107315396	215.959503331971	3.00187300159026e-239
rep	1	234.13938032529	234.13938032529	174.708318055624	3.23649372577167e-37
famID:plantID3	1190	6802.37396452664	5.71628064245936	4.26533022847556	3.75807637899493e-124
Residuals	1141	1529.13745564249	1.3401730549014	NA	NA

stp18

famID	9	3006.66449026949	334.073832252166	129.508855859806	8.55223672223464e-167
rep	1	1069.47009590176	1069.47009590176	414.596520663632	1.08756428857479e-78
famID:plantID3	1187	8127.89767044756	6.84742853449668	2.65451091785926	2.64126451303592e-59
Residuals	1123	2896.82826034151	2.57954431018834	NA	NA

tli17

famID	9	1789.42926145468	198.825473494964	133.469731682503	1.24513428146516e-170
rep	1	121.971763118243	121.971763118243	81.8785350290941	6.20741865743503e-19
famID:plantID3	1193	5465.54053999538	4.58134160938422	3.07541294685203	4.39192449088217e-77
Residuals	1125	1675.87553269321	1.48966714017175	NA	NA

tli18

famID	9	987.66976939843	109.741085488714	27.2296902093985	9.19910943687357e-43
rep	1	215.90220952707	215.90220952707	53.5710965019691	4.83981181338831e-13
famID:plantID3	1188	7700.55761255286	6.48195085231723	1.60834488628505	1.02407251196917e-15
Residuals	1087	4380.82692123539	4.03019955955418	NA	NA

threshability
stp17

famID	9	13.833329515976	1.53703661288622	311.1732516248	1.84955306762638e-296
rep	1	0.0732059469054444	0.0732059469054444	14.8205529691738	0.000124978029978936
famID:plantID3	1173	53.1443574843751	0.0453063576166881	9.17227768074285	1.23402935292025e-255
Residuals	1112	5.49271090816745	0.00493948822676929	NA	NA

stp18

famID	9	22.0224913321512	2.44694348135013	231.874769412658	7.78923418930983e-249
rep	1	0.377023775373991	0.377023775373991	35.7271435340622	3.04558344504695e-09
famID:plantID3	1187	82.6022278725098	0.0695890715016932	6.59432881514406	1.29391045378224e-195
Residuals	1122	11.840316188903	0.0105528664785232	NA	NA

tli17

famID	9	11.8704241721879	1.31893601913199	220.918600896413	1.33661511652426e-240
rep	1	0.00306570544454217	0.00306570544454217	0.513498265074675	0.473778591399997
famID:plantID3	1191	67.3214103256367	0.0565251136235404	9.46782014903311	5.45913145529908e-263
Residuals	1114	6.65084207192663	0.00597023525307597	NA	NA

tli18

famID	9	0.353284039250561	0.0392537821389512	3.40411750404462	0.000426657785760635
rep	1	0.0461026706569061	0.0461026706569061	3.99805826635617	0.0459893083500817
famID:plantID3	1032	21.8642085100066	0.0211862485562079	1.83728740583351	1.32349136180031e-16
Residuals	619	7.13785323659977	0.0115312653256862	NA	NA

floret_site_utilization
stp17

famID	9	13500.2256883457	1500.02507648285	31.5975754453476	1.72980978765009e-49
rep	1	2653.4574450544	2653.4574450544	55.8942801194457	1.56265120418282e-13
famID:plantID3	1172	148201.481689358	126.451776185459	2.66366849518727	1.72608198561238e-58
Residuals	1095	51982.7054955436	47.4727904068892	NA	NA

stp18

famID	9	18039.7202601628	2004.41336224031	14.4255921769997	3.30081402295385e-22
rep	1	3241.39581249721	3241.39581249721	23.3280494713213	1.56385908560145e-06
famID:plantID3	1185	283211.650487441	238.997173407123	1.72004229266034	1.04770798275679e-19
Residuals	1075	149369.560567772	138.948428435136	NA	NA

tli17

famID	9	10230.0754279075	1136.67504754528	31.2458450792884	5.50967345882442e-49
rep	1	15.350546417252	15.350546417252	0.421968262848469	0.516092044513147
famID:plantID3	1190	142136.157202313	119.442148909506	3.28332260730397	3.07149935170927e-84
Residuals	1101	40052.6605752426	36.3784383063057	NA	NA

tli18

famID	9	361.079348493876	40.1199276104307	3.84501398974373	0.000179887442495255
rep	1	198.756791284485	198.756791284485	19.0484551833222	2.14427839788584e-05
famID:plantID3	536	6788.90018132961	12.6658585472567	1.21387066744497	0.0613679214742039
Residuals	180	1878.16923140996	10.4342735078331	NA	NA

height
stp17

famID	9	143618.952947582	15957.6614386202	483.937329698121	0
rep	1	846.259742924306	846.259742924306	25.6639534431192	4.74803264980353e-07
famID:plantID3	1187	247084.380503906	208.158703036146	6.31268981913223	9.02648944041573e-188
Residuals	1122	36997.5512021374	32.9746445651848	NA	NA

stp18

famID	9	101126.288091492	11236.254232388	201.447715566387	1.78595942415527e-227
rep	1	0.00462443542917924	0.00462443542917924	8.29085862357208e-05	0.992736643082362
famID:plantID3	1182	220153.63881531	186.255193583173	3.33925189691363	1.31360245918766e-87
Residuals	1126	62805.4889086067	55.7775212332208	NA	NA

tli17

famID	9	156498.600984928	17388.7334427698	212.771647217262	4.32626595263927e-236
rep	1	3039.99560519134	3039.99560519134	37.1979290256327	1.46328741383475e-09
famID:plantID3	1194	414697.919965884	347.318190926201	4.24984739889807	7.55427880821643e-123
Residuals	1130	92349.0937223698	81.7248617012122	NA	NA

tli18

famID	9	50017.4801982195	5557.49779980216	92.2477283184189	1.74610863024688e-128
rep	1	25367.0847093128	25367.0847093128	421.062863682701	9.78828545493994e-80
famID:plantID3	1191	180342.518276321	151.421090072478	2.51340658725623	1.98815637630759e-53
Residuals	1125	67776.0324156305	60.2453621472271	NA	NA

thousand_grain_weight
stp17

famID	9	796.348495470879	88.483166163431	185.289502581599	6.68393211210309e-214
rep	1	0.229454410146719	0.229454410146719	0.480492452572418	0.488344611313079
famID:plantID3	1173	2321.8722698545	1.97943075008909	4.14505668119174	8.04058261337345e-117
Residuals	1108	529.114422258792	0.477540092291329	NA	NA

stp18

famID	9	714.953063415334	79.4392292683705	190.137547188007	1.93741432541883e-219
rep	1	32.2080834697089	32.2080834697089	77.0899472081782	5.91232172087809e-18
famID:plantID3	1187	1751.63920084206	1.47568593162769	3.53204966920864	8.05558413853298e-96
Residuals	1134	473.783780860796	0.417798748554494	NA	NA

tli17

famID	9	834.470853318485	92.7189837020539	190.354120279429	3.17607898141267e-218
rep	1	12.2006730879674	12.2006730879674	25.0482511751851	6.49410503245403e-07
famID:plantID3	1190	2049.45865865577	1.72223416693762	3.53578476243937	7.2397163975586e-95
Residuals	1114	542.614720881616	0.487086823053516	NA	NA

tli18

famID	9	104.714359573617	11.6349288415129	35.6138261278825	2.19051569848786e-36
rep	1	2.24574359491399	2.24574359491399	6.87408775820863	0.0094503454152714
famID:plantID3	545	358.944663379161	0.658614061246168	2.01597852312688	1.67472230488387e-08
Residuals	191	62.3991199583335	0.326696963132636	NA	NA

rachis_breaks_mean
stp17

NULL	NA	NA	2295	743.623257839721
famID	9	22.1642562978071	2286	721.459001541914
rep	1	0.24473624773816	2285	721.214265294176
famID:plantID3	1173	444.951911295973	1112	276.262353998203

stp18

NULL	NA	NA	2320	1466.28263679449
famID	9	93.9972684085797	2311	1372.28536838591
rep	1	0.847723794750436	2310	1371.43764459116
famID:plantID3	1187	878.9518794666	1123	492.485765124555

tli17

NULL	NA	NA	2316	1110.55848079413
famID	9	42.2705820746062	2307	1068.28789871952
rep	1	0.117815599813639	2306	1068.17008311971
famID:plantID3	1191	673.770889571323	1115	394.399193548387

tli18

NULL	NA	NA	2153	146.103992571959
famID	9	4.63611430284004	2144	141.467878269119
rep	1	1.95146114874598	2143	139.516417120373
famID:plantID3	1182	80.7804503844064	961	58.7359667359667

floret_score_mean
stp17

NULL	NA	NA	2282	5399.61191414805
famID	9	1273.71935338734	2273	4125.89256076071
rep	1	6.95063200347613	2272	4118.94192875723
famID:plantID3	1169	3290.65388527897	1103	828.288043478261

stp18

NULL	NA	NA	2317	3790.08973252804
famID	9	695.141300967181	2308	3094.94843156086
rep	1	0.572251183353274	2307	3094.37618037751
famID:plantID3	1186	2347.25095756111	1121	747.125222816399

tli17

NULL	NA	NA	2312	2782.1616947687
famID	9	309.325575347413	2303	2472.83611942129
rep	1	1.50848786554388	2302	2471.32763155574
famID:plantID3	1190	1782.36267198701	1112	688.964959568733

tli18

NULL	NA	NA	2139	69.0257009345794
famID	9	1.08280019566048	2130	67.942900738919
rep	1	0.798670199556796	2129	67.1442305393622
famID:plantID3	1180	36.9042305393622	949	30.24

threshability
stp17

famID	9	13.833329515976	1.53703661288622	311.1732516248	1.84955306762638e-296
rep	1	0.0732059469054444	0.0732059469054444	14.8205529691738	0.000124978029978936
famID:plantID3	1173	53.1443574843751	0.0453063576166881	9.17227768074285	1.23402935292025e-255
Residuals	1112	5.49271090816745	0.00493948822676929	NA	NA

stp18

famID	9	22.0224913321512	2.44694348135013	231.874769412658	7.78923418930983e-249
rep	1	0.377023775373991	0.377023775373991	35.7271435340622	3.04558344504695e-09
famID:plantID3	1187	82.6022278725098	0.0695890715016932	6.59432881514406	1.29391045378224e-195
Residuals	1122	11.840316188903	0.0105528664785232	NA	NA

tli17

famID	9	11.8704241721879	1.31893601913199	220.918600896413	1.33661511652426e-240
rep	1	0.00306570544454217	0.00306570544454217	0.513498265074675	0.473778591399997
famID:plantID3	1191	67.3214103256367	0.0565251136235404	9.46782014903311	5.45913145529908e-263
Residuals	1114	6.65084207192663	0.00597023525307597	NA	NA

tli18

famID	9	0.353284039250561	0.0392537821389512	3.40411750404462	0.000426657785760635
rep	1	0.0461026706569061	0.0461026706569061	3.99805826635617	0.0459893083500817
famID:plantID3	1032	21.8642085100066	0.0211862485562079	1.83728740583351	1.32349136180031e-16
Residuals	619	7.13785323659977	0.0115312653256862	NA	NA

