	rachis_breaks_mean
	C	D	p-value	C	D	p-value	C	D	p-value	C	D	p-value
WGN07	0.57	0.63	0.47	0.43	0.5	0.46	0.27	0.27	1	0	0	0.59
WGN15	0.83	0.8	0.59	0.61	0.68	0.49	0.67	0.68	0.91	0.03	0.02	0.76
WGN26	0.71	0.66	0.56	0.57	0.62	0.66	0.53	0.57	0.69	0.05	0.08	0.36
WGN36	0.89	0.98	0.29	1.24	1.2	0.77	0.71	0.52	0.1	0.12	0.09	0.58
WGN38	0.87	0.92	0.64	0.96	0.95	0.97	0.48	0.5	0.82	0	0.04	0.17
WGN39	0.91	0.87	0.63	0.95	0.78	0.14	0.74	0.61	0.26	0.14	0.15	0.91
WGN45	0.74	0.68	0.56	0.76	0.6	0.2	0.58	0.62	0.76	0.08	0.04	0.32
WGN46	0.86	0.73	0.11	0.77	0.77	0.99	0.53	0.57	0.67	0.07	0.09	0.54
WGN55	0.8	0.76	0.58	0.86	0.73	0.18	0.61	0.48	0.19	0.03	0.02	0.76
WGN63	0.79	0.94	0.06	0.75	1.02	0.05	0.69	0.9	0.06	0.06	0.15	0.05

	floret_score_mean
	C	D	p-value	C	D	p-value	C	D	p-value	C	D	p-value
WGN07	0.83	0.87	0.83	0.75	0.88	0.49	1.19	1.24	0.74	0	0.01	0.12
WGN15	0.66	0.54	0.47	0.71	0.61	0.48	0.91	0.81	0.49	0	0	0.82
WGN26	1.05	1.13	0.69	1.21	0.92	0.15	1.75	1.7	0.79	0.06	0.01	0.27
WGN36	0.69	0.57	0.54	0.74	0.69	0.75	1.09	1.09	0.98	0.01	0.04	0.11
WGN38	0.58	0.76	0.33	0.59	0.64	0.74	0.96	1.08	0.57	0.01	0.03	0.44
WGN39	2.79	3.33	0.07	2.31	2.53	0.37	1.94	2.15	0.18	0.02	0.05	0.4
WGN45	0.87	0.98	0.59	0.94	0.98	0.8	1.04	1	0.8	0.01	0.01	0.69
WGN46	1.09	1.11	0.94	1.18	1.11	0.74	1.32	1.36	0.81	0.04	0.08	0.29
WGN55	1.37	1.67	0.2	1.2	1.29	0.61	1.5	1.85	0.04	0.06	0.08	0.6
WGN63	1.84	1.95	0.68	1.97	1.62	0.14	1.54	1.46	0.57	0.03	0.01	0.39

	reproductive_tiller_ct
	C	D	p-value	C	D	p-value	C	D	p-value	C	D	p-value
WGN07	70.12	54.48	0	155.21	136.2	0.03	90.75	77.98	0.01	65.28	60.11	0.28
WGN15	78.81	66.76	0	182.5	166.15	0.05	102.22	102.12	0.98	91.81	95.85	0.54
WGN26	50.65	43.88	0.14	123.75	100.75	0.01	78.22	63.58	0	73.48	58.22	0.01
WGN36	70.02	61.19	0.05	153.2	135.7	0.03	90.35	91.46	0.82	75.07	76.2	0.86
WGN38	81.2	70.75	0.08	171.22	151.29	0.02	103.48	87.78	0.03	90.91	82.09	0.18
WGN39	100.83	99.46	0.78	202.44	204.1	0.83	123.07	122.24	0.87	75.2	74.3	0.88
WGN45	42.46	51.48	0.12	120.4	137.45	0.12	67.45	74.75	0.21	80.92	85.62	0.44
WGN46	81.21	82.63	0.77	165.54	158.31	0.25	104	93.78	0.04	88.14	79.32	0.12
WGN55	75.22	78.16	0.42	193.66	188.47	0.44	101.59	106.61	0.32	67.52	67.79	0.96
WGN63	88.02	84.54	0.37	201.1	196.03	0.48	113.43	119.02	0.21	94.11	96.22	0.69

	threshability
	C	D	p-value	C	D	p-value	C	D	p-value	C	D	p-value
WGN07	97.14	97.48	0.51	94.93	96.04	0.21	85.04	87.97	0.05	99.77	98.84	0.28
WGN15	87.22	85.63	0.58	83.24	79.63	0.32	68.69	65.45	0.42	97.04	99.39	0.26
WGN26	88.58	91.19	0.25	82.85	86.5	0.22	72.65	80.6	0.01	97.51	99.23	0.13
WGN36	93.88	93.48	0.79	88.75	88.09	0.77	81.93	81.32	0.78	98.78	99.44	0.47
WGN38	89.74	87.12	0.39	81.44	76.19	0.27	71.03	69.96	0.82	98.5	99	0.48
WGN39	87.06	85.1	0.38	77.41	73.59	0.25	71.75	71.32	0.86	97.95	98.17	0.91
WGN45	93.04	93.25	0.88	90.03	90.66	0.68	77.46	78.63	0.61	97.01	99.21	0.21
WGN46	95.03	97	0.02	91.15	93.05	0.17	81.45	82.05	0.75	98.69	98.12	0.43
WGN55	95.99	95.32	0.14	92.82	90.73	0.03	84.56	81.28	0.02	98.43	96.5	0.31
WGN63	83.74	83.05	0.76	75.67	76.97	0.68	73.31	72.43	0.68	99.28	99.31	0.93

	floret_site_utilization
	C	D	p-value	C	D	p-value	C	D	p-value	C	D	p-value
WGN07	44.09	42.21	0.19	55.99	54.38	0.42	35.99	29.96	0	4.13	4.1	0.97
WGN15	44.53	44.34	0.89	56.62	52.68	0.02	34.86	32.62	0.05	2.81	4.38	0.22
WGN26	43.93	41.8	0.2	54.94	55.87	0.68	35.55	33.34	0.13	5.76	4.7	0.2
WGN36	42.33	41.84	0.76	56.01	57.65	0.45	31.38	29.41	0.2	4.37	4.77	0.6
WGN38	40.36	37.96	0.14	50.52	49.19	0.52	30.14	24.38	0	5.29	3.98	0.29
WGN39	47.77	48.14	0.86	57.6	53.39	0.11	34.58	33.36	0.49	3.76	3.02	0.29
WGN45	43.08	42.91	0.93	56.97	58.4	0.53	34.17	34.16	1	5.08	3.35	0.05
WGN46	45.5	44.34	0.38	58.22	58.42	0.91	35.11	32.85	0.09	6.17	4.95	0.16
WGN55	47.73	46.81	0.4	63.93	59.86	0.04	36.86	36.34	0.68	3.86	5.45	0.09
WGN63	40.86	41.94	0.4	52.65	55.25	0.21	31.15	32.08	0.49	3.77	3.43	0.62

	height
	C	D	p-value	C	D	p-value	C	D	p-value	C	D	p-value
WGN07	107.05	98.27	0	123.93	116.31	0	101.83	91.93	0	83.86	81.03	0.09
WGN15	125.54	122.93	0.13	138.19	137.79	0.8	121.03	120.99	0.98	96.67	96.32	0.82
WGN26	119.88	115.4	0.05	137.42	135.75	0.39	114.12	108.4	0.02	94.53	91.92	0.09
WGN36	113.87	113.73	0.94	136.06	134.69	0.47	108.67	106.84	0.43	90.26	90.1	0.92
WGN38	109.82	104.15	0.01	131.64	126.77	0.03	103.06	94.92	0.01	90.71	86.69	0.04
WGN39	124.11	127.75	0.03	136.89	138.54	0.3	119.59	119.54	0.98	93.03	94.76	0.36
WGN45	117.82	120.56	0.26	135.86	137.3	0.57	111.41	115.98	0.1	97.35	96.91	0.82
WGN46	117.12	111.59	0.02	134.49	130.51	0.03	113.38	108.25	0.05	92.27	89.04	0.02
WGN55	120.79	118.82	0.19	141.31	139.19	0.14	119.09	115.5	0.14	90.19	89.4	0.62
WGN63	131.32	128.36	0.04	147.38	144.11	0.02	122.09	124.43	0.27	100.38	98.08	0.14

	thousand_grain_weight
	C	D	p-value	C	D	p-value	C	D	p-value	C	D	p-value
WGN07	8.43	8.43	1	7.29	7.35	0.7	6.77	7.05	0.07	5.3	5.2	0.6
WGN15	9.7	9.29	0.03	8.2	8.23	0.83	7.9	8.04	0.37	5.38	5.22	0.69
WGN26	9.54	10	0.03	8.26	8.74	0	8.15	8.57	0.02	5.49	5.99	0.02
WGN36	9.57	9.32	0.18	8.64	8.37	0.15	8.33	7.92	0.01	5.64	5.4	0.23
WGN38	9.33	9.35	0.95	8.39	8.68	0.13	7.69	7.71	0.93	5.18	5.46	0.16
WGN39	10.04	9.96	0.76	8.96	8.83	0.52	8.56	8.52	0.85	6.07	6.14	0.7
WGN45	9.18	9.17	0.97	8.06	8.12	0.73	7.28	7.54	0.13	5.55	5.38	0.27
WGN46	9.22	9.11	0.44	8.25	8.19	0.61	7.29	7.16	0.43	5.4	5.22	0.29
WGN55	9.27	9.03	0.14	7.97	7.94	0.85	7.6	7.47	0.35	5.01	5.28	0.11
WGN63	10.84	10.64	0.24	9.6	9.4	0.17	8.86	9.01	0.4	6.36	6.44	0.72

	rachis_breaks_mean
	C	D	p-value	C	D	p-value	C	D	p-value	C	D	p-value
WGN07	0.57	0.63	0.47	0.43	0.5	0.46	0.27	0.27	1	0	0	0.59
WGN15	0.83	0.8	0.59	0.61	0.68	0.49	0.67	0.68	0.91	0.03	0.02	0.76
WGN26	0.71	0.66	0.56	0.57	0.62	0.66	0.53	0.57	0.69	0.05	0.08	0.36
WGN36	0.89	0.98	0.29	1.24	1.2	0.77	0.71	0.52	0.1	0.12	0.09	0.58
WGN38	0.87	0.92	0.64	0.96	0.95	0.97	0.48	0.5	0.82	0	0.04	0.17
WGN39	0.91	0.87	0.63	0.95	0.78	0.14	0.74	0.61	0.26	0.14	0.15	0.91
WGN45	0.74	0.68	0.56	0.76	0.6	0.2	0.58	0.62	0.76	0.08	0.04	0.32
WGN46	0.86	0.73	0.11	0.77	0.77	0.99	0.53	0.57	0.67	0.07	0.09	0.54
WGN55	0.8	0.76	0.58	0.86	0.73	0.18	0.61	0.48	0.19	0.03	0.02	0.76
WGN63	0.79	0.94	0.06	0.75	1.02	0.05	0.69	0.9	0.06	0.06	0.15	0.05

	floret_score_mean
	C	D	p-value	C	D	p-value	C	D	p-value	C	D	p-value
WGN07	0.83	0.87	0.83	0.75	0.88	0.49	1.19	1.24	0.74	0	0.01	0.12
WGN15	0.66	0.54	0.47	0.71	0.61	0.48	0.91	0.81	0.49	0	0	0.82
WGN26	1.05	1.13	0.69	1.21	0.92	0.15	1.75	1.7	0.79	0.06	0.01	0.27
WGN36	0.69	0.57	0.54	0.74	0.69	0.75	1.09	1.09	0.98	0.01	0.04	0.11
WGN38	0.58	0.76	0.33	0.59	0.64	0.74	0.96	1.08	0.57	0.01	0.03	0.44
WGN39	2.79	3.33	0.07	2.31	2.53	0.37	1.94	2.15	0.18	0.02	0.05	0.4
WGN45	0.87	0.98	0.59	0.94	0.98	0.8	1.04	1	0.8	0.01	0.01	0.69
WGN46	1.09	1.11	0.94	1.18	1.11	0.74	1.32	1.36	0.81	0.04	0.08	0.29
WGN55	1.37	1.67	0.2	1.2	1.29	0.61	1.5	1.85	0.04	0.06	0.08	0.6
WGN63	1.84	1.95	0.68	1.97	1.62	0.14	1.54	1.46	0.57	0.03	0.01	0.39

	reproductive_tiller_ct
	C	D	p-value	C	D	p-value	C	D	p-value	C	D	p-value
WGN07	70.12	54.48	0	155.21	136.2	0.03	90.75	77.98	0.01	65.28	60.11	0.28
WGN15	78.81	66.76	0	182.5	166.15	0.05	102.22	102.12	0.98	91.81	95.85	0.54
WGN26	50.65	43.88	0.14	123.75	100.75	0.01	78.22	63.58	0	73.48	58.22	0.01
WGN36	70.02	61.19	0.05	153.2	135.7	0.03	90.35	91.46	0.82	75.07	76.2	0.86
WGN38	81.2	70.75	0.08	171.22	151.29	0.02	103.48	87.78	0.03	90.91	82.09	0.18
WGN39	100.83	99.46	0.78	202.44	204.1	0.83	123.07	122.24	0.87	75.2	74.3	0.88
WGN45	42.46	51.48	0.12	120.4	137.45	0.12	67.45	74.75	0.21	80.92	85.62	0.44
WGN46	81.21	82.63	0.77	165.54	158.31	0.25	104	93.78	0.04	88.14	79.32	0.12
WGN55	75.22	78.16	0.42	193.66	188.47	0.44	101.59	106.61	0.32	67.52	67.79	0.96
WGN63	88.02	84.54	0.37	201.1	196.03	0.48	113.43	119.02	0.21	94.11	96.22	0.69

	threshability
	C	D	p-value	C	D	p-value	C	D	p-value	C	D	p-value
WGN07	97.14	97.48	0.51	94.93	96.04	0.21	85.04	87.97	0.05	99.77	98.84	0.28
WGN15	87.22	85.63	0.58	83.24	79.63	0.32	68.69	65.45	0.42	97.04	99.39	0.26
WGN26	88.58	91.19	0.25	82.85	86.5	0.22	72.65	80.6	0.01	97.51	99.23	0.13
WGN36	93.88	93.48	0.79	88.75	88.09	0.77	81.93	81.32	0.78	98.78	99.44	0.47
WGN38	89.74	87.12	0.39	81.44	76.19	0.27	71.03	69.96	0.82	98.5	99	0.48
WGN39	87.06	85.1	0.38	77.41	73.59	0.25	71.75	71.32	0.86	97.95	98.17	0.91
WGN45	93.04	93.25	0.88	90.03	90.66	0.68	77.46	78.63	0.61	97.01	99.21	0.21
WGN46	95.03	97	0.02	91.15	93.05	0.17	81.45	82.05	0.75	98.69	98.12	0.43
WGN55	95.99	95.32	0.14	92.82	90.73	0.03	84.56	81.28	0.02	98.43	96.5	0.31
WGN63	83.74	83.05	0.76	75.67	76.97	0.68	73.31	72.43	0.68	99.28	99.31	0.93

	floret_site_utilization
	C	D	p-value	C	D	p-value	C	D	p-value	C	D	p-value
WGN07	44.09	42.21	0.19	55.99	54.38	0.42	35.99	29.96	0	4.13	4.1	0.97
WGN15	44.53	44.34	0.89	56.62	52.68	0.02	34.86	32.62	0.05	2.81	4.38	0.22
WGN26	43.93	41.8	0.2	54.94	55.87	0.68	35.55	33.34	0.13	5.76	4.7	0.2
WGN36	42.33	41.84	0.76	56.01	57.65	0.45	31.38	29.41	0.2	4.37	4.77	0.6
WGN38	40.36	37.96	0.14	50.52	49.19	0.52	30.14	24.38	0	5.29	3.98	0.29
WGN39	47.77	48.14	0.86	57.6	53.39	0.11	34.58	33.36	0.49	3.76	3.02	0.29
WGN45	43.08	42.91	0.93	56.97	58.4	0.53	34.17	34.16	1	5.08	3.35	0.05
WGN46	45.5	44.34	0.38	58.22	58.42	0.91	35.11	32.85	0.09	6.17	4.95	0.16
WGN55	47.73	46.81	0.4	63.93	59.86	0.04	36.86	36.34	0.68	3.86	5.45	0.09
WGN63	40.86	41.94	0.4	52.65	55.25	0.21	31.15	32.08	0.49	3.77	3.43	0.62

	height
	C	D	p-value	C	D	p-value	C	D	p-value	C	D	p-value
WGN07	107.05	98.27	0	123.93	116.31	0	101.83	91.93	0	83.86	81.03	0.09
WGN15	125.54	122.93	0.13	138.19	137.79	0.8	121.03	120.99	0.98	96.67	96.32	0.82
WGN26	119.88	115.4	0.05	137.42	135.75	0.39	114.12	108.4	0.02	94.53	91.92	0.09
WGN36	113.87	113.73	0.94	136.06	134.69	0.47	108.67	106.84	0.43	90.26	90.1	0.92
WGN38	109.82	104.15	0.01	131.64	126.77	0.03	103.06	94.92	0.01	90.71	86.69	0.04
WGN39	124.11	127.75	0.03	136.89	138.54	0.3	119.59	119.54	0.98	93.03	94.76	0.36
WGN45	117.82	120.56	0.26	135.86	137.3	0.57	111.41	115.98	0.1	97.35	96.91	0.82
WGN46	117.12	111.59	0.02	134.49	130.51	0.03	113.38	108.25	0.05	92.27	89.04	0.02
WGN55	120.79	118.82	0.19	141.31	139.19	0.14	119.09	115.5	0.14	90.19	89.4	0.62
WGN63	131.32	128.36	0.04	147.38	144.11	0.02	122.09	124.43	0.27	100.38	98.08	0.14

	thousand_grain_weight
	C	D	p-value	C	D	p-value	C	D	p-value	C	D	p-value
WGN07	8.43	8.43	1	7.29	7.35	0.7	6.77	7.05	0.07	5.3	5.2	0.6
WGN15	9.7	9.29	0.03	8.2	8.23	0.83	7.9	8.04	0.37	5.38	5.22	0.69
WGN26	9.54	10	0.03	8.26	8.74	0	8.15	8.57	0.02	5.49	5.99	0.02
WGN36	9.57	9.32	0.18	8.64	8.37	0.15	8.33	7.92	0.01	5.64	5.4	0.23
WGN38	9.33	9.35	0.95	8.39	8.68	0.13	7.69	7.71	0.93	5.18	5.46	0.16
WGN39	10.04	9.96	0.76	8.96	8.83	0.52	8.56	8.52	0.85	6.07	6.14	0.7
WGN45	9.18	9.17	0.97	8.06	8.12	0.73	7.28	7.54	0.13	5.55	5.38	0.27
WGN46	9.22	9.11	0.44	8.25	8.19	0.61	7.29	7.16	0.43	5.4	5.22	0.29
WGN55	9.27	9.03	0.14	7.97	7.94	0.85	7.6	7.47	0.35	5.01	5.28	0.11
WGN63	10.84	10.64	0.24	9.6	9.4	0.17	8.86	9.01	0.4	6.36	6.44	0.72

	rachis_breaks_mean
	C	D	p-value	C	D	p-value	C	D	p-value	C	D	p-value
WGN07	0.57	0.63	0.47	0.43	0.5	0.46	0.27	0.27	1	0	0	0.59
WGN15	0.83	0.8	0.59	0.61	0.68	0.49	0.67	0.68	0.91	0.03	0.02	0.76
WGN26	0.71	0.66	0.56	0.57	0.62	0.66	0.53	0.57	0.69	0.05	0.08	0.36
WGN36	0.89	0.98	0.29	1.24	1.2	0.77	0.71	0.52	0.1	0.12	0.09	0.58
WGN38	0.87	0.92	0.64	0.96	0.95	0.97	0.48	0.5	0.82	0	0.04	0.17
WGN39	0.91	0.87	0.63	0.95	0.78	0.14	0.74	0.61	0.26	0.14	0.15	0.91
WGN45	0.74	0.68	0.56	0.76	0.6	0.2	0.58	0.62	0.76	0.08	0.04	0.32
WGN46	0.86	0.73	0.11	0.77	0.77	0.99	0.53	0.57	0.67	0.07	0.09	0.54
WGN55	0.8	0.76	0.58	0.86	0.73	0.18	0.61	0.48	0.19	0.03	0.02	0.76
WGN63	0.79	0.94	0.06	0.75	1.02	0.05	0.69	0.9	0.06	0.06	0.15	0.05

	floret_score_mean
	C	D	p-value	C	D	p-value	C	D	p-value	C	D	p-value
WGN07	0.83	0.87	0.83	0.75	0.88	0.49	1.19	1.24	0.74	0	0.01	0.12
WGN15	0.66	0.54	0.47	0.71	0.61	0.48	0.91	0.81	0.49	0	0	0.82
WGN26	1.05	1.13	0.69	1.21	0.92	0.15	1.75	1.7	0.79	0.06	0.01	0.27
WGN36	0.69	0.57	0.54	0.74	0.69	0.75	1.09	1.09	0.98	0.01	0.04	0.11
WGN38	0.58	0.76	0.33	0.59	0.64	0.74	0.96	1.08	0.57	0.01	0.03	0.44
WGN39	2.79	3.33	0.07	2.31	2.53	0.37	1.94	2.15	0.18	0.02	0.05	0.4
WGN45	0.87	0.98	0.59	0.94	0.98	0.8	1.04	1	0.8	0.01	0.01	0.69
WGN46	1.09	1.11	0.94	1.18	1.11	0.74	1.32	1.36	0.81	0.04	0.08	0.29
WGN55	1.37	1.67	0.2	1.2	1.29	0.61	1.5	1.85	0.04	0.06	0.08	0.6
WGN63	1.84	1.95	0.68	1.97	1.62	0.14	1.54	1.46	0.57	0.03	0.01	0.39

	threshability
	C	D	p-value	C	D	p-value	C	D	p-value	C	D	p-value
WGN07	97.14	97.48	0.51	94.93	96.04	0.21	85.04	87.97	0.05	99.77	98.84	0.28
WGN15	87.22	85.63	0.58	83.24	79.63	0.32	68.69	65.45	0.42	97.04	99.39	0.26
WGN26	88.58	91.19	0.25	82.85	86.5	0.22	72.65	80.6	0.01	97.51	99.23	0.13
WGN36	93.88	93.48	0.79	88.75	88.09	0.77	81.93	81.32	0.78	98.78	99.44	0.47
WGN38	89.74	87.12	0.39	81.44	76.19	0.27	71.03	69.96	0.82	98.5	99	0.48
WGN39	87.06	85.1	0.38	77.41	73.59	0.25	71.75	71.32	0.86	97.95	98.17	0.91
WGN45	93.04	93.25	0.88	90.03	90.66	0.68	77.46	78.63	0.61	97.01	99.21	0.21
WGN46	95.03	97	0.02	91.15	93.05	0.17	81.45	82.05	0.75	98.69	98.12	0.43
WGN55	95.99	95.32	0.14	92.82	90.73	0.03	84.56	81.28	0.02	98.43	96.5	0.31
WGN63	83.74	83.05	0.76	75.67	76.97	0.68	73.31	72.43	0.68	99.28	99.31	0.93

