	rachis_breaks_mean
famID	STP_2017	STP_2018	TLI_2017	TLI_2018
1	WGN07	0.33	0	0	0
2	WGN15	0.4	0	0.5	0
3	WGN26	1	0.33	0.17	0
4	WGN36	0.83	1.33	0.33	0.4
5	WGN38	0.4	0.4	0.17	0.17
6	WGN39	1	0.67	0.5	0
7	WGN45	0	0.17	0	0
8	WGN46	0.6	0.75	0.33	0.5
9	WGN55	0.83	0.4	0.17	0
10	WGN59	1.18	1.44	1.28	0.02
11	WGN63	0.67	1	1.17	0.33

	floret_score_mean
famID	STP_2017	STP_2018	TLI_2017	TLI_2018
1	WGN07	1.67	1.83	1.5	0
2	WGN15	0	0	0.33	0
3	WGN26	4.17	4.67	3.33	0.5
4	WGN36	0.83	0.83	1.17	0
5	WGN38	0.6	1.6	0.33	0
6	WGN39	6.17	5.17	2.17	0.25
7	WGN45	0.4	0.83	0.83	0
8	WGN46	1	0.75	1	0
9	WGN55	2.33	0.6	2.5	0.2
10	WGN59	0.12	0.1	0.64	0
11	WGN63	2.5	3.67	1.5	0

	reproductive_tiller_ct
famID	STP_2017	STP_2018	TLI_2017	TLI_2018
1	WGN07	37.83	89.33	53.5	34.75
2	WGN15	106.8	228.2	115.67	131.5
3	WGN26	34.5	94.83	75.5	90
4	WGN36	73	141.17	70.33	122.5
5	WGN38	69.8	172.8	85.83	115
6	WGN39	99.17	226.5	146.83	93.67
7	WGN45	29	105.17	56.17	132.33
8	WGN46	58.2	119.83	90.33	79.67
9	WGN55	59	176	80.5	88.6
10	WGN59	37.98	108.22	49.71	65.6
11	WGN63	57.17	186.5	91.17	141

	threshability
famID	STP_2017	STP_2018	TLI_2017	TLI_2018
1	WGN07	98.33	93.67	87.33	99.75
2	WGN15	93.2	83	74.17	100
3	WGN26	88.17	82.5	78.33	90
4	WGN36	94.67	88.17	85.83	87.5
5	WGN38	82	64	59.17	99.67
6	WGN39	85.33	65	70	100
7	WGN45	91.83	93.17	84.17	91.33
8	WGN46	95.4	92	75	88.33
9	WGN55	92.67	89.4	81.67	99.5
10	WGN59	97.48	97.52	87.51	99.51
11	WGN63	70.83	50.83	63.33	100

	floret_site_utilization
famID	STP_2017	STP_2018	TLI_2017	TLI_2018
1	WGN07	42.52	53.9	31.26	3.24
2	WGN15	49.13	52.99	28.62	NA
3	WGN26	37.85	57.01	38.21	6.6
4	WGN36	36.17	52.34	12.16	NA
5	WGN38	27.56	42.49	11.29	NA
6	WGN39	39.55	48.44	34.01	NA
7	WGN45	38.41	61.89	27.54	3.04
8	WGN46	40.32	70.23	21.99	5.97
9	WGN55	51.05	62.15	38.78	NA
10	WGN59	49.73	61.8	39.86	4.74
11	WGN63	14.06	44.2	19.27	2.31

	height
famID	STP_2017	STP_2018	TLI_2017	TLI_2018
1	WGN07	78.33	90	60	68.75
2	WGN15	126	137	123.33	98.33
3	WGN26	119.17	149.17	119.17	110.83
4	WGN36	94.17	130.83	87.5	90.83
5	WGN38	88	114	85.83	89.17
6	WGN39	120	132.5	118.33	96.67
7	WGN45	116.67	136.67	120	114.17
8	WGN46	92	122	100	80.83
9	WGN55	111.67	132.5	97.5	79.17
10	WGN59	117.95	136.31	104.44	93
11	WGN63	134.17	144.17	129.17	105

	thousand_grain_weight
famID	STP_2017	STP_2018	TLI_2017	TLI_2018
1	WGN07	7.17	5.69	5.32	5.31
2	WGN15	8.56	7.82	8.27	NA
3	WGN26	10.84	9.39	8.62	6.48
4	WGN36	10.18	9.43	9.17	NA
5	WGN38	8.82	8.85	6.97	NA
6	WGN39	11.53	10.94	9.46	NA
7	WGN45	8.89	8.03	6.81	5.28
8	WGN46	7.47	7.59	4.98	4.62
9	WGN55	7.9	6.99	6.71	NA
10	WGN59	9.53	8.67	8.43	5.55
11	WGN63	10.66	11.26	9.9	8.25

	rachis_breaks_mean
famID	STP_2017	STP_2018	TLI_2017	TLI_2018
1	WGN07	0.33	0	0	0
2	WGN15	0.4	0	0.5	0
3	WGN26	1	0.33	0.17	0
4	WGN36	0.83	1.33	0.33	0.4
5	WGN38	0.4	0.4	0.17	0.17
6	WGN39	1	0.67	0.5	0
7	WGN45	0	0.17	0	0
8	WGN46	0.6	0.75	0.33	0.5
9	WGN55	0.83	0.4	0.17	0
10	WGN59	1.18	1.44	1.28	0.02
11	WGN63	0.67	1	1.17	0.33

	floret_score_mean
famID	STP_2017	STP_2018	TLI_2017	TLI_2018
1	WGN07	1.67	1.83	1.5	0
2	WGN15	0	0	0.33	0
3	WGN26	4.17	4.67	3.33	0.5
4	WGN36	0.83	0.83	1.17	0
5	WGN38	0.6	1.6	0.33	0
6	WGN39	6.17	5.17	2.17	0.25
7	WGN45	0.4	0.83	0.83	0
8	WGN46	1	0.75	1	0
9	WGN55	2.33	0.6	2.5	0.2
10	WGN59	0.12	0.1	0.64	0
11	WGN63	2.5	3.67	1.5	0

	reproductive_tiller_ct
famID	STP_2017	STP_2018	TLI_2017	TLI_2018
1	WGN07	37.83	89.33	53.5	34.75
2	WGN15	106.8	228.2	115.67	131.5
3	WGN26	34.5	94.83	75.5	90
4	WGN36	73	141.17	70.33	122.5
5	WGN38	69.8	172.8	85.83	115
6	WGN39	99.17	226.5	146.83	93.67
7	WGN45	29	105.17	56.17	132.33
8	WGN46	58.2	119.83	90.33	79.67
9	WGN55	59	176	80.5	88.6
10	WGN59	37.98	108.22	49.71	65.6
11	WGN63	57.17	186.5	91.17	141

	threshability
famID	STP_2017	STP_2018	TLI_2017	TLI_2018
1	WGN07	98.33	93.67	87.33	99.75
2	WGN15	93.2	83	74.17	100
3	WGN26	88.17	82.5	78.33	90
4	WGN36	94.67	88.17	85.83	87.5
5	WGN38	82	64	59.17	99.67
6	WGN39	85.33	65	70	100
7	WGN45	91.83	93.17	84.17	91.33
8	WGN46	95.4	92	75	88.33
9	WGN55	92.67	89.4	81.67	99.5
10	WGN59	97.48	97.52	87.51	99.51
11	WGN63	70.83	50.83	63.33	100

	floret_site_utilization
famID	STP_2017	STP_2018	TLI_2017	TLI_2018
1	WGN07	42.52	53.9	31.26	3.24
2	WGN15	49.13	52.99	28.62	NA
3	WGN26	37.85	57.01	38.21	6.6
4	WGN36	36.17	52.34	12.16	NA
5	WGN38	27.56	42.49	11.29	NA
6	WGN39	39.55	48.44	34.01	NA
7	WGN45	38.41	61.89	27.54	3.04
8	WGN46	40.32	70.23	21.99	5.97
9	WGN55	51.05	62.15	38.78	NA
10	WGN59	49.73	61.8	39.86	4.74
11	WGN63	14.06	44.2	19.27	2.31

	height
famID	STP_2017	STP_2018	TLI_2017	TLI_2018
1	WGN07	78.33	90	60	68.75
2	WGN15	126	137	123.33	98.33
3	WGN26	119.17	149.17	119.17	110.83
4	WGN36	94.17	130.83	87.5	90.83
5	WGN38	88	114	85.83	89.17
6	WGN39	120	132.5	118.33	96.67
7	WGN45	116.67	136.67	120	114.17
8	WGN46	92	122	100	80.83
9	WGN55	111.67	132.5	97.5	79.17
10	WGN59	117.95	136.31	104.44	93
11	WGN63	134.17	144.17	129.17	105

	thousand_grain_weight
famID	STP_2017	STP_2018	TLI_2017	TLI_2018
1	WGN07	7.17	5.69	5.32	5.31
2	WGN15	8.56	7.82	8.27	NA
3	WGN26	10.84	9.39	8.62	6.48
4	WGN36	10.18	9.43	9.17	NA
5	WGN38	8.82	8.85	6.97	NA
6	WGN39	11.53	10.94	9.46	NA
7	WGN45	8.89	8.03	6.81	5.28
8	WGN46	7.47	7.59	4.98	4.62
9	WGN55	7.9	6.99	6.71	NA
10	WGN59	9.53	8.67	8.43	5.55
11	WGN63	10.66	11.26	9.9	8.25

	rachis_breaks_mean
famID	STP_2017	STP_2018	TLI_2017	TLI_2018
1	WGN07	0.33	0	0	0
2	WGN15	0.4	0	0.5	0
3	WGN26	1	0.33	0.17	0
4	WGN36	0.83	1.33	0.33	0.4
5	WGN38	0.4	0.4	0.17	0.17
6	WGN39	1	0.67	0.5	0
7	WGN45	0	0.17	0	0
8	WGN46	0.6	0.75	0.33	0.5
9	WGN55	0.83	0.4	0.17	0
10	WGN59	1.18	1.44	1.28	0.02
11	WGN63	0.67	1	1.17	0.33

	floret_score_mean
famID	STP_2017	STP_2018	TLI_2017	TLI_2018
1	WGN07	1.67	1.83	1.5	0
2	WGN15	0	0	0.33	0
3	WGN26	4.17	4.67	3.33	0.5
4	WGN36	0.83	0.83	1.17	0
5	WGN38	0.6	1.6	0.33	0
6	WGN39	6.17	5.17	2.17	0.25
7	WGN45	0.4	0.83	0.83	0
8	WGN46	1	0.75	1	0
9	WGN55	2.33	0.6	2.5	0.2
10	WGN59	0.12	0.1	0.64	0
11	WGN63	2.5	3.67	1.5	0

	reproductive_tiller_ct
famID	STP_2017	STP_2018	TLI_2017	TLI_2018
1	WGN07	37.83	89.33	53.5	34.75
2	WGN15	106.8	228.2	115.67	131.5
3	WGN26	34.5	94.83	75.5	90
4	WGN36	73	141.17	70.33	122.5
5	WGN38	69.8	172.8	85.83	115
6	WGN39	99.17	226.5	146.83	93.67
7	WGN45	29	105.17	56.17	132.33
8	WGN46	58.2	119.83	90.33	79.67
9	WGN55	59	176	80.5	88.6
10	WGN59	37.98	108.22	49.71	65.6
11	WGN63	57.17	186.5	91.17	141

	threshability
famID	STP_2017	STP_2018	TLI_2017	TLI_2018
1	WGN07	98.33	93.67	87.33	99.75
2	WGN15	93.2	83	74.17	100
3	WGN26	88.17	82.5	78.33	90
4	WGN36	94.67	88.17	85.83	87.5
5	WGN38	82	64	59.17	99.67
6	WGN39	85.33	65	70	100
7	WGN45	91.83	93.17	84.17	91.33
8	WGN46	95.4	92	75	88.33
9	WGN55	92.67	89.4	81.67	99.5
10	WGN59	97.48	97.52	87.51	99.51
11	WGN63	70.83	50.83	63.33	100

	floret_site_utilization
famID	STP_2017	STP_2018	TLI_2017	TLI_2018
1	WGN07	42.52	53.9	31.26	3.24
2	WGN15	49.13	52.99	28.62	NA
3	WGN26	37.85	57.01	38.21	6.6
4	WGN36	36.17	52.34	12.16	NA
5	WGN38	27.56	42.49	11.29	NA
6	WGN39	39.55	48.44	34.01	NA
7	WGN45	38.41	61.89	27.54	3.04
8	WGN46	40.32	70.23	21.99	5.97
9	WGN55	51.05	62.15	38.78	NA
10	WGN59	49.73	61.8	39.86	4.74
11	WGN63	14.06	44.2	19.27	2.31

	height
famID	STP_2017	STP_2018	TLI_2017	TLI_2018
1	WGN07	78.33	90	60	68.75
2	WGN15	126	137	123.33	98.33
3	WGN26	119.17	149.17	119.17	110.83
4	WGN36	94.17	130.83	87.5	90.83
5	WGN38	88	114	85.83	89.17
6	WGN39	120	132.5	118.33	96.67
7	WGN45	116.67	136.67	120	114.17
8	WGN46	92	122	100	80.83
9	WGN55	111.67	132.5	97.5	79.17
10	WGN59	117.95	136.31	104.44	93
11	WGN63	134.17	144.17	129.17	105

	thousand_grain_weight
famID	STP_2017	STP_2018	TLI_2017	TLI_2018
1	WGN07	7.17	5.69	5.32	5.31
2	WGN15	8.56	7.82	8.27	NA
3	WGN26	10.84	9.39	8.62	6.48
4	WGN36	10.18	9.43	9.17	NA
5	WGN38	8.82	8.85	6.97	NA
6	WGN39	11.53	10.94	9.46	NA
7	WGN45	8.89	8.03	6.81	5.28
8	WGN46	7.47	7.59	4.98	4.62
9	WGN55	7.9	6.99	6.71	NA
10	WGN59	9.53	8.67	8.43	5.55
11	WGN63	10.66	11.26	9.9	8.25

	rachis_breaks_mean
famID	STP_2017	STP_2018	TLI_2017	TLI_2018
1	WGN07	0.33	0	0	0
2	WGN15	0.4	0	0.5	0
3	WGN26	1	0.33	0.17	0
4	WGN36	0.83	1.33	0.33	0.4
5	WGN38	0.4	0.4	0.17	0.17
6	WGN39	1	0.67	0.5	0
7	WGN45	0	0.17	0	0
8	WGN46	0.6	0.75	0.33	0.5
9	WGN55	0.83	0.4	0.17	0
10	WGN59	1.18	1.44	1.28	0.02
11	WGN63	0.67	1	1.17	0.33

	floret_score_mean
famID	STP_2017	STP_2018	TLI_2017	TLI_2018
1	WGN07	1.67	1.83	1.5	0
2	WGN15	0	0	0.33	0
3	WGN26	4.17	4.67	3.33	0.5
4	WGN36	0.83	0.83	1.17	0
5	WGN38	0.6	1.6	0.33	0
6	WGN39	6.17	5.17	2.17	0.25
7	WGN45	0.4	0.83	0.83	0
8	WGN46	1	0.75	1	0
9	WGN55	2.33	0.6	2.5	0.2
10	WGN59	0.12	0.1	0.64	0
11	WGN63	2.5	3.67	1.5	0

	threshability
famID	STP_2017	STP_2018	TLI_2017	TLI_2018
1	WGN07	98.33	93.67	87.33	99.75
2	WGN15	93.2	83	74.17	100
3	WGN26	88.17	82.5	78.33	90
4	WGN36	94.67	88.17	85.83	87.5
5	WGN38	82	64	59.17	99.67
6	WGN39	85.33	65	70	100
7	WGN45	91.83	93.17	84.17	91.33
8	WGN46	95.4	92	75	88.33
9	WGN55	92.67	89.4	81.67	99.5
10	WGN59	97.48	97.52	87.51	99.51
11	WGN63	70.83	50.83	63.33	100

	rachis_breaks_mean
famID	STP_2017	STP_2018	TLI_2017	TLI_2018
1	WGN07	0.33	0	0	0
2	WGN15	0.4	0	0.5	0
3	WGN26	1	0.33	0.17	0
4	WGN36	0.83	1.33	0.33	0.4
5	WGN38	0.4	0.4	0.17	0.17
6	WGN39	1	0.67	0.5	0
7	WGN45	0	0.17	0	0
8	WGN46	0.6	0.75	0.33	0.5
9	WGN55	0.83	0.4	0.17	0
10	WGN59	1.18	1.44	1.28	0.02
11	WGN63	0.67	1	1.17	0.33

	floret_score_mean
famID	STP_2017	STP_2018	TLI_2017	TLI_2018
1	WGN07	1.67	1.83	1.5	0
2	WGN15	0	0	0.33	0
3	WGN26	4.17	4.67	3.33	0.5
4	WGN36	0.83	0.83	1.17	0
5	WGN38	0.6	1.6	0.33	0
6	WGN39	6.17	5.17	2.17	0.25
7	WGN45	0.4	0.83	0.83	0
8	WGN46	1	0.75	1	0
9	WGN55	2.33	0.6	2.5	0.2
10	WGN59	0.12	0.1	0.64	0
11	WGN63	2.5	3.67	1.5	0

	threshability
famID	STP_2017	STP_2018	TLI_2017	TLI_2018
1	WGN07	98.33	93.67	87.33	99.75
2	WGN15	93.2	83	74.17	100
3	WGN26	88.17	82.5	78.33	90
4	WGN36	94.67	88.17	85.83	87.5
5	WGN38	82	64	59.17	99.67
6	WGN39	85.33	65	70	100
7	WGN45	91.83	93.17	84.17	91.33
8	WGN46	95.4	92	75	88.33
9	WGN55	92.67	89.4	81.67	99.5
10	WGN59	97.48	97.52	87.51	99.51
11	WGN63	70.83	50.83	63.33	100

	rachis_breaks_mean
famID	STP_2017	STP_2018	TLI_2017	TLI_2018
1	WGN07	0.33	0	0	0
2	WGN15	0.4	0	0.5	0
3	WGN26	1	0.33	0.17	0
4	WGN36	0.83	1.33	0.33	0.4
5	WGN38	0.4	0.4	0.17	0.17
6	WGN39	1	0.67	0.5	0
7	WGN45	0	0.17	0	0
8	WGN46	0.6	0.75	0.33	0.5
9	WGN55	0.83	0.4	0.17	0
10	WGN59	1.18	1.44	1.28	0.02
11	WGN63	0.67	1	1.17	0.33

	floret_score_mean
famID	STP_2017	STP_2018	TLI_2017	TLI_2018
1	WGN07	1.67	1.83	1.5	0
2	WGN15	0	0	0.33	0
3	WGN26	4.17	4.67	3.33	0.5
4	WGN36	0.83	0.83	1.17	0
5	WGN38	0.6	1.6	0.33	0
6	WGN39	6.17	5.17	2.17	0.25
7	WGN45	0.4	0.83	0.83	0
8	WGN46	1	0.75	1	0
9	WGN55	2.33	0.6	2.5	0.2
10	WGN59	0.12	0.1	0.64	0
11	WGN63	2.5	3.67	1.5	0

	threshability
famID	STP_2017	STP_2018	TLI_2017	TLI_2018
1	WGN07	98.33	93.67	87.33	99.75
2	WGN15	93.2	83	74.17	100
3	WGN26	88.17	82.5	78.33	90
4	WGN36	94.67	88.17	85.83	87.5
5	WGN38	82	64	59.17	99.67
6	WGN39	85.33	65	70	100
7	WGN45	91.83	93.17	84.17	91.33
8	WGN46	95.4	92	75	88.33
9	WGN55	92.67	89.4	81.67	99.5
10	WGN59	97.48	97.52	87.51	99.51
11	WGN63	70.83	50.83	63.33	100

	threshability
famID	STP_2017	STP_2018	TLI_2017	TLI_2018
1	WGN07	98.33	93.67	87.33	99.75
2	WGN15	93.2	83	74.17	100
3	WGN26	88.17	82.5	78.33	90
4	WGN36	94.67	88.17	85.83	87.5
5	WGN38	82	64	59.17	99.67
6	WGN39	85.33	65	70	100
7	WGN45	91.83	93.17	84.17	91.33
8	WGN46	95.4	92	75	88.33
9	WGN55	92.67	89.4	81.67	99.5
10	WGN59	97.48	97.52	87.51	99.51
11	WGN63	70.83	50.83	63.33	100

	rachis_breaks_mean
famID	STP_2017	STP_2018	TLI_2017	TLI_2018
1	WGN07	0.33	0	0	0
2	WGN15	0.4	0	0.5	0
3	WGN26	1	0.33	0.17	0
4	WGN36	0.83	1.33	0.33	0.4
5	WGN38	0.4	0.4	0.17	0.17
6	WGN39	1	0.67	0.5	0
7	WGN45	0	0.17	0	0
8	WGN46	0.6	0.75	0.33	0.5
9	WGN55	0.83	0.4	0.17	0
10	WGN59	1.18	1.44	1.28	0.02
11	WGN63	0.67	1	1.17	0.33

	floret_score_mean
famID	STP_2017	STP_2018	TLI_2017	TLI_2018
1	WGN07	1.67	1.83	1.5	0
2	WGN15	0	0	0.33	0
3	WGN26	4.17	4.67	3.33	0.5
4	WGN36	0.83	0.83	1.17	0
5	WGN38	0.6	1.6	0.33	0
6	WGN39	6.17	5.17	2.17	0.25
7	WGN45	0.4	0.83	0.83	0
8	WGN46	1	0.75	1	0
9	WGN55	2.33	0.6	2.5	0.2
10	WGN59	0.12	0.1	0.64	0
11	WGN63	2.5	3.67	1.5	0

	threshability
famID	STP_2017	STP_2018	TLI_2017	TLI_2018
1	WGN07	98.33	93.67	87.33	99.75
2	WGN15	93.2	83	74.17	100
3	WGN26	88.17	82.5	78.33	90
4	WGN36	94.67	88.17	85.83	87.5
5	WGN38	82	64	59.17	99.67
6	WGN39	85.33	65	70	100
7	WGN45	91.83	93.17	84.17	91.33
8	WGN46	95.4	92	75	88.33
9	WGN55	92.67	89.4	81.67	99.5
10	WGN59	97.48	97.52	87.51	99.51
11	WGN63	70.83	50.83	63.33	100

