plantID3	famID	emmean	SE	df	lower.CL	upper.CL
1	WGN07	0.5525	0.100502159832292	1108	0.355303976063254	0.749696023936746
2	WGN07	1.04152777777766	0.100502159832309	1108	0.844331753840874	1.23872380171444
3	WGN07	1.16816666666649	0.100502159832324	1108	0.970970642729679	1.3653626906033
4	WGN07	0.83227777777766	0.100502159832322	1108	0.635081753840854	1.02947380171446
5	WGN07	1.08	0.100502159832318	1108	0.8828039760632	1.2771960239368
6	WGN07	0.375222222222194	0.10050215983232	1108	0.178026198285392	0.572418246158996
7	WGN07	0.938374999999993	0.100502159832321	1108	0.74117897606319	1.1355710239368
8	WGN07	0.968954545454522	0.10050215983232	1108	0.771758521517721	1.16615056939132
9	WGN07	1.31399999999999	0.100502159832318	1108	1.11680397606319	1.51119602393679
10	WGN07	0.85999999999998	0.10050215983232	1108	0.662803976063179	1.05719602393678
11	WGN07	0.96163636363637	0.100502159832321	1108	0.764440339699565	1.15883238757317
12	WGN07	0.882090909090907	0.100502159832324	1108	0.684894885154097	1.07928693302772
13	WGN07	1.11166666666664	0.100502159832318	1108	0.914470642729844	1.30886269060344
14	WGN07	0.828999999999997	0.10050215983232	1108	0.631803976063195	1.0261960239368
15	WGN07	0.992999999999996	0.10050215983232	1108	0.795803976063196	1.1901960239368
16	WGN07	0.870999999999977	0.100502159832318	1108	0.673803976063179	1.06819602393678
17	WGN07	1.14559090909089	0.100502159832319	1108	0.94839488515409	1.34278693302769
18	WGN07	1.00444444444443	0.100502159832318	1108	0.807248420507629	1.20164046838122
20	WGN07	0.344278074866307	0.10050215983232	1108	0.147082050929505	0.541474098803108
21	WGN07	0.873181818181784	0.10050215983232	1108	0.675985794244983	1.07037784211859
22	WGN07	0.945500000000007	0.100502159832324	1108	0.748303976063198	1.14269602393682
23	WGN07	0.839333333333339	0.100502159832323	1108	0.642137309396531	1.03652935727015
24	WGN07	1.12724104552825	0.142163554340374	1108	0.848300894277591	1.40618119677891
25	WGN07	0.73099999999999	0.10050215983232	1108	0.533803976063188	0.928196023936791
26	WGN07	1.26433333333332	0.100502159832321	1108	1.06713730939652	1.46152935727013
27	WGN07	1.30375000000002	0.100502159832322	1108	1.10655397606321	1.50094602393682
28	WGN07	0.809166666666655	0.100502159832318	1108	0.611970642729857	1.00636269060345
29	WGN07	0.572863247863234	0.100502159832317	1108	0.375667223926438	0.770059271800031
30	WGN07	0.78877005347593	0.100502159832319	1108	0.59157402953913	0.98596607741273
31	WGN07	0.732499999999975	0.100502159832322	1108	0.535303976063168	0.929696023936781
32	WGN07	0.866499999999991	0.100502159832322	1108	0.669303976063185	1.0636960239368
33	WGN07	1.04849999999999	0.100502159832321	1108	0.85130397606319	1.2456960239368
34	WGN07	0.983499999999985	0.10050215983232	1108	0.786303976063182	1.18069602393679
35	WGN07	1.13624104552825	0.14216355434038	1108	0.857300894277581	1.41518119677892
36	WGN07	0.672337662337642	0.10050215983232	1108	0.47514163840084	0.869533686274445
37	WGN07	0.800500000000013	0.100502159832321	1108	0.603303976063208	0.997696023936817
38	WGN07	1.10616666666665	0.100502159832321	1108	0.908970642729851	1.30336269060346
39	WGN07	0.646666666666651	0.100502159832319	1108	0.449470642729851	0.843862690603452
40	WGN07	0.638499999999987	0.100502159832321	1108	0.441303976063183	0.835696023936792
41	WGN07	0.971499999999992	0.100502159832321	1108	0.774303976063188	1.1686960239368
42	WGN07	0.753999999999961	0.100502159832319	1108	0.556803976063161	0.951196023936761
44	WGN07	0.478499999999993	0.100502159832318	1108	0.281303976063195	0.675696023936791
46	WGN07	0.936499999999989	0.100502159832319	1108	0.739303976063189	1.13369602393679
47	WGN07	0.73454545454544	0.100502159832319	1108	0.53734943060864	0.931741478482239
48	WGN07	0.979045454545439	0.10050215983232	1108	0.781849430608637	1.17624147848224
49	WGN07	1.02518939393937	0.100502159832319	1108	0.827993370002572	1.22238541787617
50	WGN07	1.0500909090909	0.100502159832318	1108	0.852894885154105	1.2472869330277
51	WGN07	0.919863636363618	0.100502159832318	1108	0.722667612426821	1.11705966030042
52	WGN07	0.905499999999986	0.10050215983232	1108	0.708303976063185	1.10269602393679
53	WGN07	1.14499999999997	0.100502159832318	1108	0.94780397606317	1.34219602393677
54	WGN07	0.933241045528249	0.142163554340375	1108	0.654300894277588	1.21218119677891
55	WGN07	0.841833333333332	0.10050215983232	1108	0.64463730939653	1.03902935727013
56	WGN07	1.20831818181815	0.100502159832318	1108	1.01112215788135	1.40551420575495
57	WGN07	0.70759740259739	0.100502159832319	1108	0.510401378660589	0.90479342653419
58	WGN07	1.47299999999999	0.100502159832319	1108	1.27580397606319	1.67019602393679
59	WGN07	0.755499999999983	0.100502159832319	1108	0.558303976063182	0.952696023936783
60	WGN07	0.859000000000006	0.100502159832318	1108	0.661803976063209	1.0561960239368
61	WGN07	1.12072727272726	0.100502159832319	1108	0.923531248790457	1.31792329666406
62	WGN07	0.319758954471727	0.142163554340377	1108	0.040818803221063	0.59869910572239
63	WGN07	0.859555555555553	0.100502159832321	1108	0.66235953161875	1.05675157949236
64	WGN07	1.05549999999998	0.100502159832318	1108	0.858303976063177	1.25269602393677
66	WGN07	0.911227272727235	0.10050215983232	1108	0.714031248790434	1.10842329666404
67	WGN07	0.727500000000006	0.10050215983232	1108	0.530303976063204	0.924696023936808
68	WGN07	0.476954545454527	0.10050215983232	1108	0.279758521517725	0.674150569391329
69	WGN07	1.16624104552826	0.142163554340379	1108	0.88730089427759	1.44518119677893
71	WGN07	1.18549999999997	0.100502159832323	1108	0.988303976063162	1.38269602393678
73	WGN07	1.02581818181815	0.100502159832319	1108	0.828622157881352	1.22301420575495
74	WGN07	1.12049999999999	0.100502159832321	1108	0.923303976063183	1.31769602393679
75	WGN07	1.02775895447173	0.142163554340382	1108	0.74881880322106	1.30669910572241
76	WGN07	0.979999999999983	0.100502159832319	1108	0.782803976063183	1.17719602393678
77	WGN07	1.14149999999997	0.100502159832317	1108	0.944303976063174	1.33869602393677
78	WGN07	0.723499999999999	0.10050215983232	1108	0.526303976063198	0.920696023936801
79	WGN07	0.728999999999986	0.100502159832319	1108	0.531803976063186	0.926196023936786
80	WGN07	1.16555555555553	0.100502159832317	1108	0.968359531618731	1.36275157949232
81	WGN07	0.95299999999999	0.100502159832323	1108	0.755803976063184	1.1501960239368
82	WGN07	0.837999999999981	0.100502159832317	1108	0.640803976063186	1.03519602393678
83	WGN07	0.670722222222192	0.100502159832318	1108	0.473526198285393	0.86791824615899
84	WGN07	1.51254545454546	0.100502159832323	1108	1.31534943060865	1.70974147848226
85	WGN07	1.08899999999999	0.10050215983232	1108	0.891803976063186	1.28619602393679
86	WGN07	1.167	0.100502159832319	1108	0.969803976063197	1.3641960239368
87	WGN07	0.956608391608375	0.100502159832319	1108	0.759412367671575	1.15380441554517
88	WGN07	1.11636363636361	0.100502159832319	1108	0.919167612426811	1.31355966030041
89	WGN07	0.720222222222206	0.100502159832319	1108	0.523026198285407	0.917418246159005
90	WGN07	1.03336363636363	0.10050215983232	1108	0.836167612426828	1.23055966030043
91	WGN07	0.949999999999993	0.100502159832321	1108	0.752803976063189	1.1471960239368
92	WGN07	1.10877777777777	0.10050215983232	1108	0.911581753840965	1.30597380171457
93	WGN07	0.948333333333325	0.10050215983232	1108	0.751137309396522	1.14552935727013
94	WGN07	0.818999999999991	0.100502159832321	1108	0.621803976063187	1.0161960239368
95	WGN07	1.10499999999999	0.10050215983232	1108	0.907803976063189	1.30219602393679
96	WGN07	0.676000000000003	0.10050215983232	1108	0.478803976063201	0.873196023936805
97	WGN07	1.30281818181815	0.100502159832318	1108	1.10562215788135	1.50001420575495
98	WGN07	1.00638888888888	0.100502159832319	1108	0.809192864952075	1.20358491282568
99	WGN07	1.12549999999999	0.10050215983232	1108	0.928303976063191	1.3226960239368
100	WGN07	0.911999999999983	0.100502159832318	1108	0.714803976063186	1.10919602393678
101	WGN07	1.00499999999999	0.10050215983232	1108	0.807803976063193	1.2021960239368
102	WGN07	1.08049999999999	0.100502159832319	1108	0.883303976063195	1.27769602393679
103	WGN07	0.832999999999996	0.100502159832319	1108	0.635803976063195	1.0301960239368
104	WGN07	1.38999999999998	0.10050215983232	1108	1.19280397606318	1.58719602393678
105	WGN07	0.873500000000003	0.100502159832321	1108	0.6763039760632	1.07069602393681
106	WGN07	0.944499999999998	0.100502159832321	1108	0.747303976063195	1.1416960239368
107	WGN07	0.907499999999993	0.10050215983232	1108	0.710303976063192	1.10469602393679
108	WGN07	1.13236363636361	0.100502159832318	1108	0.935167612426813	1.32955966030041
109	WGN07	1.03999999999999	0.100502159832319	1108	0.842803976063188	1.23719602393679
110	WGN07	1.41972222222222	0.100502159832322	1108	1.22252619828541	1.61691824615902
111	WGN07	1.20899999999998	0.100502159832321	1108	1.01180397606318	1.40619602393679
112	WGN07	1.13924999999998	0.100502159832318	1108	0.942053976063183	1.33644602393678
113	WGN07	1.15359090909089	0.100502159832319	1108	0.956394885154094	1.35078693302769
114	WGN07	1.21699999999999	0.10050215983232	1108	1.01980397606319	1.41419602393679
115	WGN07	1.04566666666663	0.100502159832317	1108	0.848470642729838	1.24286269060343
116	WGN07	1.2154924242424	0.100502159832318	1108	1.01829640030561	1.4126884481792
117	WGN07	0.858999999999992	0.100502159832319	1108	0.661803976063192	1.05619602393679
118	WGN07	1.12894444444444	0.10050215983232	1108	0.931748420507636	1.32614046838124
119	WGN07	1.30716666666665	0.100502159832319	1108	1.10997064272985	1.50436269060345
120	WGN07	0.899807692307673	0.100502159832318	1108	0.702611668370876	1.09700371624447
121	WGN07	0.686999999999971	0.100502159832319	1108	0.489803976063171	0.884196023936771
122	WGN07	0.538425621138394	0.142163554340378	1108	0.259485469887727	0.817365772389061
123	WGN07	0.952749999999995	0.10050215983232	1108	0.755553976063194	1.1499460239368
124	WGN07	1.15183333333332	0.100502159832319	1108	0.954637309396518	1.34902935727012
125	WGN07	0.72799999999999	0.100502159832319	1108	0.530803976063191	0.925196023936789
126	WGN07	0.863409090909082	0.100502159832318	1108	0.666213066972285	1.06060511484588
127	WGN07	1.21499999999998	0.100502159832318	1108	1.01780397606318	1.41219602393678
128	WGN07	0.846499999999989	0.100502159832321	1108	0.649303976063186	1.04369602393679
129	WGN07	1.34983333333332	0.100502159832321	1108	1.15263730939651	1.54702935727012
130	WGN07	0.872499999999984	0.100502159832319	1108	0.675303976063184	1.06969602393678
1	WGN15	1.15349999999999	0.10050215983232	1108	0.95630397606319	1.35069602393679
2	WGN15	0.759999999999978	0.100502159832321	1108	0.562803976063176	0.957196023936781
3	WGN15	1.09299999999998	0.100502159832319	1108	0.895803976063185	1.29019602393678
4	WGN15	0.80416666666667	0.100502159832317	1108	0.606970642729874	1.00136269060347
5	WGN15	1.014	0.100502159832318	1108	0.816803976063207	1.2111960239368
7	WGN15	0.955909090909089	0.100502159832317	1108	0.758713066972293	1.15310511484589
8	WGN15	1.44655555555556	0.100502159832322	1108	1.24935953161875	1.64375157949236
9	WGN15	0.91366666666664	0.100502159832323	1108	0.716470642729833	1.11086269060345
10	WGN15	0.856318181818176	0.100502159832319	1108	0.659122157881376	1.05351420575498
11	WGN15	0.808749999999991	0.100502159832318	1108	0.611553976063192	1.00594602393679
12	WGN15	0.902500000000003	0.10050215983232	1108	0.705303976063201	1.0996960239368
13	WGN15	1.01749999999997	0.100502159832323	1108	0.820303976063165	1.21469602393678
14	WGN15	0.933187499999981	0.100502159832317	1108	0.735991476063185	1.13038352393678
15	WGN15	0.914499999999996	0.100502159832319	1108	0.717303976063195	1.1116960239368
16	WGN15	0.651999999999983	0.10050215983232	1108	0.454803976063182	0.849196023936785
17	WGN15	0.812758954471722	0.142163554340379	1108	0.533818803221053	1.09169910572239
18	WGN15	0.989222222222222	0.100502159832319	1108	0.792026198285422	1.18641824615902
19	WGN15	0.875166666666654	0.100502159832319	1108	0.677970642729854	1.07236269060345
20	WGN15	1.21449999999999	0.10050215983232	1108	1.01730397606319	1.41169602393679
21	WGN15	1.08249999999999	0.10050215983232	1108	0.885303976063191	1.2796960239368
22	WGN15	0.720346153846164	0.100502159832319	1108	0.523150129909365	0.917542177782963
23	WGN15	0.929090909090898	0.100502159832319	1108	0.731894885154097	1.1262869330277
24	WGN15	0.471758954471732	0.14216355434038	1108	0.192818803221062	0.750699105722403
25	WGN15	1.117	0.100502159832318	1108	0.919803976063199	1.31419602393679
26	WGN15	1.0815	0.100502159832318	1108	0.884303976063197	1.27869602393679
27	WGN15	1.01555555555555	0.100502159832319	1108	0.818359531618746	1.21275157949235
28	WGN15	1.1436111111111	0.100502159832317	1108	0.946415087174306	1.3408071350479
29	WGN15	0.874500000000006	0.100502159832317	1108	0.67730397606321	1.0716960239368
30	WGN15	1.15599999999999	0.100502159832318	1108	0.958803976063189	1.35319602393679
31	WGN15	0.637314510027317	0.142163554340374	1108	0.358374358776658	0.916254661277975
32	WGN15	1.16899999999999	0.10050215983232	1108	0.971803976063191	1.36619602393679
33	WGN15	1.26699999999999	0.100502159832318	1108	1.06980397606319	1.46419602393679
34	WGN15	0.817999999999981	0.10050215983232	1108	0.620803976063179	1.01519602393678
35	WGN15	0.970499999999992	0.100502159832318	1108	0.773303976063193	1.16769602393679
36	WGN15	0.815252525252505	0.100502159832321	1108	0.618056501315701	1.01244854918931
37	WGN15	1.34866666666666	0.100502159832318	1108	1.15147064272986	1.54586269060346
38	WGN15	0.610863636363623	0.100502159832319	1108	0.413667612426823	0.808059660300424
39	WGN15	0.838999999999995	0.100502159832319	1108	0.641803976063196	1.03619602393679
40	WGN15	0.84	0.100502159832317	1108	0.642803976063204	1.0371960239368
41	WGN15	1.052	0.100502159832319	1108	0.854803976063203	1.2491960239368
43	WGN15	0.985208333333327	0.100502159832321	1108	0.788012309396524	1.18240435727013
44	WGN15	0.866777777777776	0.100502159832318	1108	0.669581753840977	1.06397380171457
45	WGN15	0.958214285714281	0.100502159832319	1108	0.761018261777481	1.15541030965108
46	WGN15	0.764318181818155	0.100502159832321	1108	0.567122157881351	0.961514205754959
47	WGN15	0.805499999999991	0.10050215983232	1108	0.608303976063189	1.00269602393679
48	WGN15	0.950055555555549	0.10050215983232	1108	0.752859531618748	1.14725157949235
50	WGN15	1.052	0.100502159832318	1108	0.854803976063199	1.2491960239368
51	WGN15	0.698999999999998	0.100502159832319	1108	0.501803976063198	0.896196023936797
52	WGN15	0.726999999999987	0.10050215983232	1108	0.529803976063186	0.924196023936789
53	WGN15	0.596304409017205	0.142163554340375	1108	0.317364257766545	0.875244560267865
54	WGN15	0.908425621138408	0.142163554340377	1108	0.629485469887743	1.18736577238907
55	WGN15	1.196	0.100502159832319	1108	0.998803976063197	1.3931960239368
56	WGN15	1.01727272727273	0.100502159832319	1108	0.820076703335925	1.21446875120953
57	WGN15	0.458136363636349	0.10050215983232	1108	0.260940339699546	0.655332387573151
58	WGN15	1.43713636363636	0.100502159832319	1108	1.23994033969956	1.63433238757316
59	WGN15	1.284	0.100502159832321	1108	1.0868039760632	1.4811960239368
60	WGN15	0.754292929292916	0.10050215983232	1108	0.557096905356114	0.951488953229718
61	WGN15	0.982444444444439	0.10050215983232	1108	0.785248420507638	1.17964046838124
62	WGN15	1.10049999999998	0.100502159832318	1108	0.903303976063186	1.29769602393678
63	WGN15	0.945499999999981	0.100502159832321	1108	0.748303976063179	1.14269602393678
64	WGN15	0.581055555555554	0.100502159832319	1108	0.383859531618754	0.778251579492354
65	WGN15	0.803545454545452	0.100502159832319	1108	0.606349430608652	1.00074147848225
66	WGN15	0.47843137254903	0.100502159832317	1108	0.281235348612234	0.675627396485826
67	WGN15	1.36599999999999	0.100502159832319	1108	1.16880397606319	1.56319602393679
69	WGN15	0.700499999999992	0.100502159832319	1108	0.503303976063192	0.897696023936792
70	WGN15	1.04313636363635	0.10050215983232	1108	0.845940339699552	1.24033238757315
71	WGN15	0.892999999999985	0.100502159832321	1108	0.695803976063182	1.09019602393679
72	WGN15	0.993499999999995	0.100502159832318	1108	0.796303976063197	1.19069602393679
73	WGN15	1.13049999999999	0.100502159832318	1108	0.933303976063193	1.32769602393679
74	WGN15	0.881136363636355	0.10050215983232	1108	0.683940339699552	1.07833238757316
75	WGN15	1.095	0.100502159832319	1108	0.897803976063197	1.2921960239368
77	WGN15	0.755499999999981	0.100502159832321	1108	0.558303976063177	0.952696023936786
78	WGN15	0.686818181818175	0.100502159832319	1108	0.489622157881375	0.884014205754975
79	WGN15	0.936681818181811	0.10050215983232	1108	0.73948579424501	1.13387784211861
80	WGN15	0.844999999999989	0.100502159832321	1108	0.647803976063186	1.04219602393679
81	WGN15	1.14899999999999	0.10050215983232	1108	0.951803976063193	1.34619602393679
82	WGN15	0.771499999999996	0.100502159832318	1108	0.574303976063197	0.968696023936794
83	WGN15	0.927833333333329	0.100502159832321	1108	0.730637309396526	1.12502935727013
84	WGN15	0.995909090909086	0.100502159832319	1108	0.798713066972286	1.19310511484589
85	WGN15	1.32499999999999	0.10050215983232	1108	1.12780397606319	1.52219602393679
86	WGN15	0.9165	0.100502159832318	1108	0.719303976063203	1.1136960239368
87	WGN15	0.777499999999978	0.100502159832322	1108	0.580303976063173	0.974696023936783
88	WGN15	0.856000000000003	0.100502159832318	1108	0.658803976063205	1.0531960239368
89	WGN15	0.827227272727263	0.100502159832321	1108	0.63003124879046	1.02442329666407
90	WGN15	1.0161111111111	0.10050215983232	1108	0.818915087174303	1.21330713504791
91	WGN15	1.03249999999999	0.100502159832321	1108	0.835303976063185	1.22969602393679
92	WGN15	0.685583333333318	0.100502159832319	1108	0.488387309396517	0.882779357270118
93	WGN15	0.935999999999993	0.100502159832319	1108	0.738803976063192	1.13319602393679
94	WGN15	1.19949999999999	0.10050215983232	1108	1.00230397606319	1.3966960239368
95	WGN15	0.761999999999987	0.100502159832321	1108	0.564803976063183	0.959196023936792
96	WGN15	0.984500000000011	0.100502159832319	1108	0.787303976063212	1.18169602393681
97	WGN15	0.805999999999998	0.100502159832319	1108	0.608803976063198	1.0031960239368
98	WGN15	0.740999999999982	0.100502159832321	1108	0.543803976063178	0.938196023936786
99	WGN15	1.04163101604278	0.100502159832319	1108	0.844434992105977	1.23882703997958
100	WGN15	0.983499999999989	0.100502159832319	1108	0.78630397606319	1.18069602393679
101	WGN15	1.303	0.100502159832321	1108	1.1058039760632	1.5001960239368
102	WGN15	1.01599999999999	0.100502159832319	1108	0.818803976063195	1.21319602393679
103	WGN15	0.761999999999994	0.100502159832319	1108	0.564803976063194	0.959196023936794
104	WGN15	0.834499999999997	0.100502159832319	1108	0.637303976063198	1.0316960239368
106	WGN15	1.03549999999999	0.100502159832318	1108	0.83830397606319	1.23269602393679
107	WGN15	0.949999999999984	0.10050215983232	1108	0.752803976063183	1.14719602393679
108	WGN15	0.887999999999993	0.10050215983232	1108	0.690803976063193	1.08519602393679
109	WGN15	0.923999999999994	0.10050215983232	1108	0.726803976063192	1.1211960239368
110	WGN15	0.840499999999989	0.10050215983232	1108	0.643303976063187	1.03769602393679
111	WGN15	1.03675895447174	0.142163554340375	1108	0.757818803221078	1.3156991057224
112	WGN15	0.92249999999999	0.100502159832319	1108	0.72530397606319	1.11969602393679
113	WGN15	1.14177272727271	0.10050215983232	1108	0.944576703335913	1.33896875120951
114	WGN15	1.01499999999999	0.100502159832319	1108	0.817803976063192	1.21219602393679
115	WGN15	0.885454545454536	0.100502159832321	1108	0.688258521517732	1.08265056939134
116	WGN15	0.757285714285703	0.100502159832319	1108	0.560089690348903	0.954481738222503
117	WGN15	1.11849999999999	0.100502159832319	1108	0.921303976063195	1.31569602393679
118	WGN15	0.800916666666659	0.10050215983232	1108	0.603720642729857	0.99811269060346
119	WGN15	0.957833333333326	0.100502159832319	1108	0.760637309396526	1.15502935727013
120	WGN15	1.20495454545452	0.10050215983232	1108	1.00775852151772	1.40215056939132
121	WGN15	0.802500000000004	0.100502159832319	1108	0.605303976063205	0.999696023936804
122	WGN15	0.717999999999989	0.100502159832321	1108	0.520803976063186	0.915196023936792
123	WGN15	0.907999999999994	0.100502159832319	1108	0.710803976063195	1.10519602393679
124	WGN15	0.86341911764705	0.10050215983232	1108	0.666223093710249	1.06061514158385
125	WGN15	0.83699999999999	0.100502159832319	1108	0.63980397606319	1.03419602393679
126	WGN15	0.673999999999981	0.10050215983232	1108	0.47680397606318	0.871196023936783
127	WGN15	1.09099999999999	0.10050215983232	1108	0.89380397606319	1.28819602393679
128	WGN15	1.20163636363636	0.10050215983232	1108	1.00444033969956	1.39883238757316
129	WGN15	0.968611111111109	0.100502159832319	1108	0.771415087174309	1.16580713504791
130	WGN15	0.709499999999988	0.10050215983232	1108	0.512303976063186	0.90669602393679
3	WGN26	0.993666666666622	0.100502159832318	1108	0.796470642729824	1.19086269060342
4	WGN26	1.19949999999996	0.10050215983232	1108	1.00230397606316	1.39669602393676
5	WGN26	1.27899999999996	0.100502159832318	1108	1.08180397606316	1.47619602393676
6	WGN26	0.843999999999969	0.100502159832318	1108	0.646803976063172	1.04119602393677
7	WGN26	1.31149999999998	0.100502159832321	1108	1.11430397606317	1.50869602393678
8	WGN26	0.817922077922058	0.100502159832318	1108	0.620726053985259	1.01511810185886
9	WGN26	0.749999999999973	0.100502159832318	1108	0.552803976063174	0.947196023936771
10	WGN26	1.15399999999997	0.10050215983232	1108	0.956803976063173	1.35119602393677
11	WGN26	0.998071428571395	0.100502159832321	1108	0.800875404634591	1.1952674525082
12	WGN26	1.02299999999996	0.100502159832321	1108	0.825803976063159	1.22019602393677
13	WGN26	0.904999999999969	0.100502159832318	1108	0.707803976063171	1.10219602393677
14	WGN26	1.08581818181815	0.100502159832321	1108	0.888622157881342	1.28301420575495
15	WGN26	0.876111111111089	0.100502159832316	1108	0.678915087174294	1.07330713504788
17	WGN26	1.38199999999996	0.100502159832317	1108	1.18480397606316	1.57919602393675
18	WGN26	1.05199999999997	0.100502159832319	1108	0.854803976063172	1.24919602393677
19	WGN26	1.04924104552824	0.142163554340377	1108	0.770300894277572	1.3281811967789
20	WGN26	0.893484848484809	0.10050215983232	1108	0.696288824548007	1.09068087242161
21	WGN26	0.717499999999964	0.10050215983232	1108	0.520303976063162	0.914696023936765
22	WGN26	1.19321678321675	0.100502159832317	1108	0.996020759279953	1.39041280715355
23	WGN26	1.10299999999996	0.100502159832321	1108	0.905803976063156	1.30019602393676
24	WGN26	1.03275895447172	0.142163554340377	1108	0.753818803221053	1.31169910572238
25	WGN26	0.951725146198795	0.100502159832321	1108	0.754529122261992	1.1489211701356
26	WGN26	0.867227272727228	0.10050215983232	1108	0.670031248790427	1.06442329666403
27	WGN26	0.808055555555528	0.100502159832318	1108	0.61085953161873	1.00525157949233
28	WGN26	1.43136363636362	0.100502159832321	1108	1.23416761242681	1.62855966030042
29	WGN26	0.595999999999979	0.100502159832318	1108	0.398803976063182	0.793196023936776
30	WGN26	1.13549999999996	0.10050215983232	1108	0.938303976063162	1.33269602393677
31	WGN26	0.991999999999966	0.100502159832319	1108	0.794803976063166	1.18919602393677
32	WGN26	0.702202797202766	0.100502159832319	1108	0.505006773265967	0.899398821139565
33	WGN26	1.11357713628988	0.14216355434038	1108	0.834636985039213	1.39251728754056
34	WGN26	1.06604545454541	0.10050215983232	1108	0.868849430608611	1.26324147848221
35	WGN26	1.16499999999998	0.100502159832321	1108	0.967803976063179	1.36219602393679
36	WGN26	1.12999999999997	0.100502159832319	1108	0.932803976063166	1.32719602393677
38	WGN26	1.17749999999996	0.100502159832319	1108	0.980303976063166	1.37469602393676
39	WGN26	1.22049999999998	0.100502159832321	1108	1.02330397606318	1.41769602393679
40	WGN26	1.05149999999997	0.100502159832318	1108	0.854303976063168	1.24869602393676
41	WGN26	0.386749999999968	0.10050215983232	1108	0.189553976063167	0.583946023936769
42	WGN26	1.45499999999997	0.10050215983232	1108	1.25780397606317	1.65219602393677
43	WGN26	1.05441666666663	0.100502159832321	1108	0.857220642729828	1.25161269060344
44	WGN26	1.32099999999997	0.10050215983232	1108	1.12380397606317	1.51819602393677
45	WGN26	1.18599999999996	0.100502159832318	1108	0.988803976063165	1.38319602393676
46	WGN26	0.919499999999971	0.100502159832318	1108	0.722303976063173	1.11669602393677
47	WGN26	0.882499999999964	0.10050215983232	1108	0.685303976063163	1.07969602393677
48	WGN26	1.31841666666663	0.100502159832319	1108	1.12122064272983	1.51561269060343
49	WGN26	1.24699999999996	0.100502159832319	1108	1.04980397606316	1.44419602393676
50	WGN26	1.81333333333329	0.100502159832319	1108	1.61613730939649	2.01052935727009
51	WGN26	0.967999999999966	0.100502159832319	1108	0.770803976063167	1.16519602393677
52	WGN26	1.22390909090905	0.100502159832319	1108	1.02671306697225	1.42110511484585
53	WGN26	1.03299999999997	0.100502159832319	1108	0.835803976063166	1.23019602393676
54	WGN26	1.07691666666663	0.10050215983232	1108	0.879720642729832	1.27411269060343
55	WGN26	0.670444444444418	0.100502159832318	1108	0.47324842050762	0.867640468381217
56	WGN26	1.22062499999997	0.100502159832319	1108	1.02342897606317	1.41782102393677
57	WGN26	0.82849999999997	0.100502159832318	1108	0.631303976063171	1.02569602393677
58	WGN26	0.922499999999963	0.10050215983232	1108	0.725303976063161	1.11969602393677
59	WGN26	1.34624104552823	0.14216355434038	1108	1.06730089427756	1.6251811967789
60	WGN26	0.958999999999962	0.10050215983232	1108	0.76180397606316	1.15619602393676
61	WGN26	1.22349999999997	0.10050215983232	1108	1.02630397606317	1.42069602393677
62	WGN26	0.979499999999967	0.100502159832319	1108	0.782303976063167	1.17669602393677
64	WGN26	1.0983333333333	0.100502159832319	1108	0.901137309396498	1.2955293572701
65	WGN26	1.26071428571425	0.10050215983232	1108	1.06351826177745	1.45791030965106
66	WGN26	0.90049999999997	0.100502159832319	1108	0.703303976063171	1.09769602393677
67	WGN26	1.16072222222219	0.10050215983232	1108	0.963526198285386	1.35791824615899
68	WGN26	0.920241045528206	0.142163554340378	1108	0.641300894277539	1.19918119677887
69	WGN26	0.96691666666663	0.100502159832319	1108	0.76972064272983	1.16411269060343
70	WGN26	1.0223333333333	0.100502159832319	1108	0.825137309396501	1.2195293572701
71	WGN26	1.13449999999996	0.10050215983232	1108	0.93730397606316	1.33169602393676
72	WGN26	0.61324104552822	0.14216355434038	1108	0.33430089427755	0.892181196778889
73	WGN26	0.85299999999997	0.100502159832319	1108	0.655803976063171	1.05019602393677
74	WGN26	1.55049999999996	0.100502159832319	1108	1.35330397606316	1.74769602393676
75	WGN26	1.05066666666663	0.10050215983232	1108	0.853470642729828	1.24786269060343
76	WGN26	1.08549999999997	0.10050215983232	1108	0.888303976063167	1.28269602393677
77	WGN26	0.734833333333297	0.100502159832319	1108	0.537637309396497	0.932029357270097
78	WGN26	0.916181818181786	0.10050215983232	1108	0.718985794244984	1.11337784211859
79	WGN26	1.12375895447171	0.142163554340378	1108	0.844818803221043	1.40269910572237
80	WGN26	1.2393636363636	0.100502159832319	1108	1.0421676124268	1.4365596603004
81	WGN26	1.05049999999997	0.100502159832319	1108	0.853303976063169	1.24769602393677
82	WGN26	1.23449999999996	0.100502159832319	1108	1.03730397606316	1.43169602393676
83	WGN26	1.15749999999996	0.10050215983232	1108	0.96030397606316	1.35469602393676
85	WGN26	1.15949999999997	0.100502159832319	1108	0.962303976063168	1.35669602393677
86	WGN26	0.503241045528227	0.142163554340377	1108	0.224300894277562	0.782181196778892
87	WGN26	0.775909090909055	0.10050215983232	1108	0.578713066972254	0.973105114845855
88	WGN26	0.644818181818145	0.10050215983232	1108	0.447622157881343	0.842014205754946
89	WGN26	1.42524999999996	0.100502159832319	1108	1.22805397606316	1.62244602393676
90	WGN26	1.06840909090905	0.100502159832319	1108	0.871213066972254	1.26560511484585
91	WGN26	1.04775895447171	0.142163554340379	1108	0.76881880322104	1.32669910572237
92	WGN26	0.717624999999967	0.10050215983232	1108	0.520428976063165	0.914821023936768
93	WGN26	1.00316666666663	0.100502159832319	1108	0.805970642729833	1.20036269060343
94	WGN26	1.26399999999996	0.100502159832319	1108	1.06680397606316	1.46119602393676
95	WGN26	1.49099999999997	0.10050215983232	1108	1.29380397606317	1.68819602393677
96	WGN26	0.888722222222186	0.100502159832321	1108	0.691526198285383	1.08591824615899
97	WGN26	0.85213636363633	0.100502159832319	1108	0.654940339699531	1.04933238757313
98	WGN26	1.07699999999997	0.10050215983232	1108	0.879803976063164	1.27419602393677
99	WGN26	1.37054545454542	0.100502159832319	1108	1.17334943060862	1.56774147848222
100	WGN26	0.898241045528227	0.142163554340378	1108	0.619300894277561	1.17718119677889
101	WGN26	1.03199999999997	0.100502159832319	1108	0.834803976063167	1.22919602393677
102	WGN26	1.21199999999997	0.100502159832319	1108	1.01480397606317	1.40919602393677
103	WGN26	0.606722222222194	0.100502159832319	1108	0.409526198285394	0.803918246158994
104	WGN26	1.24749999999996	0.100502159832319	1108	1.05030397606316	1.44469602393676
105	WGN26	1.21141666666663	0.100502159832319	1108	1.01422064272983	1.40861269060343
106	WGN26	1.25781818181815	0.10050215983232	1108	1.06062215788135	1.45501420575495
108	WGN26	1.12904545454542	0.10050215983232	1108	0.931849430608617	1.32624147848222
109	WGN26	1.06512499999997	0.10050215983232	1108	0.867928976063168	1.26232102393677
111	WGN26	0.80499999999996	0.10050215983232	1108	0.607803976063158	1.00219602393676
112	WGN26	1.18505555555553	0.100502159832319	1108	0.987859531618726	1.38225157949233
113	WGN26	0.441499999999962	0.100502159832319	1108	0.244303976063162	0.638696023936762
115	WGN26	1.08349999999997	0.100502159832319	1108	0.886303976063167	1.28069602393677
116	WGN26	0.957499999999963	0.100502159832319	1108	0.760303976063163	1.15469602393676
117	WGN26	0.728241045528224	0.142163554340377	1108	0.44930089427756	1.00718119677889
118	WGN26	1.03049999999997	0.10050215983232	1108	0.833303976063164	1.22769602393677
119	WGN26	0.974454545454511	0.10050215983232	1108	0.77725852151771	1.17165056939131
120	WGN26	0.629999999999964	0.10050215983232	1108	0.432803976063162	0.827196023936766
121	WGN26	0.727499999999966	0.10050215983232	1108	0.530303976063164	0.924696023936769
122	WGN26	1.33349999999996	0.100502159832319	1108	1.13630397606317	1.53069602393676
123	WGN26	0.917999999999965	0.10050215983232	1108	0.720803976063164	1.11519602393677
124	WGN26	0.451758954471702	0.142163554340378	1108	0.172818803221035	0.73069910572237
125	WGN26	1.32249999999997	0.10050215983232	1108	1.12530397606317	1.51969602393677
126	WGN26	0.799241045528232	0.142163554340377	1108	0.520300894277568	1.0781811967789
127	WGN26	0.744999999999967	0.100502159832319	1108	0.547803976063167	0.942196023936766
128	WGN26	1.04399999999997	0.10050215983232	1108	0.846803976063166	1.24119602393677
129	WGN26	0.708241045528229	0.142163554340378	1108	0.429300894277563	0.987181196778895
130	WGN26	1.03599999999997	0.100502159832319	1108	0.838803976063175	1.23319602393677
2	WGN36	1.18940909090914	0.10050215983232	1108	0.992213066972337	1.38660511484594
4	WGN36	1.02350000000007	0.100502159832316	1108	0.826303976063277	1.22069602393687
5	WGN36	1.1894545454546	0.100502159832319	1108	0.992258521517799	1.3866505693914
6	WGN36	1.42566666666672	0.10050215983232	1108	1.22847064272992	1.62286269060352
7	WGN36	1.26250000000004	0.10050215983232	1108	1.06530397606323	1.45969602393684
8	WGN36	1.26750000000006	0.100502159832321	1108	1.07030397606326	1.46469602393686
9	WGN36	1.24775895447179	0.142163554340378	1108	0.96881880322112	1.52669910572245
10	WGN36	1.17100000000005	0.100502159832321	1108	0.973803976063248	1.36819602393685
11	WGN36	0.692423076923144	0.100502159832319	1108	0.495227052986345	0.889619100859943
12	WGN36	1.33975895447178	0.142163554340376	1108	1.06081880322112	1.61869910572245
13	WGN36	1.18200000000005	0.100502159832319	1108	0.984803976063248	1.37919602393685
14	WGN36	0.946500000000064	0.100502159832318	1108	0.749303976063265	1.14369602393686
15	WGN36	1.16250000000005	0.100502159832319	1108	0.965303976063252	1.35969602393685
16	WGN36	1.16550000000005	0.100502159832319	1108	0.968303976063253	1.36269602393685
17	WGN36	1.15000000000005	0.100502159832319	1108	0.952803976063247	1.34719602393685
18	WGN36	0.965863636363685	0.100502159832319	1108	0.768667612426885	1.16305966030049
19	WGN36	1.12350000000004	0.100502159832321	1108	0.926303976063237	1.32069602393684
20	WGN36	1.15400000000004	0.100502159832321	1108	0.956803976063237	1.35119602393684
21	WGN36	1.50300000000005	0.100502159832319	1108	1.30580397606325	1.70019602393685
22	WGN36	1.11900000000005	0.100502159832319	1108	0.921803976063253	1.31619602393685
23	WGN36	1.15700000000004	0.100502159832319	1108	0.959803976063242	1.35419602393684
24	WGN36	1.14086363636368	0.10050215983232	1108	0.943667612426882	1.33805966030049
26	WGN36	1.34086363636368	0.100502159832319	1108	1.14366761242688	1.53805966030048
27	WGN36	0.989772727272777	0.10050215983232	1108	0.792576703335976	1.18696875120958
28	WGN36	1.09150000000004	0.10050215983232	1108	0.894303976063235	1.28869602393684
30	WGN36	1.27800000000005	0.100502159832318	1108	1.08080397606326	1.47519602393685
31	WGN36	0.854000000000058	0.100502159832317	1108	0.656803976063261	1.05119602393685
32	WGN36	1.25222727272732	0.10050215983232	1108	1.05503124879052	1.44942329666412
33	WGN36	0.82450000000005	0.100502159832319	1108	0.62730397606325	1.02169602393685
34	WGN36	1.18171428571433	0.100502159832319	1108	0.984518261777534	1.37891030965113
35	WGN36	1.31450000000005	0.10050215983232	1108	1.11730397606325	1.51169602393685
36	WGN36	0.968500000000047	0.10050215983232	1108	0.771303976063245	1.16569602393685
37	WGN36	1.18150000000004	0.10050215983232	1108	0.98430397606324	1.37869602393684
38	WGN36	0.707758954471774	0.142163554340379	1108	0.428818803221105	0.986699105722443
39	WGN36	0.861363636363682	0.10050215983232	1108	0.66416761242688	1.05855966030048
40	WGN36	1.20050000000005	0.100502159832321	1108	1.00330397606325	1.39769602393686
41	WGN36	1.73488888888894	0.100502159832319	1108	1.53769286495214	1.93208491282574
42	WGN36	1.47700000000005	0.10050215983232	1108	1.27980397606325	1.67419602393685
43	WGN36	1.24472727272732	0.100502159832319	1108	1.04753124879052	1.44192329666412
44	WGN36	1.1864444444445	0.10050215983232	1108	0.989248420507698	1.3836404683813
45	WGN36	1.14250000000005	0.100502159832318	1108	0.945303976063257	1.33969602393685
46	WGN36	0.953758954471793	0.142163554340378	1108	0.674818803221128	1.23269910572246
47	WGN36	1.2820555555556	0.10050215983232	1108	1.0848595316188	1.47925157949241
48	WGN36	1.35971428571434	0.10050215983232	1108	1.16251826177754	1.55691030965114
49	WGN36	0.93016666666671	0.10050215983232	1108	0.732970642729908	1.12736269060351
51	WGN36	0.786500000000053	0.100502159832319	1108	0.589303976063253	0.983696023936853
52	WGN36	1.3775454545455	0.10050215983232	1108	1.1803494306087	1.57474147848231
53	WGN36	1.24700000000005	0.10050215983232	1108	1.04980397606324	1.44419602393685
54	WGN36	1.13440909090914	0.100502159832319	1108	0.937213066972339	1.33160511484594
55	WGN36	1.06900000000005	0.100502159832319	1108	0.871803976063251	1.26619602393685
56	WGN36	0.795500000000064	0.100502159832318	1108	0.598303976063267	0.992696023936861
57	WGN36	1.54564285714291	0.10050215983232	1108	1.34844683320611	1.74283888107971
58	WGN36	0.976777777777828	0.100502159832319	1108	0.779581753841028	1.17397380171463
59	WGN36	1.16788888888894	0.10050215983232	1108	0.970692864952136	1.36508491282574
60	WGN36	0.943461538461591	0.100502159832319	1108	0.746265514524791	1.14065756239839
62	WGN36	0.725000000000048	0.100502159832319	1108	0.527803976063248	0.922196023936849
64	WGN36	1.08150000000004	0.10050215983232	1108	0.884303976063243	1.27869602393685
65	WGN36	1.01795454545459	0.10050215983232	1108	0.820758521517786	1.21515056939139
66	WGN36	1.36888888888894	0.100502159832319	1108	1.17169286495214	1.56608491282574
68	WGN36	1.44300000000005	0.100502159832319	1108	1.24580397606325	1.64019602393685
69	WGN36	1.27927777777783	0.100502159832319	1108	1.08208175384103	1.47647380171463
70	WGN36	1.15700000000005	0.10050215983232	1108	0.959803976063249	1.35419602393685
71	WGN36	0.924818181818237	0.100502159832319	1108	0.727622157881438	1.12201420575504
72	WGN36	1.29931818181823	0.10050215983232	1108	1.10212215788142	1.49651420575503
74	WGN36	1.41833333333338	0.10050215983232	1108	1.22113730939658	1.61552935727019
75	WGN36	1.28400000000005	0.10050215983232	1108	1.08680397606325	1.48119602393685
76	WGN36	1.17250000000005	0.100502159832319	1108	0.97530397606325	1.36969602393685
77	WGN36	1.22650000000005	0.100502159832319	1108	1.02930397606325	1.42369602393685
78	WGN36	0.859227272727324	0.100502159832319	1108	0.662031248790525	1.05642329666412
79	WGN36	1.40972222222227	0.100502159832319	1108	1.21252619828547	1.60691824615907
80	WGN36	0.844393939393981	0.10050215983232	1108	0.647197915457178	1.04158996333078
81	WGN36	1.5975454545455	0.100502159832319	1108	1.4003494306087	1.7947414784823
82	WGN36	1.23200000000005	0.100502159832319	1108	1.03480397606325	1.42919602393685
83	WGN36	1.16988888888894	0.100502159832318	1108	0.972692864952144	1.36708491282574
84	WGN36	1.13500000000005	0.10050215983232	1108	0.937803976063248	1.33219602393685
85	WGN36	0.605636363636418	0.100502159832319	1108	0.408440339699618	0.802832387573218
86	WGN36	1.24390909090914	0.10050215983232	1108	1.04671306697234	1.44110511484594
87	WGN36	0.871772727272777	0.10050215983232	1108	0.674576703335976	1.06896875120958
88	WGN36	1.33761111111116	0.100502159832319	1108	1.14041508717436	1.53480713504796
89	WGN36	0.814055555555598	0.10050215983232	1108	0.616859531618796	1.0112515794924
90	WGN36	0.482692307692361	0.100502159832319	1108	0.28549628375556	0.679888331629162
92	WGN36	1.04600000000005	0.100502159832319	1108	0.848803976063252	1.24319602393685
93	WGN36	1.19800000000005	0.100502159832319	1108	1.00080397606325	1.39519602393685
94	WGN36	1.29525000000005	0.10050215983232	1108	1.09805397606325	1.49244602393685
95	WGN36	1.16475000000005	0.10050215983232	1108	0.967553976063247	1.36194602393685
96	WGN36	1.13750000000005	0.100502159832319	1108	0.940303976063251	1.33469602393685
97	WGN36	1.71637500000006	0.100502159832319	1108	1.51917897606326	1.91357102393686
98	WGN36	1.28150000000005	0.100502159832319	1108	1.08430397606325	1.47869602393685
99	WGN36	0.718500000000056	0.100502159832319	1108	0.521303976063255	0.915696023936856
100	WGN36	1.20150000000005	0.100502159832319	1108	1.00430397606325	1.39869602393685
102	WGN36	1.44681818181824	0.10050215983232	1108	1.24962215788143	1.64401420575504
104	WGN36	0.898000000000047	0.10050215983232	1108	0.700803976063246	1.09519602393685
105	WGN36	1.15900000000005	0.10050215983232	1108	0.961803976063248	1.35619602393685
106	WGN36	1.32888888888894	0.10050215983232	1108	1.13169286495214	1.52608491282574
107	WGN36	0.659555555555605	0.10050215983232	1108	0.462359531618803	0.856751579492406
108	WGN36	1.30875895447179	0.142163554340378	1108	1.02981880322113	1.58769910572246
109	WGN36	1.15450000000005	0.10050215983232	1108	0.957303976063248	1.35169602393685
110	WGN36	1.10300000000006	0.10050215983232	1108	0.905803976063256	1.30019602393686
112	WGN36	0.759536732249568	0.142163554340378	1108	0.480596580998901	1.03847688350023
114	WGN36	0.869545454545496	0.10050215983232	1108	0.672349430608696	1.0667414784823
116	WGN36	1.36611111111116	0.100502159832319	1108	1.16891508717436	1.56330713504796
117	WGN36	1.09518181818187	0.100502159832319	1108	0.897985794245071	1.29237784211867
118	WGN36	1.04100000000005	0.10050215983232	1108	0.843803976063249	1.23819602393685
119	WGN36	1.41382575757581	0.10050215983232	1108	1.216629733639	1.61102178151261
120	WGN36	1.16451048951054	0.10050215983232	1108	0.967314465573738	1.36170651344734
121	WGN36	1.16981818181823	0.100502159832319	1108	0.972622157881434	1.36701420575503
122	WGN36	1.04950000000005	0.10050215983232	1108	0.852303976063249	1.24669602393685
123	WGN36	0.942818181818231	0.10050215983232	1108	0.745622157881429	1.14001420575503
124	WGN36	1.24850000000005	0.100502159832319	1108	1.05130397606325	1.44569602393685
125	WGN36	1.51300000000005	0.10050215983232	1108	1.31580397606325	1.71019602393685
126	WGN36	1.25888888888894	0.100502159832319	1108	1.06169286495214	1.45608491282574
127	WGN36	1.13700000000005	0.100502159832319	1108	0.93980397606325	1.33419602393685
128	WGN36	1.36300000000005	0.100502159832319	1108	1.16580397606325	1.56019602393685
129	WGN36	1.35650000000005	0.10050215983232	1108	1.15930397606325	1.55369602393685
130	WGN36	1.29950000000005	0.100502159832322	1108	1.10230397606325	1.49669602393686
1	WGN38	1.42699999999998	0.100502159832314	1108	1.22980397606319	1.62419602393677
2	WGN38	1.00849999999998	0.100502159832321	1108	0.811303976063174	1.20569602393678
3	WGN38	0.986999999999969	0.10050215983232	1108	0.789803976063169	1.18419602393677
4	WGN38	1.23349999999998	0.100502159832318	1108	1.03630397606318	1.43069602393678
5	WGN38	1.07199999999996	0.10050215983232	1108	0.874803976063159	1.26919602393676
6	WGN38	1.18092562113839	0.142163554340377	1108	0.901985469887728	1.45986577238906
7	WGN38	0.999999999999979	0.100502159832318	1108	0.802803976063181	1.19719602393678
8	WGN38	1.02404545454544	0.100502159832318	1108	0.82684943060864	1.22124147848224
10	WGN38	1.00949999999999	0.100502159832319	1108	0.812303976063186	1.20669602393679
11	WGN38	1.40149999999998	0.100502159832319	1108	1.20430397606318	1.59869602393678
12	WGN38	1.25349999999998	0.100502159832319	1108	1.05630397606318	1.45069602393679
13	WGN38	1.18739316239316	0.100502159832318	1108	0.990197138456359	1.38458918632995
14	WGN38	0.987136363636351	0.100502159832319	1108	0.789940339699552	1.18433238757315
16	WGN38	0.848674242424201	0.100502159832321	1108	0.651478218487397	1.045870266361
18	WGN38	1.10799999999998	0.100502159832321	1108	0.910803976063178	1.30519602393678
19	WGN38	1.24499999999998	0.10050215983232	1108	1.04780397606317	1.44219602393678
20	WGN38	1.17477777777775	0.100502159832321	1108	0.977581753840949	1.37197380171456
21	WGN38	1.04185606060604	0.100502159832318	1108	0.844660036669243	1.23905208454284
22	WGN38	1.10262987012985	0.100502159832318	1108	0.905433846193056	1.29982589406665
23	WGN38	0.86066666666664	0.100502159832319	1108	0.66347064272984	1.05786269060344
24	WGN38	1.01549999999996	0.10050215983232	1108	0.818303976063154	1.21269602393676
26	WGN38	1.15309090909088	0.100502159832319	1108	0.955894885154084	1.35028693302769
27	WGN38	0.777499999999995	0.100502159832317	1108	0.580303976063198	0.974696023936792
28	WGN38	1.35699999999997	0.100502159832319	1108	1.15980397606317	1.55419602393677
29	WGN38	1.32799999999997	0.10050215983232	1108	1.13080397606317	1.52519602393677
30	WGN38	1.37963636363634	0.100502159832318	1108	1.18244033969955	1.57683238757314
32	WGN38	1.53799999999997	0.100502159832319	1108	1.34080397606317	1.73519602393677
33	WGN38	1.12249999999998	0.100502159832319	1108	0.925303976063181	1.31969602393678
34	WGN38	1.13064784336061	0.142163554340378	1108	0.851707692109944	1.40958799461128
35	WGN38	1.05199999999998	0.100502159832319	1108	0.854803976063182	1.24919602393678
36	WGN38	1.02549999999997	0.10050215983232	1108	0.828303976063171	1.22269602393677
37	WGN38	1.08041666666664	0.100502159832319	1108	0.883220642729843	1.27761269060344
38	WGN38	1.24549999999997	0.10050215983232	1108	1.04830397606317	1.44269602393677
39	WGN38	1.21399999999998	0.100502159832319	1108	1.01680397606318	1.41119602393678
40	WGN38	1.38149999999998	0.100502159832319	1108	1.18430397606317	1.57869602393678
41	WGN38	1.21658333333331	0.10050215983232	1108	1.01938730939651	1.41377935727011
42	WGN38	0.73462499999998	0.100502159832319	1108	0.53742897606318	0.931821023936779
45	WGN38	0.995999999999979	0.100502159832319	1108	0.798803976063179	1.19319602393678
46	WGN38	1.20349999999997	0.100502159832319	1108	1.00630397606317	1.40069602393678
47	WGN38	0.971045454545423	0.10050215983232	1108	0.773849430608621	1.16824147848222
48	WGN38	1.22049999999997	0.10050215983232	1108	1.02330397606317	1.41769602393678
49	WGN38	1.30022727272725	0.10050215983232	1108	1.10303124879045	1.49742329666405
50	WGN38	1.59736363636361	0.10050215983232	1108	1.40016761242681	1.79455966030041
51	WGN38	1.11249999999997	0.10050215983232	1108	0.91530397606317	1.30969602393677
52	WGN38	1.08842307692305	0.10050215983232	1108	0.891227052986248	1.28561910085985
53	WGN38	1.31515384615382	0.100502159832319	1108	1.11795782221702	1.51234987009062
54	WGN38	1.15649999999997	0.100502159832319	1108	0.959303976063172	1.35369602393677
55	WGN38	0.822874999999978	0.100502159832319	1108	0.625678976063178	1.02007102393678
56	WGN38	0.931999999999974	0.10050215983232	1108	0.734803976063173	1.12919602393678
59	WGN38	1.18299999999998	0.100502159832319	1108	0.985803976063176	1.38019602393678
61	WGN38	1.01099999999997	0.10050215983232	1108	0.813803976063172	1.20819602393677
63	WGN38	1.31749999999997	0.100502159832319	1108	1.12030397606317	1.51469602393677
64	WGN38	1.02749999999997	0.10050215983232	1108	0.830303976063171	1.22469602393677
65	WGN38	1.1336818181818	0.100502159832319	1108	0.936485794244996	1.3308778421186
66	WGN38	1.14559090909089	0.100502159832319	1108	0.948394885154087	1.34278693302769
67	WGN38	1.31388888888886	0.100502159832319	1108	1.11669286495206	1.51108491282567
68	WGN38	0.982999999999971	0.10050215983232	1108	0.78580397606317	1.18019602393677
69	WGN38	1.16649999999998	0.10050215983232	1108	0.969303976063174	1.36369602393678
70	WGN38	1.00122222222219	0.10050215983232	1108	0.804026198285394	1.198418246159
72	WGN38	1.06580419580417	0.10050215983232	1108	0.868608171867373	1.26300021974098
73	WGN38	1.22357142857141	0.100502159832319	1108	1.02637540463461	1.42076745250821
74	WGN38	1.12249999999997	0.10050215983232	1108	0.925303976063171	1.31969602393677
76	WGN38	0.933499999999979	0.100502159832319	1108	0.736303976063179	1.13069602393678
77	WGN38	0.929999999999974	0.100502159832319	1108	0.732803976063174	1.12719602393677
78	WGN38	1.02049999999997	0.10050215983232	1108	0.82330397606317	1.21769602393677
80	WGN38	1.05449999999997	0.10050215983232	1108	0.857303976063172	1.25169602393677
81	WGN38	1.00449999999997	0.100502159832319	1108	0.807303976063174	1.20169602393678
82	WGN38	0.809999999999978	0.100502159832319	1108	0.612803976063178	1.00719602393678
83	WGN38	1.15499999999997	0.10050215983232	1108	0.957803976063171	1.35219602393677
84	WGN38	1.02799999999998	0.100502159832319	1108	0.830803976063175	1.22519602393678
85	WGN38	1.35849999999997	0.10050215983232	1108	1.16130397606317	1.55569602393677
86	WGN38	1.25299999999997	0.100502159832319	1108	1.05580397606317	1.45019602393677
87	WGN38	0.747999999999977	0.100502159832319	1108	0.550803976063176	0.945196023936777
88	WGN38	0.967999999999972	0.10050215983232	1108	0.770803976063172	1.16519602393677
89	WGN38	1.06066666666665	0.100502159832319	1108	0.863470642729845	1.25786269060345
90	WGN38	1.18049999999997	0.10050215983232	1108	0.983303976063172	1.37769602393677
91	WGN38	1.19499999999997	0.100502159832319	1108	0.997803976063173	1.39219602393677
92	WGN38	1.05413636363634	0.100502159832319	1108	0.856940339699539	1.25133238757314
93	WGN38	1.20545454545452	0.100502159832319	1108	1.00825852151772	1.40265056939132
94	WGN38	1.27449999999997	0.10050215983232	1108	1.07730397606317	1.47169602393677
95	WGN38	0.947499999999974	0.10050215983232	1108	0.750303976063173	1.14469602393677
96	WGN38	1.19486363636361	0.100502159832319	1108	0.997667612426808	1.39205966030041
97	WGN38	0.926999999999973	0.10050215983232	1108	0.729803976063172	1.12419602393677
98	WGN38	1.24949999999997	0.100502159832319	1108	1.05230397606317	1.44669602393677
99	WGN38	1.16749999999997	0.100502159832319	1108	0.970303976063173	1.36469602393677
100	WGN38	1.12162499999997	0.10050215983232	1108	0.924428976063172	1.31882102393677
101	WGN38	0.801999999999976	0.100502159832319	1108	0.604803976063176	0.999196023936777
102	WGN38	1.28699999999997	0.10050215983232	1108	1.08980397606317	1.48419602393677
103	WGN38	1.18545454545452	0.100502159832319	1108	0.988258521517719	1.38265056939132
104	WGN38	1.18199999999997	0.100502159832319	1108	0.984803976063173	1.37919602393677
106	WGN38	1.45075895447171	0.142163554340377	1108	1.17181880322105	1.72969910572238
107	WGN38	1.07391666666664	0.100502159832319	1108	0.876720642729838	1.27111269060344
108	WGN38	1.11268548997267	0.142163554340378	1108	0.833745338722007	1.39162564122334
109	WGN38	1.38424104552823	0.142163554340377	1108	1.10530089427757	1.6631811967789
110	WGN38	1.14549999999997	0.100502159832319	1108	0.948303976063172	1.34269602393677
111	WGN38	0.658818181818157	0.100502159832319	1108	0.461622157881357	0.856014205754958
112	WGN38	1.15675895447172	0.142163554340378	1108	0.87781880322105	1.43569910572238
113	WGN38	1.04999999999997	0.100502159832319	1108	0.852803976063174	1.24719602393677
114	WGN38	1.22422727272725	0.10050215983232	1108	1.02703124879045	1.42142329666405
115	WGN38	0.991909090909065	0.10050215983232	1108	0.794713066972264	1.18910511484587
1	WGN39	1.44850000000005	0.100502159832322	1108	1.25130397606325	1.64569602393686
2	WGN39	0.956000000000059	0.100502159832319	1108	0.758803976063259	1.15319602393686
3	WGN39	1.17650000000004	0.100502159832319	1108	0.979303976063244	1.37369602393684
4	WGN39	1.1407272727273	0.10050215983232	1108	0.9435312487905	1.3379232966641
5	WGN39	1.51318181818185	0.100502159832322	1108	1.31598579424505	1.71037784211866
6	WGN39	1.14294444444448	0.100502159832319	1108	0.945748420507678	1.34014046838128
7	WGN39	1.33221428571433	0.10050215983232	1108	1.13501826177752	1.52941030965113
8	WGN39	1.40600000000004	0.100502159832319	1108	1.20880397606324	1.60319602393684
9	WGN39	1.19550000000003	0.100502159832319	1108	0.998303976063232	1.39269602393683
10	WGN39	1.09600000000004	0.10050215983232	1108	0.898803976063235	1.29319602393684
11	WGN39	1.00150000000003	0.10050215983232	1108	0.80430397606323	1.19869602393683
12	WGN39	1.10400000000002	0.100502159832321	1108	0.906803976063218	1.30119602393682
13	WGN39	0.730000000000054	0.100502159832318	1108	0.532803976063256	0.927196023936851
14	WGN39	0.644833333333387	0.100502159832318	1108	0.447637309396589	0.842029357270186
15	WGN39	1.2077272727273	0.10050215983232	1108	1.0105312487905	1.40492329666411
16	WGN39	1.31650000000004	0.10050215983232	1108	1.11930397606324	1.51369602393684
17	WGN39	0.922444444444465	0.10050215983232	1108	0.725248420507663	1.11964046838127
18	WGN39	1.32100000000005	0.100502159832319	1108	1.12380397606325	1.51819602393685
19	WGN39	1.33213636363642	0.10050215983232	1108	1.13494033969962	1.52933238757322
20	WGN39	1.03738636363639	0.10050215983232	1108	0.84019033969959	1.23458238757319
21	WGN39	1.18477272727275	0.100502159832321	1108	0.987576703335951	1.38196875120956
22	WGN39	1.32750000000003	0.10050215983232	1108	1.13030397606323	1.52469602393683
24	WGN39	1.24025000000003	0.100502159832319	1108	1.04305397606323	1.43744602393683
25	WGN39	1.57050000000004	0.100502159832319	1108	1.37330397606324	1.76769602393684
26	WGN39	1.11416666666669	0.10050215983232	1108	0.916970642729891	1.31136269060349
27	WGN39	1.58350000000003	0.100502159832318	1108	1.38630397606323	1.78069602393683
28	WGN39	0.885000000000048	0.10050215983232	1108	0.687803976063247	1.08219602393685
29	WGN39	0.556969696969726	0.100502159832319	1108	0.359773673032925	0.754165720906526
30	WGN39	1.64900000000003	0.100502159832319	1108	1.45180397606323	1.84619602393683
31	WGN39	1.12050000000005	0.100502159832318	1108	0.923303976063249	1.31769602393684
32	WGN39	1.01800000000004	0.100502159832319	1108	0.820803976063245	1.21519602393684
34	WGN39	0.897500000000027	0.10050215983232	1108	0.700303976063225	1.09469602393683
35	WGN39	1.13775000000003	0.100502159832319	1108	0.940553976063234	1.33494602393683
36	WGN39	1.3115454545455	0.10050215983232	1108	1.11434943060869	1.5087414784823
37	WGN39	0.817166666666696	0.10050215983232	1108	0.619970642729896	1.0143626906035
38	WGN39	0.731758954471772	0.142163554340378	1108	0.452818803221106	1.01069910572244
39	WGN39	1.23072727272731	0.10050215983232	1108	1.03353124879051	1.42792329666411
40	WGN39	1.40500000000003	0.100502159832319	1108	1.20780397606323	1.60219602393683
41	WGN39	1.46407692307696	0.100502159832319	1108	1.26688089914016	1.66127294701376
42	WGN39	1.04545454545458	0.100502159832319	1108	0.848258521517779	1.24265056939138
43	WGN39	1.54740909090913	0.100502159832319	1108	1.35021306697233	1.74460511484593
44	WGN39	0.851500000000029	0.10050215983232	1108	0.654303976063227	1.04869602393683
45	WGN39	0.914666666666682	0.100502159832321	1108	0.717470642729879	1.11186269060349
46	WGN39	1.24136363636367	0.100502159832319	1108	1.04416761242687	1.43855966030047
47	WGN39	1.13550000000004	0.100502159832318	1108	0.938303976063241	1.33269602393684
48	WGN39	0.687833333333373	0.100502159832319	1108	0.490637309396574	0.885029357270173
49	WGN39	1.30150000000003	0.10050215983232	1108	1.10430397606323	1.49869602393684
50	WGN39	0.850500000000021	0.10050215983232	1108	0.653303976063219	1.04769602393682
51	WGN39	1.00057692307697	0.100502159832319	1108	0.803380899140173	1.19777294701377
52	WGN39	1.49245454545458	0.100502159832319	1108	1.29525852151778	1.68965056939138
53	WGN39	1.26050000000002	0.100502159832321	1108	1.06330397606322	1.45769602393683
54	WGN39	1.03392307692311	0.100502159832319	1108	0.836727052986313	1.23111910085991
55	WGN39	1.19045454545458	0.10050215983232	1108	0.993258521517781	1.38765056939138
56	WGN39	1.22850000000003	0.10050215983232	1108	1.03130397606323	1.42569602393683
57	WGN39	0.951388888888917	0.10050215983232	1108	0.754192864952115	1.14858491282572
58	WGN39	1.25968181818186	0.10050215983232	1108	1.06248579424506	1.45687784211866
59	WGN39	0.922500000000044	0.100502159832319	1108	0.725303976063244	1.11969602393684
60	WGN39	1.16480519480523	0.100502159832319	1108	0.967609170868435	1.36200121874203
61	WGN39	1.35545454545458	0.100502159832319	1108	1.15825852151778	1.55265056939138
62	WGN39	0.919272727272763	0.100502159832319	1108	0.722076703335962	1.11646875120956
63	WGN39	1.15066666666671	0.100502159832318	1108	0.95347064272991	1.34786269060351
64	WGN39	1.20418181818185	0.10050215983232	1108	1.00698579424505	1.40137784211865
65	WGN39	0.769000000000046	0.100502159832319	1108	0.571803976063247	0.966196023936845
66	WGN39	0.88900000000003	0.10050215983232	1108	0.691803976063228	1.08619602393683
67	WGN39	1.65800000000003	0.10050215983232	1108	1.46080397606323	1.85519602393683
68	WGN39	1.11450000000003	0.10050215983232	1108	0.917303976063224	1.31169602393683
69	WGN39	1.28900000000004	0.100502159832319	1108	1.09180397606324	1.48619602393684
70	WGN39	1.08061111111114	0.10050215983232	1108	0.883415087174339	1.27780713504794
71	WGN39	0.991772727272764	0.100502159832319	1108	0.794576703335963	1.18896875120956
72	WGN39	0.772500000000025	0.10050215983232	1108	0.575303976063223	0.969696023936827
73	WGN39	1.09600000000004	0.100502159832319	1108	0.898803976063245	1.29319602393684
74	WGN39	1.30354545454549	0.10050215983232	1108	1.10634943060868	1.50074147848229
75	WGN39	1.14300000000004	0.100502159832319	1108	0.945803976063237	1.34019602393684
76	WGN39	1.10700000000003	0.10050215983232	1108	0.909803976063227	1.30419602393683
77	WGN39	0.713136363636401	0.100502159832319	1108	0.515940339699601	0.910332387573202
78	WGN39	1.12340909090912	0.100502159832319	1108	0.926213066972324	1.32060511484593
79	WGN39	1.14400000000003	0.10050215983232	1108	0.94680397606323	1.34119602393683
80	WGN39	1.07650000000003	0.10050215983232	1108	0.879303976063232	1.27369602393683
81	WGN39	0.687000000000033	0.100502159832319	1108	0.489803976063233	0.884196023936834
82	WGN39	1.10250000000004	0.100502159832319	1108	0.905303976063236	1.29969602393684
83	WGN39	1.42850000000003	0.100502159832319	1108	1.23130397606323	1.62569602393683
84	WGN39	1.46250000000003	0.10050215983232	1108	1.26530397606323	1.65969602393684
85	WGN39	1.00700000000004	0.10050215983232	1108	0.809803976063237	1.20419602393684
86	WGN39	1.32600000000004	0.100502159832318	1108	1.12880397606324	1.52319602393683
87	WGN39	1.51050000000003	0.100502159832319	1108	1.31330397606323	1.70769602393683
88	WGN39	1.04350000000003	0.10050215983232	1108	0.846303976063227	1.24069602393683
89	WGN39	1.10500000000003	0.10050215983232	1108	0.907803976063232	1.30219602393683
90	WGN39	1.39300000000004	0.10050215983232	1108	1.19580397606324	1.59019602393684
91	WGN39	0.696000000000032	0.10050215983232	1108	0.49880397606323	0.893196023936833
92	WGN39	0.762590909090946	0.100502159832319	1108	0.565394885154146	0.959786933027746
93	WGN39	1.29750000000003	0.100502159832319	1108	1.10030397606323	1.49469602393683
94	WGN39	0.815045454545489	0.10050215983232	1108	0.617849430608688	1.01224147848229
95	WGN39	1.16746031746036	0.100502159832319	1108	0.970264293523559	1.36465634139716
96	WGN39	1.29834615384619	0.10050215983232	1108	1.10115012990938	1.49554217778299
97	WGN39	0.822000000000022	0.10050215983232	1108	0.62480397606322	1.01919602393682
98	WGN39	1.18550000000004	0.100502159832319	1108	0.988303976063235	1.38269602393684
99	WGN39	0.815333333333367	0.10050215983232	1108	0.618137309396566	1.01252935727017
100	WGN39	1.15486363636367	0.100502159832319	1108	0.957667612426868	1.35205966030047
101	WGN39	0.903000000000031	0.10050215983232	1108	0.70580397606323	1.10019602393683
102	WGN39	1.23800000000003	0.100502159832319	1108	1.04080397606323	1.43519602393683
104	WGN39	1.32954545454549	0.10050215983232	1108	1.13234943060869	1.52674147848229
105	WGN39	1.24400000000003	0.10050215983232	1108	1.04680397606323	1.44119602393684
106	WGN39	1.17848484848488	0.10050215983232	1108	0.981288824548078	1.37568087242168
107	WGN39	0.898388888888927	0.100502159832319	1108	0.701192864952126	1.09558491282573
108	WGN39	1.11218181818185	0.10050215983232	1108	0.914985794245049	1.30937784211865
109	WGN39	1.25583333333337	0.100502159832319	1108	1.05863730939657	1.45302935727017
110	WGN39	1.24333333333337	0.10050215983232	1108	1.04613730939657	1.44052935727017
111	WGN39	1.10300000000004	0.10050215983232	1108	0.905803976063234	1.30019602393684
112	WGN39	1.08518939393942	0.10050215983232	1108	0.887993370002621	1.28238541787622
113	WGN39	1.11144444444448	0.10050215983232	1108	0.91424842050768	1.30864046838128
114	WGN39	0.832500000000034	0.100502159832319	1108	0.635303976063233	1.02969602393683
115	WGN39	1.28272727272731	0.100502159832319	1108	1.08553124879051	1.47992329666411
116	WGN39	1.16475000000003	0.100502159832319	1108	0.967553976063234	1.36194602393683
117	WGN39	1.08650000000004	0.100502159832319	1108	0.889303976063235	1.28369602393684
118	WGN39	1.14500000000003	0.100502159832319	1108	0.947803976063232	1.34219602393683
120	WGN39	0.922500000000033	0.100502159832319	1108	0.725303976063232	1.11969602393683
121	WGN39	0.975395318108136	0.142163554340378	1108	0.69645516685747	1.2543354693588
122	WGN39	1.00050000000004	0.100502159832319	1108	0.803303976063235	1.19769602393684
123	WGN39	1.28203846153849	0.10050215983232	1108	1.08484243760169	1.47923448547529
124	WGN39	1.47460468189193	0.142163554340378	1108	1.19566453064127	1.7535448331426
125	WGN39	0.94194444444448	0.100502159832319	1108	0.74474842050768	1.13914046838128
126	WGN39	0.673000000000032	0.10050215983232	1108	0.475803976063232	0.870196023936833
127	WGN39	1.10077777777781	0.100502159832319	1108	0.903581753841014	1.29797380171462
128	WGN39	1.22500000000003	0.10050215983232	1108	1.02780397606323	1.42219602393684
129	WGN39	1.09575895447178	0.142163554340378	1108	0.816818803221112	1.37469910572244
130	WGN39	1.10486363636367	0.100502159832319	1108	0.90766761242687	1.30205966030047
1	WGN45	0.919681818181788	0.100502159832315	1108	0.722485794244996	1.11687784211858
2	WGN45	1.1195	0.100502159832321	1108	0.922303976063195	1.3166960239368
3	WGN45	0.62299999999999	0.10050215983232	1108	0.425803976063188	0.820196023936791
4	WGN45	0.895785714285695	0.10050215983232	1108	0.698589690348894	1.0929817382225
5	WGN45	1.13904545454544	0.100502159832319	1108	0.941849430608639	1.33624147848224
6	WGN45	0.904999999999986	0.100502159832321	1108	0.707803976063183	1.10219602393679
7	WGN45	1.35159090909089	0.100502159832318	1108	1.15439488515409	1.54878693302769
8	WGN45	1.09499999999999	0.10050215983232	1108	0.897803976063184	1.29219602393679
9	WGN45	0.782368421052619	0.10050215983232	1108	0.585172397115816	0.979564444989421
10	WGN45	1.01985714285713	0.10050215983232	1108	0.822661118920324	1.21705316679393
11	WGN45	1.08935215663937	0.142163554340375	1108	0.810412005388708	1.36829230789003
12	WGN45	1.04662499999998	0.100502159832321	1108	0.849428976063179	1.24382102393678
13	WGN45	0.875617647058803	0.10050215983232	1108	0.678421623122002	1.0728136709956
14	WGN45	1.11549999999999	0.100502159832319	1108	0.918303976063187	1.31269602393679
15	WGN45	0.725999999999979	0.10050215983232	1108	0.528803976063176	0.923196023936781
16	WGN45	1.29199999999999	0.100502159832319	1108	1.09480397606319	1.48919602393679
17	WGN45	0.731714285714277	0.100502159832318	1108	0.534518261777479	0.928910309651076
18	WGN45	0.518333333333317	0.10050215983232	1108	0.321137309396516	0.715529357270118
19	WGN45	0.984758954471732	0.142163554340378	1108	0.705818803221065	1.2636991057224
20	WGN45	0.996055555555539	0.100502159832318	1108	0.798859531618741	1.19325157949234
22	WGN45	0.978999999999991	0.10050215983232	1108	0.781803976063189	1.17619602393679
23	WGN45	1.24949999999999	0.100502159832321	1108	1.05230397606319	1.4466960239368
24	WGN45	0.829940772653545	0.142163554340377	1108	0.551000621402881	1.10888092390421
25	WGN45	0.483241045528241	0.14216355434038	1108	0.204300894277572	0.762181196778911
26	WGN45	0.698499999999986	0.10050215983232	1108	0.501303976063184	0.895696023936788
28	WGN45	0.933499999999978	0.10050215983232	1108	0.736303976063177	1.13069602393678
29	WGN45	0.527833333333315	0.10050215983232	1108	0.330637309396514	0.725029357270116
30	WGN45	0.256758954471743	0.142163554340379	1108	-0.0221811967789244	0.535699105722411
31	WGN45	1.12449999999998	0.100502159832319	1108	0.927303976063184	1.32169602393678
32	WGN45	1.11099999999999	0.10050215983232	1108	0.913803976063185	1.30819602393679
33	WGN45	0.336999999999983	0.10050215983232	1108	0.139803976063181	0.534196023936784
34	WGN45	0.67826923076922	0.100502159832319	1108	0.481073206832421	0.875465254706019
35	WGN45	1.18649999999998	0.100502159832319	1108	0.989303976063184	1.38369602393679
36	WGN45	1.15549999999999	0.10050215983232	1108	0.958303976063186	1.35269602393679
37	WGN45	1.23399999999999	0.10050215983232	1108	1.03680397606319	1.43119602393679
40	WGN45	1.09349999999999	0.10050215983232	1108	0.896303976063186	1.29069602393679
41	WGN45	0.987999999999984	0.100502159832319	1108	0.790803976063185	1.18519602393678
42	WGN45	0.940999999999985	0.100502159832319	1108	0.743803976063185	1.13819602393678
43	WGN45	1.64288888888888	0.10050215983232	1108	1.44569286495208	1.84008491282568
44	WGN45	1.44499999999998	0.100502159832319	1108	1.24780397606318	1.64219602393678
45	WGN45	0.96633333333332	0.100502159832319	1108	0.769137309396521	1.16352935727012
46	WGN45	0.574374999999985	0.10050215983232	1108	0.377178976063184	0.771571023936786
48	WGN45	0.759241045528244	0.142163554340377	1108	0.480300894277579	1.03818119677891
49	WGN45	0.878999999999984	0.100502159832319	1108	0.681803976063185	1.07619602393678
50	WGN45	0.405092287805064	0.142163554340377	1108	0.126152136554399	0.684032439055729
52	WGN45	0.559999999999986	0.100502159832319	1108	0.362803976063185	0.757196023936787
53	WGN45	1.08499999999999	0.100502159832319	1108	0.887803976063185	1.28219602393679
54	WGN45	0.495999999999985	0.100502159832319	1108	0.298803976063184	0.693196023936785
55	WGN45	1.44654545454544	0.100502159832319	1108	1.24934943060864	1.64374147848224
56	WGN45	1.06727777777776	0.100502159832319	1108	0.870081753840965	1.26447380171456
57	WGN45	0.842499999999985	0.100502159832319	1108	0.645303976063185	1.03969602393679
58	WGN45	0.953499999999985	0.10050215983232	1108	0.756303976063183	1.15069602393679
59	WGN45	0.748499999999985	0.10050215983232	1108	0.551303976063184	0.945696023936786
60	WGN45	0.769999999999984	0.10050215983232	1108	0.572803976063182	0.967196023936786
61	WGN45	1.19599999999999	0.10050215983232	1108	0.998803976063185	1.39319602393679
62	WGN45	1.12361538461537	0.10050215983232	1108	0.92641936067857	1.32081140855217
64	WGN45	0.781628787878773	0.10050215983232	1108	0.584432763941972	0.978824811815574
65	WGN45	0.884499999999985	0.100502159832319	1108	0.687303976063184	1.08169602393678
66	WGN45	0.858583333333318	0.100502159832319	1108	0.661387309396517	1.05577935727012
68	WGN45	0.902196969696956	0.100502159832319	1108	0.705000945760156	1.09939299363376
69	WGN45	0.93154545454544	0.10050215983232	1108	0.734349430608639	1.12874147848224
70	WGN45	0.789499999999984	0.100502159832319	1108	0.592303976063184	0.986696023936785
71	WGN45	1.38749999999999	0.10050215983232	1108	1.19030397606319	1.58469602393679
72	WGN45	0.802999999999985	0.100502159832319	1108	0.605803976063184	1.00019602393679
73	WGN45	0.612777777777761	0.10050215983232	1108	0.415581753840959	0.809973801714562
74	WGN45	0.743577136289908	0.142163554340378	1108	0.464636985039242	1.02251728754057
75	WGN45	1.06681818181817	0.100502159832319	1108	0.869622157881368	1.26401420575497
76	WGN45	1.03399999999998	0.10050215983232	1108	0.836803976063181	1.23119602393678
78	WGN45	0.631515151515138	0.10050215983232	1108	0.434319127578337	0.828711175451939
80	WGN45	0.922666666666651	0.10050215983232	1108	0.72547064272985	1.11986269060345
81	WGN45	1.04374999999998	0.10050215983232	1108	0.846553976063179	1.24094602393678
82	WGN45	1.28724104552824	0.142163554340377	1108	1.00830089427758	1.5661811967789
84	WGN45	1.41791666666665	0.10050215983232	1108	1.22072064272985	1.61511269060345
85	WGN45	1.39099999999998	0.100502159832319	1108	1.19380397606318	1.58819602393678
86	WGN45	1.00549999999999	0.10050215983232	1108	0.808303976063184	1.20269602393679
87	WGN45	0.554499999999988	0.100502159832319	1108	0.357303976063188	0.751696023936788
88	WGN45	1.01616666666665	0.100502159832319	1108	0.81897064272985	1.21336269060345
89	WGN45	0.905999999999985	0.10050215983232	1108	0.708803976063185	1.10319602393679
90	WGN45	1.11049999999999	0.10050215983232	1108	0.913303976063184	1.30769602393679
92	WGN45	1.19249999999999	0.100502159832319	1108	0.995303976063185	1.38969602393679
93	WGN45	0.484659090909079	0.100502159832319	1108	0.287463066972279	0.68185511484588
94	WGN45	0.930583333333319	0.10050215983232	1108	0.733387309396518	1.12777935727012
95	WGN45	1.0436818181818	0.100502159832319	1108	0.846485794245002	1.2408778421186
96	WGN45	0.665241045528244	0.142163554340377	1108	0.386300894277579	0.944181196778909
98	WGN45	1.33492857142856	0.100502159832319	1108	1.13773254749175	1.53212459536536
99	WGN45	0.525741045528246	0.142163554340377	1108	0.246800894277581	0.80468119677891
100	WGN45	0.989791666666652	0.100502159832319	1108	0.792595642729851	1.18698769060345
101	WGN45	1.29499999999999	0.10050215983232	1108	1.09780397606319	1.49219602393679
102	WGN45	1.0381111111111	0.10050215983232	1108	0.840915087174295	1.2353071350479
103	WGN45	1.22008333333332	0.100502159832319	1108	1.02288730939652	1.41727935727012
104	WGN45	0.887758954471728	0.142163554340377	1108	0.608818803221062	1.16669910572239
105	WGN45	0.799999999999984	0.100502159832319	1108	0.602803976063184	0.997196023936785
106	WGN45	1.35199999999999	0.10050215983232	1108	1.15480397606318	1.54919602393679
107	WGN45	1.17749999999999	0.10050215983232	1108	0.980303976063185	1.37469602393679
108	WGN45	0.972999999999986	0.10050215983232	1108	0.775803976063185	1.17019602393679
109	WGN45	1.24949999999999	0.10050215983232	1108	1.05230397606318	1.44669602393679
110	WGN45	0.975384615384602	0.10050215983232	1108	0.778188591447801	1.1725806393214
111	WGN45	1.20899999999999	0.10050215983232	1108	1.01180397606319	1.40619602393679
112	WGN45	0.781758954471726	0.142163554340378	1108	0.50281880322106	1.06069910572239
114	WGN45	1.30299999999999	0.10050215983232	1108	1.10580397606319	1.50019602393679
115	WGN45	0.541428571428557	0.100502159832319	1108	0.344232547491756	0.738624595365357
116	WGN45	0.879999999999985	0.100502159832319	1108	0.682803976063185	1.07719602393679
117	WGN45	0.648241045528245	0.142163554340378	1108	0.369300894277579	0.92718119677891
118	WGN45	0.977499999999986	0.10050215983232	1108	0.780303976063185	1.17469602393679
119	WGN45	1.20716666666665	0.10050215983232	1108	1.00997064272985	1.40436269060345
120	WGN45	1.13399999999998	0.100502159832319	1108	0.936803976063184	1.33119602393679
121	WGN45	1.30399999999998	0.100502159832319	1108	1.10680397606318	1.50119602393678
122	WGN45	1.12972222222221	0.10050215983232	1108	0.932526198285405	1.32691824615901
123	WGN45	1.36675895447173	0.142163554340378	1108	1.08781880322106	1.64569910572239
124	WGN45	1.15908333333332	0.10050215983232	1108	0.96188730939652	1.35627935727012
126	WGN45	0.972499999999986	0.10050215983232	1108	0.775303976063185	1.16969602393679
127	WGN45	0.969999999999986	0.10050215983232	1108	0.772803976063185	1.16719602393679
128	WGN45	0.67008333333332	0.10050215983232	1108	0.472887309396519	0.867279357270121
129	WGN45	1.18799999999999	0.10050215983232	1108	0.990803976063184	1.38519602393679
1	WGN46	1.36	0.100502159832323	1108	1.16280397606319	1.55719602393681
2	WGN46	0.853000000000015	0.10050215983232	1108	0.655803976063213	1.05019602393682
3	WGN46	1.13250000000002	0.10050215983232	1108	0.935303976063215	1.32969602393682
4	WGN46	1.12682352941177	0.10050215983232	1108	0.929627505474971	1.32401955334857
6	WGN46	1.36700000000001	0.10050215983232	1108	1.16980397606321	1.56419602393681
7	WGN46	1.1599090909091	0.10050215983232	1108	0.962713066972301	1.3571051148459
8	WGN46	1.334	0.10050215983232	1108	1.1368039760632	1.53119602393681
9	WGN46	1.25100000000001	0.10050215983232	1108	1.05380397606321	1.44819602393681
10	WGN46	1.28350000000002	0.100502159832319	1108	1.08630397606322	1.48069602393682
11	WGN46	1.19050000000001	0.10050215983232	1108	0.993303976063204	1.38769602393681
12	WGN46	1.07700000000002	0.100502159832319	1108	0.879803976063219	1.27419602393682
13	WGN46	1.30808333333334	0.100502159832319	1108	1.11088730939654	1.50527935727014
14	WGN46	1.18075000000001	0.100502159832321	1108	0.983553976063201	1.37794602393681
15	WGN46	1.16625000000002	0.10050215983232	1108	0.969053976063221	1.36344602393682
16	WGN46	1.23599999999998	0.100502159832319	1108	1.03880397606318	1.43319602393678
17	WGN46	1.14041666666668	0.100502159832319	1108	0.943220642729877	1.33761269060348
18	WGN46	1.06424104552828	0.142163554340376	1108	0.785300894277618	1.34318119677894
19	WGN46	1.20700000000001	0.10050215983232	1108	1.0098039760632	1.40419602393681
20	WGN46	0.962499999999997	0.100502159832321	1108	0.765303976063193	1.1596960239368
21	WGN46	1.15524104552826	0.142163554340378	1108	0.876300894277592	1.43418119677892
22	WGN46	1.08045454545456	0.100502159832319	1108	0.88325852151776	1.27765056939136
23	WGN46	1.21175895447175	0.142163554340377	1108	0.932818803221087	1.49069910572241
24	WGN46	0.948500000000022	0.100502159832319	1108	0.751303976063223	1.14569602393682
25	WGN46	1.1545	0.10050215983232	1108	0.957303976063202	1.35169602393681
26	WGN46	1.14118181818183	0.100502159832319	1108	0.943985794245035	1.33837784211863
27	WGN46	1.11350000000001	0.10050215983232	1108	0.916303976063208	1.31069602393681
28	WGN46	1.05591666666667	0.10050215983232	1108	0.85872064272987	1.25311269060347
29	WGN46	1.091	0.100502159832321	1108	0.893803976063199	1.28819602393681
30	WGN46	1.11300000000001	0.10050215983232	1108	0.915803976063209	1.31019602393681
31	WGN46	1.41033333333334	0.100502159832319	1108	1.21313730939654	1.60752935727014
32	WGN46	1.47650000000001	0.10050215983232	1108	1.27930397606321	1.67369602393681
33	WGN46	1.12761363636365	0.100502159832319	1108	0.930417612426849	1.32480966030045
34	WGN46	1.06200000000002	0.10050215983232	1108	0.864803976063217	1.25919602393682
36	WGN46	1.16350000000002	0.10050215983232	1108	0.966303976063215	1.36069602393682
37	WGN46	1.39213636363637	0.100502159832319	1108	1.19494033969957	1.58933238757317
38	WGN46	1.4988888888889	0.100502159832319	1108	1.3016928649521	1.6960849128257
39	WGN46	0.806304409017205	0.142163554340377	1108	0.527364257766541	1.08524456026787
40	WGN46	1.12000000000001	0.100502159832318	1108	0.922803976063216	1.31719602393681
41	WGN46	1.35800000000001	0.100502159832319	1108	1.16080397606321	1.55519602393681
42	WGN46	0.948500000000008	0.10050215983232	1108	0.751303976063207	1.14569602393681
43	WGN46	1.0685	0.10050215983232	1108	0.871303976063203	1.26569602393681
44	WGN46	1.22100000000001	0.10050215983232	1108	1.02380397606321	1.41819602393681
45	WGN46	1.20600000000001	0.10050215983232	1108	1.00880397606321	1.40319602393681
46	WGN46	1.14754545454547	0.100502159832319	1108	0.950349430608667	1.34474147848227
47	WGN46	1.23100000000001	0.10050215983232	1108	1.03380397606321	1.42819602393681
48	WGN46	1.19425000000002	0.100502159832319	1108	0.997053976063219	1.39144602393682
49	WGN46	1.47898989898991	0.100502159832319	1108	1.28179387505311	1.67618592292671
50	WGN46	1.58675895447175	0.142163554340378	1108	1.30781880322108	1.86569910572241
51	WGN46	1.50775895447175	0.142163554340377	1108	1.22881880322109	1.78669910572242
52	WGN46	0.967000000000011	0.100502159832319	1108	0.76980397606321	1.16419602393681
53	WGN46	0.93750000000001	0.10050215983232	1108	0.740303976063209	1.13469602393681
54	WGN46	1.23450000000001	0.100502159832319	1108	1.03730397606321	1.43169602393681
55	WGN46	0.945000000000012	0.10050215983232	1108	0.747803976063211	1.14219602393681
56	WGN46	1.02900000000002	0.100502159832319	1108	0.831803976063216	1.22619602393682
57	WGN46	1.36333333333335	0.10050215983232	1108	1.16613730939655	1.56052935727015
58	WGN46	1.15950000000001	0.100502159832319	1108	0.962303976063213	1.35669602393681
59	WGN46	1.45941666666667	0.100502159832319	1108	1.26222064272987	1.65661269060347
60	WGN46	1.40050000000001	0.10050215983232	1108	1.20330397606321	1.59769602393681
61	WGN46	1.21250000000001	0.10050215983232	1108	1.01530397606321	1.40969602393681
62	WGN46	1.37700000000001	0.10050215983232	1108	1.17980397606321	1.57419602393681
63	WGN46	1.31142307692309	0.10050215983232	1108	1.11422705298629	1.50861910085989
64	WGN46	1.28300000000001	0.100502159832319	1108	1.08580397606321	1.48019602393681
65	WGN46	1.58875895447175	0.142163554340378	1108	1.30981880322109	1.86769910572242
66	WGN46	0.98263636363638	0.100502159832319	1108	0.785440339699581	1.17983238757318
67	WGN46	1.07868181818183	0.100502159832319	1108	0.881485794245032	1.27587784211863
68	WGN46	1.14300000000001	0.10050215983232	1108	0.945803976063211	1.34019602393681
69	WGN46	1.11300000000001	0.10050215983232	1108	0.915803976063207	1.31019602393681
70	WGN46	1.43033333333335	0.100502159832319	1108	1.23313730939655	1.62752935727015
71	WGN46	1.52033333333335	0.100502159832319	1108	1.32313730939655	1.71752935727015
72	WGN46	1.09200000000001	0.10050215983232	1108	0.89480397606321	1.28919602393681
73	WGN46	1.21822222222223	0.100502159832319	1108	1.02102619828544	1.41541824615903
74	WGN46	1.16366666666668	0.100502159832319	1108	0.966470642729875	1.36086269060348
75	WGN46	0.997000000000012	0.100502159832319	1108	0.799803976063212	1.19419602393681
76	WGN46	1.00300000000001	0.10050215983232	1108	0.805803976063209	1.20019602393681
78	WGN46	1.27459090909092	0.10050215983232	1108	1.07739488515412	1.47178693302772
79	WGN46	1.59650000000001	0.10050215983232	1108	1.39930397606321	1.79369602393681
80	WGN46	1.08900000000001	0.10050215983232	1108	0.891803976063209	1.28619602393681
81	WGN46	1.22250000000001	0.10050215983232	1108	1.02530397606321	1.41969602393681
82	WGN46	1.15222222222223	0.10050215983232	1108	0.955026198285426	1.34941824615903
83	WGN46	1.45050000000001	0.10050215983232	1108	1.25330397606321	1.64769602393681
84	WGN46	0.762758954471755	0.142163554340378	1108	0.48381880322109	1.04169910572242
85	WGN46	0.988500000000009	0.10050215983232	1108	0.791303976063208	1.18569602393681
86	WGN46	1.20650000000001	0.10050215983232	1108	1.00930397606321	1.40369602393681
87	WGN46	1.10563636363638	0.100502159832319	1108	0.908440339699577	1.30283238757318
88	WGN46	1.0327142857143	0.100502159832319	1108	0.835518261777498	1.2299103096511
89	WGN46	1.31100000000001	0.10050215983232	1108	1.11380397606321	1.50819602393681
90	WGN46	0.943500000000014	0.100502159832319	1108	0.746303976063213	1.14069602393681
91	WGN46	1.2865743788616	0.142163554340377	1108	1.00763422761094	1.56551453011227
93	WGN46	1.26318181818183	0.100502159832319	1108	1.06598579424503	1.46037784211863
94	WGN46	1.30463636363638	0.10050215983232	1108	1.10744033969958	1.50183238757318
95	WGN46	1.17700000000001	0.100502159832319	1108	0.979803976063213	1.37419602393681
96	WGN46	1.25100000000002	0.100502159832319	1108	1.05380397606322	1.44819602393682
98	WGN46	1.79424104552827	0.142163554340378	1108	1.5153008942776	2.07318119677894
100	WGN46	1.31350000000001	0.100502159832319	1108	1.11630397606321	1.51069602393681
101	WGN46	1.17450000000001	0.10050215983232	1108	0.97730397606321	1.37169602393681
102	WGN46	1.26781818181819	0.100502159832319	1108	1.07062215788139	1.46501420575499
103	WGN46	1.15627272727274	0.10050215983232	1108	0.959076703335937	1.35346875120954
104	WGN46	1.00818181818184	0.100502159832319	1108	0.810985794245035	1.20537784211864
106	WGN46	1.08750000000001	0.10050215983232	1108	0.89030397606321	1.28469602393681
107	WGN46	1.25900000000001	0.100502159832319	1108	1.06180397606321	1.45619602393681
108	WGN46	1.30050000000001	0.10050215983232	1108	1.10330397606321	1.49769602393681
109	WGN46	1.14795454545456	0.10050215983232	1108	0.950758521517756	1.34515056939136
110	WGN46	1.37100000000001	0.10050215983232	1108	1.17380397606321	1.56819602393681
111	WGN46	0.90166666666668	0.100502159832319	1108	0.704470642729879	1.09886269060348
112	WGN46	1.10150000000001	0.100502159832319	1108	0.904303976063214	1.29869602393681
113	WGN46	1.24750000000001	0.10050215983232	1108	1.05030397606321	1.44469602393681
114	WGN46	1.75650000000001	0.100502159832319	1108	1.55930397606321	1.95369602393681
115	WGN46	1.18550000000001	0.100502159832319	1108	0.988303976063211	1.38269602393681
116	WGN46	1.20766666666668	0.100502159832319	1108	1.01047064272988	1.40486269060348
117	WGN46	0.98717194570137	0.10050215983232	1108	0.789975921764569	1.18436796963817
118	WGN46	1.09324104552827	0.142163554340378	1108	0.814300894277604	1.37218119677894
119	WGN46	1.25900000000001	0.10050215983232	1108	1.06180397606321	1.45619602393681
120	WGN46	1.44254545454547	0.100502159832319	1108	1.24534943060867	1.63974147848227
121	WGN46	1.1654090909091	0.100502159832319	1108	0.968213066972302	1.3626051148459
122	WGN46	1.39400000000001	0.100502159832319	1108	1.19680397606321	1.59119602393681
123	WGN46	1.2051388888889	0.100502159832319	1108	1.0079428649521	1.4023349128257
124	WGN46	0.905916666666679	0.100502159832319	1108	0.708720642729879	1.10311269060348
125	WGN46	1.14250000000001	0.100502159832319	1108	0.945303976063212	1.33969602393681
126	WGN46	1.53416666666668	0.100502159832319	1108	1.33697064272988	1.73136269060348
127	WGN46	1.24587500000001	0.100502159832319	1108	1.04867897606321	1.44307102393681
128	WGN46	1.10900000000001	0.100502159832319	1108	0.911803976063212	1.30619602393681
129	WGN46	1.47050000000001	0.100502159832319	1108	1.27330397606321	1.66769602393681
130	WGN46	1.48150000000001	0.100502159832319	1108	1.28430397606321	1.67869602393681
1	WGN55	1.08999999999999	0.100502159832319	1108	0.892803976063191	1.28719602393679
2	WGN55	0.785340909090886	0.100502159832321	1108	0.588144885154082	0.98253693302769
3	WGN55	1.07511111111109	0.10050215983232	1108	0.877915087174289	1.27230713504789
4	WGN55	1.10977777777776	0.10050215983232	1108	0.912581753840954	1.30697380171456
5	WGN55	1.00049999999998	0.100502159832321	1108	0.803303976063178	1.19769602393679
6	WGN55	1.2462222222222	0.10050215983232	1108	1.0490261982854	1.44341824615901
7	WGN55	1.02922727272726	0.100502159832318	1108	0.832031248790459	1.22642329666406
8	WGN55	1.17481818181816	0.100502159832318	1108	0.977622157881363	1.37201420575496
9	WGN55	1.08199999999998	0.100502159832318	1108	0.884803976063185	1.27919602393678
10	WGN55	1.22049999999999	0.100502159832319	1108	1.02330397606318	1.41769602393679
11	WGN55	1.09831818181816	0.10050215983232	1108	0.901122157881357	1.29551420575496
12	WGN55	0.91975895447172	0.142163554340379	1108	0.640818803221052	1.19869910572239
13	WGN55	0.803999999999985	0.100502159832319	1108	0.606803976063185	1.00119602393678
14	WGN55	1.14575895447172	0.142163554340377	1108	0.866818803221053	1.42469910572238
15	WGN55	1.06299999999999	0.10050215983232	1108	0.865803976063186	1.26019602393679
16	WGN55	1.01799999999998	0.100502159832321	1108	0.82080397606318	1.21519602393679
17	WGN55	1.00375895447172	0.142163554340378	1108	0.724818803221049	1.28269910572238
18	WGN55	1.15740909090907	0.100502159832319	1108	0.960213066972273	1.35460511484587
19	WGN55	1.20722727272725	0.100502159832319	1108	1.01003124879045	1.40442329666405
20	WGN55	1.38799999999998	0.10050215983232	1108	1.19080397606318	1.58519602393678
21	WGN55	1.29963636363634	0.10050215983232	1108	1.10244033969954	1.49683238757314
22	WGN55	1.14599999999998	0.10050215983232	1108	0.948803976063182	1.34319602393678
23	WGN55	1.29649999999998	0.100502159832319	1108	1.09930397606318	1.49369602393678
24	WGN55	1.10199999999998	0.10050215983232	1108	0.904803976063179	1.29919602393678
25	WGN55	1.09249999999998	0.10050215983232	1108	0.895303976063181	1.28969602393678
26	WGN55	0.937916666666652	0.100502159832319	1108	0.740720642729852	1.13511269060345
27	WGN55	1.12702797202796	0.10050215983232	1108	0.929831948091157	1.32422399596476
28	WGN55	1.18063636363634	0.100502159832319	1108	0.98344033969954	1.37783238757314
29	WGN55	1.31649999999998	0.100502159832319	1108	1.11930397606318	1.51369602393678
30	WGN55	1.13895454545453	0.100502159832319	1108	0.941758521517727	1.33615056939132
31	WGN55	1.05186363636362	0.100502159832319	1108	0.854667612426819	1.24905966030042
32	WGN55	1.29924104552824	0.142163554340379	1108	1.02030089427757	1.57818119677891
33	WGN55	1.09449999999998	0.100502159832319	1108	0.897303976063184	1.29169602393678
34	WGN55	1.13399999999998	0.100502159832319	1108	0.936803976063183	1.33119602393678
35	WGN55	1.24849999999999	0.100502159832319	1108	1.05130397606319	1.44569602393679
36	WGN55	1.19905594405593	0.100502159832319	1108	1.00185992011913	1.39625196799273
37	WGN55	1.29075895447173	0.142163554340377	1108	1.01181880322106	1.56969910572239
38	WGN55	0.752227272727262	0.100502159832319	1108	0.555031248790463	0.949423296664062
40	WGN55	1.08772727272726	0.10050215983232	1108	0.890531248790458	1.28492329666406
41	WGN55	1.24936363636362	0.100502159832319	1108	1.05216761242682	1.44655966030042
42	WGN55	1.18649999999998	0.10050215983232	1108	0.989303976063179	1.38369602393678
43	WGN55	0.934136363636351	0.10050215983232	1108	0.736940339699548	1.13133238757315
44	WGN55	1.16935215663935	0.142163554340378	1108	0.890412005388684	1.44829230789001
45	WGN55	1.04049999999999	0.100502159832319	1108	0.84330397606319	1.23769602393679
46	WGN55	0.724666666666648	0.100502159832319	1108	0.527470642729848	0.921862690603449
47	WGN55	1.08999999999998	0.100502159832319	1108	0.892803976063185	1.28719602393678
48	WGN55	1.01633333333332	0.100502159832319	1108	0.819137309396518	1.21352935727012
49	WGN55	1.23949999999998	0.10050215983232	1108	1.04230397606318	1.43669602393679
50	WGN55	1.13581818181816	0.10050215983232	1108	0.938622157881363	1.33301420575496
52	WGN55	0.996999999999985	0.10050215983232	1108	0.799803976063184	1.19419602393679
53	WGN55	0.832333333333315	0.10050215983232	1108	0.635137309396513	1.02952935727012
54	WGN55	0.863444444444428	0.10050215983232	1108	0.666248420507626	1.06064046838123
55	WGN55	1.14399999999998	0.100502159832319	1108	0.946803976063179	1.34119602393678
56	WGN55	1.01868181818181	0.10050215983232	1108	0.821485794245006	1.21587784211861
57	WGN55	1.26175895447172	0.142163554340377	1108	0.982818803221059	1.54069910572239
58	WGN55	1.02949999999998	0.10050215983232	1108	0.832303976063179	1.22669602393678
59	WGN55	1.01268548997269	0.142163554340378	1108	0.733745338722019	1.29162564122335
60	WGN55	1.24083333333332	0.10050215983232	1108	1.04363730939652	1.43802935727012
61	WGN55	0.718560606060593	0.100502159832319	1108	0.521364582123794	0.915756629997393
62	WGN55	1.01749999999998	0.10050215983232	1108	0.820303976063183	1.21469602393679
63	WGN55	1.0946818181818	0.100502159832319	1108	0.897485794245001	1.2918778421186
64	WGN55	0.980999999999983	0.100502159832319	1108	0.783803976063182	1.17819602393678
65	WGN55	1.11449999999998	0.10050215983232	1108	0.91730397606318	1.31169602393678
66	WGN55	0.757954545454527	0.10050215983232	1108	0.560758521517726	0.955150569391328
67	WGN55	1.06249999999998	0.10050215983232	1108	0.865303976063182	1.25969602393678
68	WGN55	0.75575757575756	0.100502159832319	1108	0.55856155182076	0.952953599694361
69	WGN55	1.13504545454544	0.100502159832319	1108	0.937849430608637	1.33224147848224
70	WGN55	1.08599999999998	0.100502159832319	1108	0.888803976063184	1.28319602393678
71	WGN55	1.04599999999998	0.10050215983232	1108	0.848803976063182	1.24319602393678
72	WGN55	0.883499999999982	0.100502159832319	1108	0.686303976063182	1.08069602393678
73	WGN55	1.24649999999998	0.10050215983232	1108	1.04930397606318	1.44369602393678
74	WGN55	1.08386363636362	0.10050215983232	1108	0.886667612426817	1.28105966030042
75	WGN55	1.10149999999998	0.100502159832319	1108	0.90430397606318	1.29869602393678
76	WGN55	1.0399621212121	0.10050215983232	1108	0.8427660972753	1.2371581451489
77	WGN55	0.937055555555541	0.10050215983232	1108	0.73985953161874	1.13425157949234
78	WGN55	0.793499999999984	0.100502159832319	1108	0.596303976063183	0.990696023936784
80	WGN55	1.04049999999998	0.10050215983232	1108	0.843303976063182	1.23769602393678
81	WGN55	0.835999999999983	0.10050215983232	1108	0.638803976063182	1.03319602393678
82	WGN55	1.14937499999998	0.10050215983232	1108	0.952178976063181	1.34657102393678
83	WGN55	0.74699999999998	0.10050215983232	1108	0.549803976063178	0.944196023936781
84	WGN55	0.767423076923058	0.10050215983232	1108	0.570227052986257	0.964619100859859
85	WGN55	1.38611111111109	0.10050215983232	1108	1.18891508717429	1.58330713504789
86	WGN55	0.905499999999983	0.10050215983232	1108	0.708303976063181	1.10269602393678
87	WGN55	0.948499999999981	0.10050215983232	1108	0.75130397606318	1.14569602393678
88	WGN55	0.947499999999982	0.100502159832319	1108	0.750303976063182	1.14469602393678
89	WGN55	1.17433333333332	0.10050215983232	1108	0.977137309396517	1.37152935727012
90	WGN55	0.826999999999982	0.100502159832319	1108	0.629803976063181	1.02419602393678
91	WGN55	1.22199999999998	0.10050215983232	1108	1.02480397606318	1.41919602393678
92	WGN55	0.941499999999983	0.100502159832319	1108	0.744303976063183	1.13869602393678
93	WGN55	1.03099999999998	0.100502159832319	1108	0.833803976063182	1.22819602393678
94	WGN55	1.08940476190474	0.100502159832319	1108	0.892208737967944	1.28660078584154
95	WGN55	0.959909090909072	0.10050215983232	1108	0.762713066972271	1.15710511484587
96	WGN55	0.807499999999983	0.10050215983232	1108	0.610303976063182	1.00469602393678
97	WGN55	0.943499999999983	0.10050215983232	1108	0.746303976063182	1.14069602393678
98	WGN55	0.783499999999981	0.10050215983232	1108	0.586303976063179	0.980696023936782
99	WGN55	0.778249999999982	0.100502159832319	1108	0.581053976063181	0.975446023936783
100	WGN55	0.954722222222204	0.100502159832319	1108	0.757526198285404	1.151918246159
101	WGN55	0.950937499999982	0.10050215983232	1108	0.753741476063181	1.14813352393678
102	WGN55	1.09354545454544	0.10050215983232	1108	0.896349430608636	1.29074147848224
103	WGN55	0.768499999999982	0.100502159832319	1108	0.571303976063182	0.965696023936783
104	WGN55	1.05049999999998	0.100502159832319	1108	0.85330397606318	1.24769602393678
105	WGN55	1.09349999999998	0.100502159832319	1108	0.89630397606318	1.29069602393678
106	WGN55	1.24299999999998	0.100502159832319	1108	1.04580397606318	1.44019602393678
107	WGN55	1.29459090909089	0.10050215983232	1108	1.09739488515409	1.49178693302769
108	WGN55	0.624499999999985	0.100502159832319	1108	0.427303976063184	0.821696023936785
109	WGN55	0.905999999999983	0.100502159832319	1108	0.708803976063182	1.10319602393678
110	WGN55	1.14905555555554	0.100502159832319	1108	0.951859531618736	1.34625157949234
111	WGN55	1.14983333333332	0.10050215983232	1108	0.952637309396517	1.34702935727012
112	WGN55	1.09349999999998	0.10050215983232	1108	0.896303976063181	1.29069602393678
113	WGN55	1.18066666666665	0.10050215983232	1108	0.983470642729847	1.37786269060345
114	WGN55	1.1001818181818	0.10050215983232	1108	0.902985794245001	1.2973778421186
115	WGN55	0.865499999999981	0.10050215983232	1108	0.66830397606318	1.06269602393678
116	WGN55	0.804241045528241	0.142163554340378	1108	0.525300894277576	1.08318119677891
117	WGN55	0.589666666666648	0.10050215983232	1108	0.392470642729847	0.786862690603449
118	WGN55	1.07692857142855	0.100502159832319	1108	0.879732547491753	1.27412459536535
119	WGN55	1.12499999999998	0.100502159832319	1108	0.927803976063181	1.32219602393678
120	WGN55	1.18404545454544	0.10050215983232	1108	0.986849430608637	1.38124147848224
121	WGN55	0.993124999999982	0.100502159832319	1108	0.795928976063182	1.19032102393678
122	WGN55	1.37588888888887	0.100502159832319	1108	1.17869286495207	1.57308491282567
123	WGN55	0.789333333333316	0.100502159832319	1108	0.592137309396515	0.986529357270117
124	WGN55	1.17599999999998	0.100502159832319	1108	0.978803976063182	1.37319602393678
125	WGN55	0.949999999999982	0.100502159832319	1108	0.752803976063182	1.14719602393678
126	WGN55	1.00649999999998	0.100502159832319	1108	0.809303976063181	1.20369602393678
128	WGN55	0.894999999999982	0.100502159832319	1108	0.697803976063181	1.09219602393678
129	WGN55	1.48099999999998	0.100502159832319	1108	1.28380397606318	1.67819602393678
130	WGN55	1.02616666666665	0.100502159832319	1108	0.828970642729846	1.22336269060345
1	WGN63	1.16040909090908	0.10050215983232	1108	0.963213066972282	1.35760511484588
2	WGN63	1.03287878787878	0.10050215983232	1108	0.835682763941979	1.23007481181558
3	WGN63	1.23149999999999	0.100502159832319	1108	1.03430397606319	1.42869602393678
4	WGN63	1.23699999999999	0.100502159832319	1108	1.03980397606319	1.43419602393679
5	WGN63	1.10742424242424	0.100502159832319	1108	0.910228218487444	1.30462026636104
6	WGN63	1.21475895447174	0.142163554340378	1108	0.935818803221072	1.4936991057224
7	WGN63	0.933499999999997	0.100502159832319	1108	0.736303976063197	1.1306960239368
8	WGN63	1.00963636363636	0.100502159832319	1108	0.812440339699563	1.20683238757316
9	WGN63	1.433	0.10050215983232	1108	1.2358039760632	1.6301960239368
10	WGN63	1.17104545454545	0.100502159832319	1108	0.973849430608652	1.36824147848225
12	WGN63	1.22199999999999	0.100502159832319	1108	1.02480397606319	1.41919602393679
13	WGN63	1.37499999999998	0.10050215983232	1108	1.17780397606318	1.57219602393678
14	WGN63	1.0051111111111	0.10050215983232	1108	0.807915087174299	1.2023071350479
16	WGN63	1.11727272727272	0.100502159832319	1108	0.920076703335918	1.31446875120952
17	WGN63	1.21780769230769	0.10050215983232	1108	1.02061166837089	1.41500371624449
18	WGN63	1.21999999999999	0.100502159832319	1108	1.02280397606319	1.41719602393679
19	WGN63	1.02499999999999	0.100502159832319	1108	0.827803976063194	1.2221960239368
20	WGN63	1.19318181818183	0.100502159832319	1108	0.995985794245027	1.39037784211863
21	WGN63	1.101	0.100502159832319	1108	0.9038039760632	1.2981960239368
22	WGN63	1.5885	0.100502159832319	1108	1.3913039760632	1.7856960239368
23	WGN63	1.17277777777777	0.10050215983232	1108	0.975581753840966	1.36997380171457
24	WGN63	1.12699999999999	0.10050215983232	1108	0.929803976063188	1.32419602393679
25	WGN63	1.147	0.100502159832319	1108	0.949803976063195	1.34419602393679
26	WGN63	0.963499999999989	0.100502159832319	1108	0.766303976063189	1.16069602393679
27	WGN63	1.085	0.10050215983232	1108	0.887803976063195	1.2821960239368
28	WGN63	1.06949999999999	0.10050215983232	1108	0.87230397606319	1.26669602393679
29	WGN63	1.2785	0.10050215983232	1108	1.0813039760632	1.4756960239368
30	WGN63	1.36416666666666	0.10050215983232	1108	1.16697064272985	1.56136269060346
31	WGN63	0.877115384615373	0.10050215983232	1108	0.67991936067857	1.07431140855217
32	WGN63	0.873454545454541	0.10050215983232	1108	0.676258521517739	1.07065056939134
33	WGN63	0.916704545454536	0.10050215983232	1108	0.719508521517735	1.11390056939134
34	WGN63	1.15449999999999	0.10050215983232	1108	0.957303976063186	1.35169602393679
35	WGN63	1.43063636363636	0.100502159832319	1108	1.23344033969956	1.62783238757316
36	WGN63	0.984074378861586	0.142163554340378	1108	0.70513422761092	1.26301453011225
37	WGN63	1.06936363636363	0.10050215983232	1108	0.87216761242683	1.26655966030043
38	WGN63	0.985166666666659	0.100502159832319	1108	0.787970642729858	1.18236269060346
39	WGN63	1.31399999999999	0.100502159832319	1108	1.11680397606319	1.51119602393679
40	WGN63	0.616499999999995	0.100502159832319	1108	0.419303976063195	0.813696023936795
41	WGN63	0.864758954471733	0.142163554340378	1108	0.585818803221067	1.1436991057224
42	WGN63	1.402	0.10050215983232	1108	1.2048039760632	1.5991960239368
43	WGN63	1.10349999999999	0.100502159832319	1108	0.906303976063194	1.30069602393679
44	WGN63	0.996060606060602	0.100502159832319	1108	0.798864582123802	1.1932566299974
45	WGN63	0.9555	0.100502159832319	1108	0.758303976063199	1.1526960239368
46	WGN63	0.880590909090902	0.10050215983232	1108	0.683394885154101	1.0777869330277
47	WGN63	1.01368181818181	0.100502159832319	1108	0.816485794245012	1.21087784211861
48	WGN63	1.19986363636363	0.10050215983232	1108	1.00266761242683	1.39705966030043
49	WGN63	1.17645454545454	0.10050215983232	1108	0.979258521517736	1.37365056939134
50	WGN63	0.836499999999991	0.100502159832319	1108	0.639303976063191	1.03369602393679
51	WGN63	1.15096831825552	0.142163554340378	1108	0.872028167004854	1.42990846950619
52	WGN63	1.32299999999999	0.100502159832319	1108	1.12580397606319	1.52019602393679
53	WGN63	1.25749999999999	0.10050215983232	1108	1.06030397606319	1.45469602393679
54	WGN63	1.34174999999999	0.100502159832319	1108	1.14455397606319	1.53894602393679
55	WGN63	1.06344444444444	0.100502159832319	1108	0.866248420507639	1.26064046838124
56	WGN63	1.03895454545454	0.100502159832319	1108	0.841758521517736	1.23615056939134
57	WGN63	1.01094444444444	0.10050215983232	1108	0.813748420507636	1.20814046838124
58	WGN63	1.08499999999999	0.100502159832319	1108	0.887803976063193	1.28219602393679
59	WGN63	0.898999999999994	0.100502159832319	1108	0.701803976063194	1.0961960239368
60	WGN63	1.37072727272727	0.10050215983232	1108	1.17353124879047	1.56792329666407
61	WGN63	1.3095909090909	0.10050215983232	1108	1.1123948851541	1.50678693302771
62	WGN63	0.978999999999995	0.100502159832319	1108	0.781803976063195	1.1761960239368
63	WGN63	1.41490909090908	0.100502159832319	1108	1.21771306697228	1.61210511484588
64	WGN63	0.913499999999991	0.10050215983232	1108	0.71630397606319	1.11069602393679
65	WGN63	0.962999999999993	0.100502159832319	1108	0.765803976063193	1.16019602393679
66	WGN63	1.00313636363636	0.100502159832319	1108	0.805940339699559	1.20033238757316
67	WGN63	0.868499999999994	0.100502159832319	1108	0.671303976063194	1.06569602393679
68	WGN63	1.13307692307692	0.10050215983232	1108	0.935880899140116	1.33027294701372
69	WGN63	1.22349999999999	0.100502159832319	1108	1.02630397606319	1.42069602393679
70	WGN63	1.24005555555555	0.100502159832319	1108	1.04285953161875	1.43725157949235
72	WGN63	1.0455	0.100502159832319	1108	0.848303976063195	1.2426960239368
73	WGN63	1.12349999999999	0.100502159832319	1108	0.926303976063194	1.3206960239368
74	WGN63	0.994999999999995	0.100502159832319	1108	0.797803976063195	1.1921960239368
75	WGN63	1.12249999999999	0.10050215983232	1108	0.925303976063192	1.31969602393679
76	WGN63	1.01699999999999	0.10050215983232	1108	0.819803976063191	1.21419602393679
77	WGN63	1.11199999999999	0.10050215983232	1108	0.914803976063192	1.30919602393679
78	WGN63	1.09283333333333	0.10050215983232	1108	0.895637309396526	1.29002935727013
79	WGN63	0.963499999999993	0.10050215983232	1108	0.766303976063192	1.16069602393679
80	WGN63	0.981777777777771	0.100502159832319	1108	0.784581753840971	1.17897380171457
81	WGN63	1.00403846153845	0.10050215983232	1108	0.806842437601652	1.20123448547525
82	WGN63	0.907999999999992	0.10050215983232	1108	0.71080397606319	1.10519602393679
83	WGN63	1.07858333333333	0.10050215983232	1108	0.881387309396526	1.27577935727013
84	WGN63	1.00149999999999	0.100502159832319	1108	0.804303976063194	1.19869602393679
85	WGN63	1.26708333333333	0.10050215983232	1108	1.06988730939653	1.46427935727013
86	WGN63	0.999499999999991	0.10050215983232	1108	0.80230397606319	1.19669602393679
87	WGN63	0.767499999999994	0.10050215983232	1108	0.570303976063193	0.964696023936795
88	WGN63	1.13175895447174	0.142163554340378	1108	0.852818803221071	1.4106991057224
89	WGN63	1.22099999999999	0.100502159832319	1108	1.02380397606319	1.41819602393679
90	WGN63	1.04124104552825	0.142163554340378	1108	0.762300894277588	1.32018119677892
91	WGN63	1.17649999999999	0.10050215983232	1108	0.979303976063193	1.37369602393679
92	WGN63	1.04949999999999	0.10050215983232	1108	0.852303976063192	1.24669602393679
93	WGN63	1.11399999999999	0.10050215983232	1108	0.916803976063192	1.31119602393679
94	WGN63	1.56749999999999	0.10050215983232	1108	1.37030397606319	1.7646960239368
95	WGN63	1.22940601329526	0.142163554340377	1108	0.950465862044598	1.50834616454593
96	WGN63	0.949499999999993	0.10050215983232	1108	0.752303976063192	1.14669602393679
97	WGN63	1.13349999999999	0.10050215983232	1108	0.936303976063191	1.33069602393679
98	WGN63	1.29045454545454	0.10050215983232	1108	1.09325852151774	1.48765056939134
99	WGN63	1.52299999999999	0.100502159832319	1108	1.32580397606319	1.72019602393679
100	WGN63	1.26144444444444	0.10050215983232	1108	1.06424842050764	1.45864046838124
101	WGN63	1.5195	0.10050215983232	1108	1.32230397606319	1.7166960239368
102	WGN63	1.26999999999999	0.10050215983232	1108	1.07280397606319	1.4671960239368
103	WGN63	1.20899999999999	0.100502159832319	1108	1.01180397606319	1.40619602393679
105	WGN63	1.06649999999999	0.10050215983232	1108	0.869303976063191	1.26369602393679
106	WGN63	0.891133954471735	0.142163554340377	1108	0.61219380322107	1.1700741057224
107	WGN63	1.14375895447174	0.142163554340377	1108	0.86481880322107	1.4226991057224
109	WGN63	0.756499999999993	0.10050215983232	1108	0.559303976063192	0.953696023936794
110	WGN63	0.867999999999994	0.100502159832319	1108	0.670803976063194	1.06519602393679
111	WGN63	1.14249999999999	0.10050215983232	1108	0.945303976063192	1.33969602393679
112	WGN63	0.930499999999993	0.10050215983232	1108	0.733303976063191	1.12769602393679
114	WGN63	1.00349999999999	0.10050215983232	1108	0.806303976063192	1.20069602393679
115	WGN63	1.00299999999999	0.10050215983232	1108	0.805803976063192	1.20019602393679
116	WGN63	1.26699999999999	0.100502159832319	1108	1.06980397606319	1.46419602393679
117	WGN63	1.23099999999999	0.10050215983232	1108	1.03380397606319	1.4281960239368
118	WGN63	1.26599999999999	0.100502159832319	1108	1.06880397606319	1.46319602393679
119	WGN63	1.10949999999999	0.100502159832319	1108	0.912303976063193	1.30669602393679
121	WGN63	1.35794444444444	0.10050215983232	1108	1.16074842050764	1.55514046838124
122	WGN63	1.05299999999999	0.10050215983232	1108	0.855803976063193	1.25019602393679
123	WGN63	1.09172727272727	0.10050215983232	1108	0.894531248790468	1.28892329666407
124	WGN63	0.976944444444438	0.10050215983232	1108	0.779748420507637	1.17414046838124
125	WGN63	1.00799999999999	0.10050215983232	1108	0.810803976063192	1.20519602393679
126	WGN63	1.22699999999999	0.10050215983232	1108	1.02980397606319	1.42419602393679
127	WGN63	1.44483333333333	0.10050215983232	1108	1.24763730939653	1.64202935727013
128	WGN63	1.16227272727272	0.10050215983232	1108	0.965076703335918	1.35946875120952
129	WGN63	1.18349999999999	0.10050215983232	1108	0.986303976063193	1.38069602393679
130	WGN63	1.65901515151515	0.10050215983232	1108	1.46181912757835	1.85621117545195
