plantID3	famID	emmean	SE	df	lower.CL	upper.CL
1	WGN07	0.986681818182024	0.126251578361083	1102	0.738961196634754	1.23440243972929
2	WGN07	1.4785000000001	0.126251578361137	1102	1.23077937845273	1.72622062154748
3	WGN07	1.33500000000055	0.12625157836113	1102	1.08727937845319	1.58272062154791
4	WGN07	1.19555555555528	0.126251578361129	1102	0.947834934007916	1.44327617710264
5	WGN07	1.65750000000006	0.126251578361135	1102	1.40977937845268	1.90522062154743
6	WGN07	0.625666666666697	0.126251578361129	1102	0.377946045119335	0.873387288214059
7	WGN07	1.06795454545457	0.126251578361131	1102	0.820233923907206	1.31567516700194
8	WGN07	1.53900000000004	0.126251578361134	1102	1.29127937845267	1.78672062154742
9	WGN07	1.9440909090909	0.12625157836113	1102	1.69637028754354	2.19181153063827
10	WGN07	0.832045454545457	0.126251578361135	1102	0.584324832998083	1.07976607609283
11	WGN07	1.222	0.126251578361131	1102	0.974279378452635	1.46972062154737
12	WGN07	1.18149999999999	0.126251578361135	1102	0.933779378452614	1.42922062154736
13	WGN07	1.52250000000002	0.126251578361136	1102	1.27477937845264	1.77022062154739
14	WGN07	1.28727272727274	0.126251578361134	1102	1.03955210572537	1.53499334882011
15	WGN07	1.2025	0.126251578361133	1102	0.954779378452632	1.45022062154737
16	WGN07	1.15350000000002	0.126251578361134	1102	0.905779378452645	1.40122062154739
17	WGN07	1.65409090909095	0.126251578361136	1102	1.40637028754357	1.90181153063832
18	WGN07	1.26900000000004	0.126251578361133	1102	1.02127937845267	1.5167206215474
20	WGN07	0.446666666666686	0.126251578361135	1102	0.198946045119314	0.694387288214058
21	WGN07	1.56325	0.126251578361133	1102	1.31552937845264	1.81097062154737
22	WGN07	1.35938888888891	0.126251578361135	1102	1.11166826734154	1.60710951043628
23	WGN07	1.29549999999999	0.126251578361129	1102	1.04777937845263	1.54322062154735
24	WGN07	1.28027272727274	0.126251578361135	1102	1.03255210572536	1.52799334882011
25	WGN07	0.932500000000017	0.126251578361133	1102	0.684779378452648	1.18022062154739
26	WGN07	1.48900000000001	0.126251578361134	1102	1.24127937845264	1.73672062154738
27	WGN07	1.83149999999999	0.126251578361133	1102	1.58377937845262	2.07922062154736
28	WGN07	1.20750000000001	0.126251578361132	1102	0.959779378452639	1.45522062154737
29	WGN07	0.907000000000013	0.126251578361133	1102	0.659279378452643	1.15472062154738
30	WGN07	1.33385714285715	0.126251578361132	1102	1.08613652130978	1.58157776440452
31	WGN07	1.23449999999999	0.126251578361133	1102	0.986779378452623	1.48222062154736
32	WGN07	1.29700000000001	0.126251578361135	1102	1.04927937845264	1.54472062154738
33	WGN07	1.42777272727272	0.126251578361131	1102	1.18005210572535	1.67549334882008
34	WGN07	1.428	0.12625157836113	1102	1.18027937845264	1.67572062154736
35	WGN07	1.485	0.12625157836113	1102	1.23727937845264	1.73272062154736
36	WGN07	0.966272727272738	0.126251578361133	1102	0.718552105725369	1.21399334882011
37	WGN07	1.09750000000001	0.126251578361134	1102	0.849779378452641	1.34522062154738
38	WGN07	1.31950000000003	0.126251578361134	1102	1.07177937845265	1.5672206215474
39	WGN07	0.902000000000013	0.126251578361134	1102	0.654279378452643	1.14972062154738
40	WGN07	0.8578282828283	0.126251578361134	1102	0.610107661280929	1.10554890437567
41	WGN07	1.63099999999999	0.126251578361131	1102	1.38327937845263	1.87872062154736
42	WGN07	1.40759090909094	0.126251578361138	1102	1.15987028754356	1.65531153063831
44	WGN07	0.847000000000018	0.12625157836113	1102	0.599279378452654	1.09472062154738
46	WGN07	1.17650000000001	0.126251578361135	1102	0.928779378452642	1.42422062154739
47	WGN07	0.870833333333347	0.126251578361134	1102	0.623112711785977	1.11855395488072
48	WGN07	0.992500000000007	0.126251578361136	1102	0.744779378452633	1.24022062154738
49	WGN07	1.53450000000001	0.126251578361135	1102	1.28677937845263	1.78222062154738
50	WGN07	1.58850000000001	0.126251578361134	1102	1.34077937845264	1.83622062154738
51	WGN07	1.36050000000001	0.126251578361132	1102	1.11277937845265	1.60822062154738
52	WGN07	1.28350000000001	0.126251578361134	1102	1.03577937845264	1.53122062154738
53	WGN07	1.5808181818182	0.126251578361133	1102	1.33309756027083	1.82853880336557
54	WGN07	1.35028329738158	0.178587158229931	1102	0.999874039839052	1.70069255492411
55	WGN07	1.20800000000001	0.126251578361134	1102	0.960279378452636	1.45572062154738
56	WGN07	1.49350000000001	0.126251578361134	1102	1.24577937845264	1.74122062154738
57	WGN07	1.27600000000003	0.126251578361134	1102	1.02827937845265	1.5237206215474
58	WGN07	1.47150000000002	0.126251578361135	1102	1.22377937845264	1.71922062154739
59	WGN07	1.161	0.126251578361134	1102	0.913279378452632	1.40872062154737
60	WGN07	1.26299999999999	0.126251578361131	1102	1.01527937845262	1.51072062154735
61	WGN07	1.50200000000001	0.126251578361134	1102	1.25427937845264	1.74972062154738
63	WGN07	1.10000000000001	0.12625157836113	1102	0.852279378452646	1.34772062154737
64	WGN07	1.3095	0.126251578361136	1102	1.06177937845263	1.55722062154738
66	WGN07	1.2435	0.126251578361131	1102	0.995779378452636	1.49122062154737
67	WGN07	0.664500000000004	0.126251578361133	1102	0.416779378452636	0.912220621547372
68	WGN07	0.867500000000006	0.126251578361135	1102	0.619779378452634	1.11522062154738
69	WGN07	1.68450000000002	0.126251578361133	1102	1.43677937845265	1.93222062154739
71	WGN07	1.46011111111112	0.126251578361133	1102	1.21239048956375	1.70783173265849
73	WGN07	1.21816666666666	0.126251578361134	1102	0.970446045119294	1.46588728821404
74	WGN07	1.78000000000001	0.126251578361134	1102	1.53227937845264	2.02772062154738
75	WGN07	1.37744444444446	0.126251578361134	1102	1.12972382289709	1.62516506599183
76	WGN07	1.11181818181818	0.12625157836113	1102	0.864097560270816	1.35953880336554
77	WGN07	1.47277272727273	0.126251578361133	1102	1.22505210572536	1.7204933488201
78	WGN07	1.181	0.126251578361133	1102	0.933279378452633	1.42872062154737
79	WGN07	1.30650000000001	0.126251578361134	1102	1.05877937845264	1.55422062154738
80	WGN07	1.5065	0.126251578361133	1102	1.25877937845263	1.75422062154737
81	WGN07	1.32459090909092	0.126251578361135	1102	1.07687028754355	1.57231153063829
82	WGN07	1.1075	0.126251578361131	1102	0.859779378452632	1.35522062154736
83	WGN07	0.967575757575769	0.126251578361132	1102	0.719855136028402	1.21529637912314
84	WGN07	1.57499999999999	0.126251578361132	1102	1.32727937845262	1.82272062154736
85	WGN07	1.33933333333332	0.126251578361133	1102	1.09161271178595	1.58705395488069
86	WGN07	1.659	0.126251578361133	1102	1.41127937845263	1.90672062154737
87	WGN07	1.34300000000001	0.126251578361134	1102	1.09527937845263	1.59072062154738
88	WGN07	1.57199999999999	0.12625157836113	1102	1.32427937845263	1.81972062154736
89	WGN07	1.10436363636364	0.126251578361137	1102	0.856643014816266	1.35208425791102
90	WGN07	1.217	0.126251578361132	1102	0.969279378452634	1.46472062154737
91	WGN07	1.56181818181821	0.126251578361135	1102	1.31409756027084	1.80953880336558
92	WGN07	1.29746753246754	0.126251578361132	1102	1.04974691092017	1.5451881540149
93	WGN07	1.398	0.126251578361133	1102	1.15027937845263	1.64572062154736
94	WGN07	1.21200000000001	0.126251578361134	1102	0.964279378452643	1.45972062154739
95	WGN07	1.44363636363638	0.126251578361133	1102	1.19591574208901	1.69135698518374
96	WGN07	1.007	0.126251578361136	1102	0.759279378452629	1.25472062154738
97	WGN07	1.77750000000001	0.126251578361133	1102	1.52977937845265	2.02522062154738
98	WGN07	1.33331818181817	0.126251578361134	1102	1.0855975602708	1.58103880336554
99	WGN07	1.40068181818182	0.126251578361131	1102	1.15296119663446	1.64840243972919
100	WGN07	1.165	0.126251578361132	1102	0.917279378452629	1.41272062154736
101	WGN07	1.65150000000001	0.126251578361136	1102	1.40377937845263	1.89922062154738
102	WGN07	1.84100000000001	0.126251578361132	1102	1.59327937845264	2.08872062154738
103	WGN07	1.06650000000001	0.126251578361135	1102	0.818779378452641	1.31422062154739
104	WGN07	1.57295454545455	0.126251578361132	1102	1.32523392390718	1.82067516700191
105	WGN07	1.5503888888889	0.126251578361132	1102	1.30266826734154	1.79810951043627
106	WGN07	1.39800000000001	0.126251578361135	1102	1.15027937845264	1.64572062154738
107	WGN07	1.10900000000001	0.12625157836113	1102	0.861279378452643	1.35672062154737
108	WGN07	1.46125	0.126251578361134	1102	1.21352937845263	1.70897062154737
109	WGN07	0.935666666666673	0.126251578361135	1102	0.687946045119301	1.18338728821405
110	WGN07	1.78000000000002	0.126251578361135	1102	1.53227937845264	2.02772062154739
111	WGN07	1.44850000000002	0.126251578361133	1102	1.20077937845265	1.69622062154739
112	WGN07	1.41700000000002	0.126251578361136	1102	1.16927937845264	1.66472062154739
113	WGN07	1.21233333333334	0.126251578361133	1102	0.964612711785974	1.46005395488071
114	WGN07	1.34050000000002	0.126251578361138	1102	1.09277937845264	1.58822062154739
115	WGN07	1.611	0.126251578361132	1102	1.36327937845263	1.85872062154737
116	WGN07	1.5229292929293	0.126251578361134	1102	1.27520867138192	1.77064991447667
117	WGN07	1.47577777777779	0.126251578361134	1102	1.22805715623042	1.72349839932517
118	WGN07	1.31300000000002	0.126251578361133	1102	1.06527937845265	1.56072062154739
119	WGN07	1.48250000000001	0.126251578361134	1102	1.23477937845264	1.73022062154738
120	WGN07	1.26900000000001	0.126251578361133	1102	1.02127937845264	1.51672062154738
121	WGN07	1.11850000000001	0.126251578361134	1102	0.870779378452636	1.36622062154738
122	WGN07	0.870216702618423	0.178587158229924	1102	0.51980744507591	1.22062596016094
123	WGN07	1.373	0.126251578361133	1102	1.12527937845263	1.62072062154737
124	WGN07	1.61127272727275	0.126251578361135	1102	1.36355210572537	1.85899334882012
125	WGN07	1.088	0.126251578361133	1102	0.840279378452632	1.33572062154737
126	WGN07	1.36850000000002	0.126251578361134	1102	1.12077937845264	1.61622062154739
127	WGN07	1.920875	0.126251578361132	1102	1.67315437845263	2.16859562154737
128	WGN07	1.02794444444445	0.126251578361133	1102	0.780223822897085	1.27566506599182
129	WGN07	1.73000000000002	0.126251578361134	1102	1.48227937845264	1.97772062154739
130	WGN07	1.09828282828286	0.126251578361135	1102	0.850562206735488	1.34600344983023
1	WGN15	1.38449999999998	0.126251578361134	1102	1.13677937845261	1.63222062154735
2	WGN15	1.103	0.126251578361132	1102	0.855279378452636	1.35072062154737
3	WGN15	1.537	0.126251578361135	1102	1.28927937845262	1.78472062154737
4	WGN15	1.61099999999999	0.126251578361135	1102	1.36327937845261	1.85872062154736
5	WGN15	1.41799999999998	0.126251578361132	1102	1.17027937845261	1.66572062154735
7	WGN15	1.28149999999998	0.126251578361134	1102	1.03377937845261	1.52922062154735
8	WGN15	1.81249999999997	0.126251578361132	1102	1.5647793784526	2.06022062154734
9	WGN15	1.18704545454544	0.126251578361134	1102	0.939324832998066	1.43476607609281
10	WGN15	1.43399999999999	0.126251578361138	1102	1.18627937845261	1.68172062154737
11	WGN15	1.34595454545453	0.126251578361135	1102	1.09823392390715	1.5936751670019
12	WGN15	0.970277777777769	0.126251578361133	1102	0.722557156230399	1.21799839932514
13	WGN15	1.36249999999998	0.126251578361131	1102	1.11477937845262	1.61022062154734
14	WGN15	1.04349999999999	0.126251578361133	1102	0.795779378452619	1.29122062154736
15	WGN15	1.14199999999998	0.126251578361135	1102	0.894279378452609	1.38972062154735
16	WGN15	0.890124999999978	0.126251578361135	1102	0.642404378452606	1.13784562154735
17	WGN15	1.63871670261841	0.178587158229933	1102	1.28830744507588	1.98912596016094
18	WGN15	1.61999999999997	0.126251578361131	1102	1.37227937845261	1.86772062154734
19	WGN15	1.29428329738156	0.178587158229934	1102	0.943874039839022	1.64469255492409
20	WGN15	1.54772727272726	0.126251578361134	1102	1.30000665117989	1.79544789427463
21	WGN15	1.56599999999999	0.126251578361134	1102	1.31827937845262	1.81372062154736
22	WGN15	0.847999999999994	0.126251578361133	1102	0.600279378452626	1.09572062154736
23	WGN15	1.58513636363636	0.126251578361136	1102	1.33741574208898	1.83285698518373
24	WGN15	0.459716702618447	0.178587158229928	1102	0.109307445075926	0.810125960160968
25	WGN15	1.30749999999998	0.126251578361136	1102	1.05977937845261	1.55522062154736
26	WGN15	1.58099999999999	0.126251578361132	1102	1.33327937845262	1.82872062154735
27	WGN15	1.49186363636362	0.126251578361136	1102	1.24414301481625	1.73958425791099
28	WGN15	1.5047222222222	0.126251578361133	1102	1.25700160067483	1.75244284376957
29	WGN15	1.52499999999999	0.126251578361135	1102	1.27727937845261	1.77272062154736
30	WGN15	1.81349999999999	0.126251578361135	1102	1.56577937845262	2.06122062154736
31	WGN15	1.37726215716386	0.178587158229932	1102	1.02685289962133	1.72767141470639
32	WGN15	1.86849999999999	0.126251578361135	1102	1.62077937845262	2.11622062154736
33	WGN15	1.53849999999998	0.126251578361133	1102	1.29077937845261	1.78622062154735
34	WGN15	0.986833333333311	0.126251578361133	1102	0.739112711785943	1.23455395488068
35	WGN15	1.80349999999998	0.126251578361133	1102	1.55577937845261	2.05122062154735
36	WGN15	1.12649999999998	0.126251578361133	1102	0.878779378452614	1.37422062154735
37	WGN15	1.68166666666663	0.126251578361131	1102	1.43394604511926	1.92938728821399
38	WGN15	0.726999999999965	0.126251578361136	1102	0.47927937845259	0.97472062154734
39	WGN15	1.38827272727271	0.126251578361134	1102	1.14055210572534	1.63599334882008
40	WGN15	1.13838888888887	0.126251578361133	1102	0.890668267341503	1.38610951043624
41	WGN15	1.41772727272726	0.126251578361132	1102	1.1700066511799	1.66544789427463
43	WGN15	1.09468181818181	0.126251578361131	1102	0.846961196634449	1.34240243972918
44	WGN15	1.26399999999999	0.126251578361133	1102	1.01627937845262	1.51172062154736
45	WGN15	1.50466666666667	0.126251578361136	1102	1.25694604511929	1.75238728821404
46	WGN15	1.07949999999999	0.126251578361134	1102	0.831779378452615	1.32722062154735
47	WGN15	1.31186363636361	0.126251578361135	1102	1.06414301481624	1.55958425791099
48	WGN15	1.3132727272727	0.126251578361131	1102	1.06555210572534	1.56099334882007
50	WGN15	1.80799999999998	0.126251578361135	1102	1.56027937845261	2.05572062154735
51	WGN15	0.995666666666653	0.126251578361132	1102	0.747946045119286	1.24338728821402
52	WGN15	0.853999999999961	0.126251578361136	1102	0.606279378452587	1.10172062154734
53	WGN15	0.610777777777753	0.126251578361134	1102	0.363057156230382	0.858498399325125
54	WGN15	1.41771670261841	0.178587158229936	1102	1.06730744507587	1.76812596016095
55	WGN15	1.49172222222221	0.126251578361136	1102	1.24400160067484	1.73944284376959
56	WGN15	1.42799999999999	0.126251578361133	1102	1.18027937845262	1.67572062154736
57	WGN15	1.05899999999998	0.126251578361133	1102	0.811279378452616	1.30672062154735
58	WGN15	1.71871428571428	0.126251578361127	1102	1.47099366416692	1.96643490726163
59	WGN15	1.63999999999999	0.126251578361133	1102	1.39227937845263	1.88772062154736
60	WGN15	0.933499999999981	0.126251578361134	1102	0.68577937845261	1.18122062154735
61	WGN15	1.41049999999999	0.126251578361133	1102	1.16277937845262	1.65822062154736
62	WGN15	1.38454545454544	0.126251578361131	1102	1.13682483299808	1.63226607609281
63	WGN15	1.43249999999997	0.126251578361133	1102	1.18477937845261	1.68022062154734
64	WGN15	0.783999999999994	0.126251578361133	1102	0.536279378452625	1.03172062154736
65	WGN15	1.46749999999997	0.126251578361135	1102	1.2197793784526	1.71522062154735
66	WGN15	0.956409090909079	0.126251578361132	1102	0.708688469361713	1.20412971245645
67	WGN15	2.02199999999999	0.126251578361133	1102	1.77427937845262	2.26972062154736
69	WGN15	1.26299999999997	0.126251578361132	1102	1.01527937845261	1.51072062154734
70	WGN15	1.39095454545451	0.126251578361133	1102	1.14323392390714	1.63867516700188
71	WGN15	1.28366666666664	0.126251578361135	1102	1.03594604511927	1.53138728821401
72	WGN15	1.33171670261843	0.178587158229935	1102	0.981307445075891	1.68212596016096
73	WGN15	1.53283333333332	0.126251578361132	1102	1.28511271178595	1.78055395488069
74	WGN15	1.03749999999999	0.126251578361133	1102	0.789779378452616	1.28522062154735
75	WGN15	1.63771670261842	0.178587158229933	1102	1.28730744507589	1.98812596016095
77	WGN15	0.967636363636346	0.126251578361133	1102	0.719915742088977	1.21535698518372
78	WGN15	1.1612121212121	0.126251578361134	1102	0.913491499664731	1.40893274275947
79	WGN15	1.33999999999998	0.126251578361132	1102	1.09227937845261	1.58772062154735
80	WGN15	0.938333333333301	0.126251578361134	1102	0.69061271178593	1.18605395488067
81	WGN15	1.78199999999998	0.126251578361135	1102	1.53427937845261	2.02972062154735
82	WGN15	1.53149999999999	0.126251578361133	1102	1.28377937845262	1.77922062154736
83	WGN15	1.4116818181818	0.126251578361135	1102	1.16396119663442	1.65940243972917
84	WGN15	1.47849999999998	0.126251578361133	1102	1.23077937845261	1.72622062154735
85	WGN15	1.89799999999998	0.126251578361135	1102	1.65027937845261	2.14572062154735
86	WGN15	1.33549999999999	0.126251578361133	1102	1.08777937845262	1.58322062154736
87	WGN15	1.31299999999998	0.126251578361134	1102	1.06527937845261	1.56072062154735
88	WGN15	1.22949999999999	0.126251578361134	1102	0.981779378452615	1.47722062154736
89	WGN15	1.39666666666665	0.126251578361134	1102	1.14894604511928	1.64438728821402
90	WGN15	1.48849999999999	0.126251578361134	1102	1.24077937845262	1.73622062154736
91	WGN15	0.886666666666649	0.126251578361134	1102	0.638946045119278	1.13438728821402
92	WGN15	0.861999999999984	0.126251578361134	1102	0.614279378452613	1.10972062154735
93	WGN15	0.995909090909062	0.126251578361136	1102	0.748188469361688	1.24362971245644
94	WGN15	1.78149999999998	0.126251578361133	1102	1.53377937845261	2.02922062154735
95	WGN15	0.947833333333314	0.126251578361133	1102	0.700112711785945	1.19555395488068
96	WGN15	1.41699999999998	0.126251578361132	1102	1.16927937845262	1.66472062154735
97	WGN15	1.39199999999999	0.126251578361134	1102	1.14427937845262	1.63972062154736
98	WGN15	1.24599999999998	0.126251578361136	1102	0.998279378452607	1.49372062154736
99	WGN15	1.50557142857143	0.126251578361132	1102	1.25785080702406	1.75329205011879
100	WGN15	1.30537499999999	0.126251578361134	1102	1.05765437845262	1.55309562154736
101	WGN15	2.02149999999997	0.126251578361134	1102	1.7737793784526	2.26922062154734
102	WGN15	1.30438888888887	0.126251578361135	1102	1.0566682673415	1.55210951043624
103	WGN15	0.994888888888848	0.126251578361134	1102	0.747168267341477	1.24260951043622
104	WGN15	1.30431818181816	0.126251578361134	1102	1.05659756027079	1.55203880336553
106	WGN15	0.965666666666651	0.126251578361133	1102	0.717946045119283	1.21338728821402
107	WGN15	1.59499999999998	0.126251578361131	1102	1.34727937845261	1.84272062154735
108	WGN15	1.27749999999999	0.126251578361133	1102	1.02977937845262	1.52522062154736
109	WGN15	1.59999999999999	0.126251578361134	1102	1.35227937845262	1.84772062154736
110	WGN15	0.915888888888875	0.126251578361133	1102	0.668168267341507	1.16360951043624
111	WGN15	1.57959090909089	0.126251578361133	1102	1.33187028754352	1.82731153063826
112	WGN15	1.34599999999999	0.126251578361131	1102	1.09827937845262	1.59372062154735
113	WGN15	1.07099999999999	0.126251578361136	1102	0.823279378452615	1.31872062154736
114	WGN15	1.62649999999998	0.126251578361133	1102	1.37877937845261	1.87422062154735
115	WGN15	1.14349999999997	0.126251578361133	1102	0.895779378452606	1.39122062154734
116	WGN15	0.977888888888873	0.126251578361134	1102	0.730168267341502	1.22560951043624
117	WGN15	1.42705555555555	0.126251578361135	1102	1.17933493400818	1.67477617710292
118	WGN15	1.05105555555553	0.126251578361132	1102	0.803334934008159	1.29877617710289
119	WGN15	1.52699999999998	0.126251578361134	1102	1.27927937845261	1.77472062154735
120	WGN15	1.75549999999999	0.126251578361133	1102	1.50777937845262	2.00322062154735
121	WGN15	0.966772727272699	0.126251578361134	1102	0.719052105725329	1.21449334882007
122	WGN15	1.30049999999998	0.126251578361134	1102	1.05277937845261	1.54822062154735
123	WGN15	1.14899999999998	0.126251578361134	1102	0.901279378452614	1.39672062154735
124	WGN15	1.32799999999999	0.126251578361134	1102	1.08027937845262	1.57572062154736
125	WGN15	1.05827777777779	0.126251578361132	1102	0.81055715623042	1.30599839932515
126	WGN15	0.901999999999981	0.126251578361135	1102	0.654279378452609	1.14972062154735
127	WGN15	1.41299999999998	0.126251578361133	1102	1.16527937845261	1.66072062154735
128	WGN15	1.38149999999998	0.126251578361135	1102	1.13377937845261	1.62922062154735
129	WGN15	1.18199999999997	0.126251578361133	1102	0.934279378452605	1.42972062154734
130	WGN15	1.4365	0.126251578361133	1102	1.18877937845263	1.68422062154737
3	WGN26	1.07687499999998	0.126251578361135	1102	0.829154378452604	1.32459562154735
4	WGN26	1.58156565656563	0.126251578361133	1102	1.33384503501826	1.829286278113
5	WGN26	1.19586363636361	0.126251578361135	1102	0.948143014816242	1.44358425791099
6	WGN26	1.45272222222219	0.126251578361133	1102	1.20500160067482	1.70044284376956
7	WGN26	1.52849999999998	0.126251578361134	1102	1.28077937845261	1.77622062154735
9	WGN26	1.15949999999998	0.126251578361134	1102	0.911779378452606	1.40722062154735
10	WGN26	1.33677777777776	0.126251578361132	1102	1.08905715623039	1.58449839932512
11	WGN26	1.4587167026184	0.178587158229931	1102	1.10830744507588	1.80912596016093
12	WGN26	1.41583333333332	0.126251578361137	1102	1.16811271178595	1.6635539548807
13	WGN26	1.43954545454543	0.126251578361136	1102	1.19182483299806	1.68726607609281
14	WGN26	1.19816666666664	0.126251578361136	1102	0.950446045119264	1.44588728821401
15	WGN26	1.03799999999997	0.126251578361137	1102	0.790279378452596	1.28572062154735
17	WGN26	1.993	0.126251578361135	1102	1.74527937845263	2.24072062154738
18	WGN26	1.4357167026184	0.17858715822993	1102	1.08530744507587	1.78612596016092
19	WGN26	1.49156901166726	0.17858715822993	1102	1.14115975412473	1.84197826920978
20	WGN26	1.2877167026184	0.178587158229934	1102	0.937307445075867	1.63812596016093
21	WGN26	1.30099999999997	0.126251578361135	1102	1.0532793784526	1.54872062154734
22	WGN26	1.33833333333331	0.126251578361134	1102	1.09061271178594	1.58605395488068
23	WGN26	1.4392727272727	0.126251578361134	1102	1.19155210572533	1.68699334882007
25	WGN26	1.39749999999998	0.126251578361134	1102	1.14977937845261	1.64522062154735
26	WGN26	0.890888888888871	0.126251578361133	1102	0.643168267341502	1.13860951043624
27	WGN26	1.03199999999997	0.126251578361134	1102	0.784279378452601	1.27972062154734
28	WGN26	1.73699999999995	0.126251578361131	1102	1.48927937845258	1.98472062154731
29	WGN26	0.768499999999978	0.126251578361134	1102	0.520779378452606	1.01622062154735
30	WGN26	1.38399999999998	0.126251578361134	1102	1.13627937845261	1.63172062154735
31	WGN26	1.5575	0.126251578361134	1102	1.30977937845263	1.80522062154737
32	WGN26	0.919999999999974	0.126251578361136	1102	0.6722793784526	1.16772062154735
33	WGN26	1.32271670261839	0.178587158229929	1102	0.972307445075867	1.67312596016091
34	WGN26	1.3087857142857	0.126251578361134	1102	1.06106509273833	1.55650633583307
35	WGN26	1.43249999999998	0.126251578361133	1102	1.18477937845261	1.68022062154734
36	WGN26	1.42199999999997	0.126251578361134	1102	1.1742793784526	1.66972062154734
38	WGN26	1.27238636363634	0.126251578361133	1102	1.02466574208897	1.52010698518371
39	WGN26	1.32666666666665	0.126251578361133	1102	1.07894604511928	1.57438728821402
40	WGN26	1.46999999999998	0.126251578361135	1102	1.22227937845261	1.71772062154736
41	WGN26	0.912283297381544	0.178587158229935	1102	0.56187403983901	1.26269255492408
42	WGN26	1.78599999999998	0.126251578361134	1102	1.53827937845261	2.03372062154735
43	WGN26	1.31349999999998	0.126251578361135	1102	1.06577937845261	1.56122062154735
44	WGN26	1.774	0.126251578361135	1102	1.52627937845262	2.02172062154737
45	WGN26	1.77249999999998	0.126251578361135	1102	1.52477937845261	2.02022062154735
46	WGN26	1.55849999999999	0.126251578361134	1102	1.31077937845262	1.80622062154736
47	WGN26	1.32786363636361	0.126251578361134	1102	1.08014301481624	1.57558425791098
48	WGN26	1.59799999999996	0.126251578361132	1102	1.35027937845259	1.84572062154733
49	WGN26	1.58149999999999	0.126251578361135	1102	1.33377937845261	1.82922062154736
50	WGN26	1.64749999999997	0.126251578361133	1102	1.3997793784526	1.89522062154734
51	WGN26	0.700333333333306	0.126251578361134	1102	0.452612711785935	0.948053954880677
52	WGN26	1.63199999999999	0.126251578361135	1102	1.38427937845262	1.87972062154737
53	WGN26	0.987999999999983	0.126251578361132	1102	0.740279378452616	1.23572062154735
54	WGN26	1.35940909090906	0.126251578361132	1102	1.1116884693617	1.60712971245643
55	WGN26	0.937277777777757	0.126251578361134	1102	0.689557156230387	1.18499839932513
56	WGN26	1.64499999999997	0.126251578361133	1102	1.3972793784526	1.89272062154734
57	WGN26	1.2802727272727	0.126251578361132	1102	1.03255210572533	1.52799334882007
58	WGN26	1.45272727272725	0.126251578361133	1102	1.20500665117988	1.70044789427462
59	WGN26	1.39728329738155	0.178587158229931	1102	1.04687403983902	1.74769255492408
60	WGN26	1.28045454545452	0.126251578361134	1102	1.03273392390715	1.52817516700189
61	WGN26	1.66899999999999	0.126251578361135	1102	1.42127937845262	1.91672062154736
62	WGN26	1.29449999999998	0.126251578361133	1102	1.04677937845261	1.54222062154734
64	WGN26	1.42736363636361	0.126251578361133	1102	1.17964301481624	1.67508425791098
65	WGN26	1.49949999999998	0.126251578361134	1102	1.25177937845261	1.74722062154735
66	WGN26	1.48049999999998	0.126251578361134	1102	1.2327793784526	1.72822062154735
67	WGN26	1.31549999999997	0.126251578361135	1102	1.0677793784526	1.56322062154735
68	WGN26	1.72944444444442	0.126251578361133	1102	1.48172382289705	1.97716506599179
69	WGN26	1.38795454545452	0.126251578361134	1102	1.14023392390715	1.63567516700189
70	WGN26	1.39349999999998	0.126251578361134	1102	1.14577937845261	1.64122062154735
71	WGN26	1.46361111111109	0.126251578361135	1102	1.21589048956372	1.71133173265847
73	WGN26	1.1385714285714	0.126251578361133	1102	0.890850807024031	1.38629205011877
74	WGN26	1.32163636363634	0.126251578361134	1102	1.07391574208897	1.56935698518372
75	WGN26	1.74849999999998	0.126251578361133	1102	1.50077937845261	1.99622062154735
76	WGN26	1.27749999999998	0.126251578361132	1102	1.02977937845261	1.52522062154735
77	WGN26	1.03617218627044	0.17858715822993	1102	0.685762928727918	1.38658144381297
78	WGN26	1.20324999999997	0.126251578361133	1102	0.955529378452606	1.45097062154734
79	WGN26	1.5367167026184	0.178587158229933	1102	1.18630744507586	1.88712596016093
80	WGN26	1.25649999999998	0.126251578361134	1102	1.00877937845261	1.50422062154735
81	WGN26	0.960727272727249	0.126251578361135	1102	0.713006651179877	1.20844789427462
82	WGN26	1.58649999999999	0.126251578361134	1102	1.33877937845262	1.83422062154736
83	WGN26	1.20449999999998	0.126251578361134	1102	0.956779378452607	1.45222062154735
85	WGN26	1.39617218627044	0.17858715822993	1102	1.04576292872792	1.74658144381297
86	WGN26	0.417283297381554	0.178587158229933	1102	0.0668740398390235	0.767692554924085
87	WGN26	1.47122727272726	0.126251578361134	1102	1.22350665117989	1.71894789427463
88	WGN26	0.968055555555532	0.126251578361133	1102	0.720334934008163	1.2157761771029
89	WGN26	1.52430555555553	0.126251578361134	1102	1.27658493400816	1.7720261771029
90	WGN26	1.39488636363634	0.126251578361134	1102	1.14716574208897	1.64260698518371
91	WGN26	1.14749999999997	0.126251578361132	1102	0.899779378452607	1.39522062154734
92	WGN26	0.81033333333331	0.126251578361133	1102	0.56261271178594	1.05805395488068
93	WGN26	1.44549999999998	0.126251578361135	1102	1.19777937845261	1.69322062154735
94	WGN26	1.40066666666664	0.126251578361133	1102	1.15294604511927	1.64838728821401
95	WGN26	1.49499999999998	0.126251578361134	1102	1.24727937845261	1.74272062154735
96	WGN26	0.988857142857123	0.126251578361133	1102	0.741136521309754	1.23657776440449
97	WGN26	1.10388888888887	0.126251578361134	1102	0.856168267341496	1.35160951043624
98	WGN26	1.33699999999998	0.126251578361133	1102	1.08927937845261	1.58472062154734
99	WGN26	1.57749999999998	0.126251578361133	1102	1.32977937845261	1.82522062154735
101	WGN26	1.46649999999998	0.126251578361133	1102	1.21877937845261	1.71422062154734
102	WGN26	1.2427222222222	0.126251578361134	1102	0.995001600674829	1.49044284376957
103	WGN26	0.994722222222194	0.126251578361133	1102	0.747001600674826	1.24244284376956
104	WGN26	1.83849999999998	0.126251578361134	1102	1.59077937845261	2.08622062154735
105	WGN26	1.62927272727271	0.126251578361135	1102	1.38155210572534	1.87699334882008
106	WGN26	1.40390909090907	0.126251578361134	1102	1.1561884693617	1.65162971245644
108	WGN26	1.38304545454544	0.126251578361134	1102	1.13532483299806	1.63076607609281
109	WGN26	1.60899999999998	0.126251578361133	1102	1.36127937845261	1.85672062154735
111	WGN26	1.85799999999997	0.126251578361132	1102	1.61027937845261	2.10572062154734
112	WGN26	1.62222727272725	0.126251578361133	1102	1.37450665117988	1.86994789427462
113	WGN26	0.319999999999978	0.126251578361134	1102	0.0722793784526076	0.567720621547349
115	WGN26	1.48863636363634	0.126251578361134	1102	1.24091574208897	1.73635698518371
116	WGN26	1.17599999999998	0.126251578361133	1102	0.928279378452608	1.42372062154735
117	WGN26	0.982283297381547	0.178587158229932	1102	0.631874039839017	1.33269255492408
118	WGN26	1.38299999999998	0.126251578361134	1102	1.13527937845261	1.63072062154735
119	WGN26	1.69171670261839	0.17858715822993	1102	1.34130744507587	2.04212596016092
121	WGN26	1.13099999999997	0.126251578361132	1102	0.883279378452607	1.37872062154734
122	WGN26	1.52767045454543	0.126251578361133	1102	1.27994983299806	1.7753910760928
123	WGN26	1.46149999999998	0.126251578361133	1102	1.21377937845261	1.70922062154735
125	WGN26	1.68259090909089	0.126251578361134	1102	1.43487028754352	1.93031153063826
127	WGN26	1.24449999999998	0.126251578361133	1102	0.996779378452611	1.49222062154735
128	WGN26	1.30499999999998	0.126251578361133	1102	1.05727937845261	1.55272062154735
129	WGN26	0.83271670261841	0.178587158229931	1102	0.482307445075882	1.18312596016094
130	WGN26	1.19516666666665	0.126251578361131	1102	0.947446045119288	1.44288728821402
1	WGN36	1.56412500000001	0.126251578361143	1102	1.31640437845262	1.8118456215474
2	WGN36	1.32450000000001	0.126251578361134	1102	1.07677937845264	1.57222062154738
4	WGN36	1.19838888888891	0.126251578361134	1102	0.950668267341539	1.44610951043628
5	WGN36	1.49345454545456	0.126251578361135	1102	1.24573392390718	1.74117516700193
6	WGN36	1.96250000000001	0.126251578361133	1102	1.71477937845264	2.21022062154738
7	WGN36	2.20950000000002	0.126251578361135	1102	1.96177937845265	2.45722062154739
8	WGN36	1.89768181818183	0.126251578361132	1102	1.64996119663446	2.1454024397292
9	WGN36	1.55971670261844	0.178587158229933	1102	1.2093074450759	1.91012596016097
10	WGN36	1.64400000000001	0.126251578361132	1102	1.39627937845264	1.89172062154737
11	WGN36	1.3665	0.126251578361136	1102	1.11877937845263	1.61422062154738
12	WGN36	1.50671670261844	0.178587158229931	1102	1.15630744507591	1.85712596016096
13	WGN36	1.67857954545456	0.126251578361133	1102	1.43085892390719	1.92630016700193
14	WGN36	1.13416666666668	0.126251578361132	1102	0.886446045119315	1.38188728821405
15	WGN36	1.4765	0.126251578361135	1102	1.22877937845263	1.72422062154738
16	WGN36	1.59050000000002	0.126251578361134	1102	1.34277937845265	1.83822062154739
17	WGN36	1.17725000000002	0.126251578361134	1102	0.929529378452645	1.42497062154739
18	WGN36	1.13399999999999	0.126251578361136	1102	0.88627937845262	1.38172062154737
19	WGN36	1.318	0.126251578361135	1102	1.07027937845263	1.56572062154738
20	WGN36	1.49566666666668	0.126251578361134	1102	1.24794604511931	1.74338728821405
21	WGN36	1.81850000000003	0.126251578361135	1102	1.57077937845265	2.0662206215474
22	WGN36	1.59300000000001	0.126251578361134	1102	1.34527937845264	1.84072062154738
23	WGN36	1.54450000000002	0.126251578361134	1102	1.29677937845265	1.79222062154739
24	WGN36	1.56050000000001	0.126251578361134	1102	1.31277937845264	1.80822062154738
26	WGN36	1.705	0.126251578361132	1102	1.45727937845263	1.95272062154737
27	WGN36	1.50550000000001	0.126251578361134	1102	1.25777937845264	1.75322062154738
28	WGN36	1.41600000000002	0.126251578361132	1102	1.16827937845265	1.66372062154739
30	WGN36	1.69950000000001	0.126251578361131	1102	1.45177937845265	1.94722062154738
31	WGN36	1.26550000000002	0.126251578361132	1102	1.01777937845265	1.51322062154738
32	WGN36	1.55595959595961	0.126251578361133	1102	1.30823897441224	1.80368021750698
33	WGN36	1.03731818181821	0.126251578361133	1102	0.789597560270837	1.28503880336557
34	WGN36	1.63711111111112	0.126251578361133	1102	1.38939048956375	1.88483173265849
35	WGN36	1.31175000000001	0.126251578361133	1102	1.06402937845264	1.55947062154738
36	WGN36	1.306	0.126251578361135	1102	1.05827937845263	1.55372062154738
37	WGN36	1.40571670261843	0.178587158229934	1102	1.0553074450759	1.75612596016097
38	WGN36	1.06362579352752	0.178587158229934	1102	0.713216535984983	1.41403505107005
39	WGN36	1.57800000000001	0.126251578361134	1102	1.33027937845264	1.82572062154738
40	WGN36	1.69950000000001	0.126251578361134	1102	1.45177937845264	1.94722062154738
41	WGN36	1.90450000000002	0.126251578361133	1102	1.65677937845265	2.15222062154738
42	WGN36	1.58983333333335	0.126251578361134	1102	1.34211271178598	1.83755395488072
43	WGN36	1.44025000000002	0.126251578361133	1102	1.19252937845265	1.68797062154738
44	WGN36	1.50750000000002	0.126251578361133	1102	1.25977937845265	1.75522062154739
45	WGN36	1.50250000000001	0.126251578361131	1102	1.25477937845265	1.75022062154738
46	WGN36	1.54800000000001	0.126251578361131	1102	1.30027937845265	1.79572062154738
47	WGN36	1.022	0.126251578361135	1102	0.774279378452632	1.26972062154738
48	WGN36	1.48416666666668	0.126251578361135	1102	1.23644604511931	1.73188728821405
49	WGN36	1.53650000000001	0.126251578361134	1102	1.28877937845264	1.78422062154738
51	WGN36	1.33050000000001	0.126251578361134	1102	1.08277937845264	1.57822062154738
52	WGN36	1.85500000000001	0.126251578361132	1102	1.60727937845264	2.10272062154737
53	WGN36	1.67581818181819	0.126251578361133	1102	1.42809756027082	1.92353880336556
54	WGN36	1.62500000000001	0.126251578361131	1102	1.37727937845264	1.87272062154738
55	WGN36	1.37900000000002	0.126251578361132	1102	1.13127937845265	1.62672062154739
56	WGN36	1.31850000000002	0.126251578361133	1102	1.07077937845265	1.56622062154739
57	WGN36	1.67700000000001	0.126251578361131	1102	1.42927937845264	1.92472062154738
58	WGN36	1.20554545454548	0.126251578361132	1102	0.957824832998109	1.45326607609284
59	WGN36	1.46100000000001	0.126251578361133	1102	1.21327937845265	1.70872062154738
60	WGN36	1.10800000000001	0.126251578361134	1102	0.860279378452638	1.35572062154738
62	WGN36	1.20541666666668	0.126251578361133	1102	0.957696045119313	1.45313728821405
64	WGN36	1.67750000000002	0.126251578361134	1102	1.42977937845264	1.92522062154739
65	WGN36	1.51950000000001	0.126251578361132	1102	1.27177937845265	1.76722062154738
66	WGN36	1.87300000000001	0.126251578361133	1102	1.62527937845264	2.12072062154738
68	WGN36	1.49757142857145	0.126251578361133	1102	1.24985080702408	1.74529205011882
69	WGN36	1.51200000000002	0.126251578361132	1102	1.26427937845265	1.75972062154738
70	WGN36	1.24622222222224	0.126251578361133	1102	0.998501600674868	1.4939428437696
71	WGN36	1.25450000000002	0.126251578361133	1102	1.00677937845265	1.50222062154738
72	WGN36	1.46600000000001	0.126251578361134	1102	1.21827937845264	1.71372062154738
74	WGN36	1.62250000000001	0.126251578361133	1102	1.37477937845264	1.87022062154738
75	WGN36	1.35462121212122	0.126251578361134	1102	1.10690059057385	1.60234183366859
76	WGN36	1.39800000000001	0.126251578361134	1102	1.15027937845264	1.64572062154738
77	WGN36	1.65150000000001	0.126251578361133	1102	1.40377937845264	1.89922062154738
78	WGN36	1.1268888888889	0.126251578361134	1102	0.879168267341529	1.37460951043627
79	WGN36	1.72527272727274	0.126251578361134	1102	1.47755210572537	1.97299334882011
80	WGN36	1.32750000000001	0.126251578361134	1102	1.07977937845264	1.57522062154738
81	WGN36	1.87309090909092	0.126251578361133	1102	1.62537028754355	2.12081153063829
82	WGN36	1.78400000000002	0.126251578361134	1102	1.53627937845265	2.03172062154739
83	WGN36	1.52150000000001	0.126251578361133	1102	1.27377937845264	1.76922062154738
84	WGN36	1.71300000000002	0.126251578361134	1102	1.46527937845264	1.96072062154739
85	WGN36	0.863500000000023	0.126251578361133	1102	0.615779378452655	1.11122062154739
86	WGN36	1.65462500000001	0.126251578361133	1102	1.40690437845264	1.90234562154738
87	WGN36	1.52022222222223	0.126251578361134	1102	1.27250160067486	1.7679428437696
88	WGN36	1.51636363636365	0.126251578361134	1102	1.26864301481628	1.76408425791102
89	WGN36	1.28100000000001	0.126251578361133	1102	1.03327937845264	1.52872062154738
90	WGN36	0.712500000000016	0.126251578361133	1102	0.464779378452647	0.960220621547385
92	WGN36	0.98484126984129	0.126251578361133	1102	0.737120648293922	1.23256189138866
93	WGN36	1.60500000000001	0.126251578361134	1102	1.35727937845264	1.85272062154738
94	WGN36	1.46500000000001	0.126251578361134	1102	1.21727937845264	1.71272062154738
95	WGN36	1.59750000000001	0.126251578361133	1102	1.34977937845264	1.84522062154737
96	WGN36	1.60800000000001	0.126251578361133	1102	1.36027937845264	1.85572062154738
97	WGN36	2.06322222222223	0.126251578361134	1102	1.81550160067486	2.3109428437696
98	WGN36	1.49883333333335	0.126251578361133	1102	1.25111271178598	1.74655395488072
99	WGN36	0.757262157163898	0.178587158229932	1102	0.406852899621368	1.10767141470643
100	WGN36	1.42672222222223	0.126251578361133	1102	1.17900160067486	1.6744428437696
102	WGN36	1.85386363636365	0.126251578361134	1102	1.60614301481628	2.10158425791102
104	WGN36	1.33550000000001	0.126251578361133	1102	1.08777937845264	1.58322062154738
105	WGN36	1.15271670261844	0.178587158229933	1102	0.802307445075906	1.50312596016097
106	WGN36	1.57183333333335	0.126251578361134	1102	1.32411271178598	1.81955395488072
107	WGN36	1.23083333333335	0.126251578361133	1102	0.983112711785981	1.47855395488072
108	WGN36	1.35650000000002	0.126251578361133	1102	1.10877937845265	1.60422062154739
109	WGN36	1.41905555555557	0.126251578361134	1102	1.1713349340082	1.66677617710294
110	WGN36	1.49050000000001	0.126251578361133	1102	1.24277937845264	1.73822062154738
112	WGN36	1.17283333333335	0.126251578361133	1102	0.925112711785979	1.42055395488072
114	WGN36	0.909090909090928	0.126251578361133	1102	0.661370287543559	1.1568115306383
116	WGN36	1.38700000000001	0.126251578361133	1102	1.13927937845264	1.63472062154738
117	WGN36	1.67700000000001	0.126251578361133	1102	1.42927937845264	1.92472062154738
118	WGN36	1.63600000000001	0.126251578361133	1102	1.38827937845264	1.88372062154738
119	WGN36	1.58642857142858	0.126251578361134	1102	1.33870794988121	1.83414919297595
120	WGN36	1.43291666666668	0.126251578361133	1102	1.18519604511931	1.68063728821405
121	WGN36	1.25250000000001	0.126251578361134	1102	1.00477937845264	1.50022062154738
122	WGN36	1.41106060606062	0.126251578361133	1102	1.16333998451325	1.65878122760799
123	WGN36	1.47900000000001	0.126251578361134	1102	1.23127937845264	1.72672062154738
124	WGN36	1.59154545454547	0.126251578361133	1102	1.3438248329981	1.83926607609284
125	WGN36	1.52850000000002	0.126251578361134	1102	1.28077937845265	1.77622062154739
126	WGN36	1.67450000000001	0.126251578361133	1102	1.42677937845264	1.92222062154738
127	WGN36	1.74916666666668	0.126251578361133	1102	1.50144604511931	1.99688728821405
128	WGN36	1.66686363636365	0.126251578361133	1102	1.41914301481628	1.91458425791102
129	WGN36	1.04813636363638	0.126251578361134	1102	0.800415742089005	1.29585698518375
130	WGN36	1.46716666666668	0.126251578361134	1102	1.21944604511931	1.71488728821405
1	WGN38	1.89939393939387	0.126251578361121	1102	1.65167331784653	2.14711456094122
2	WGN38	1.17549999999997	0.126251578361132	1102	0.927779378452605	1.42322062154734
3	WGN38	1.19849999999996	0.126251578361132	1102	0.950779378452596	1.44622062154733
4	WGN38	1.78949999999994	0.126251578361134	1102	1.54177937845257	2.03722062154731
5	WGN38	1.24549999999994	0.126251578361134	1102	0.99777937845257	1.49322062154731
6	WGN38	1.58271670261839	0.178587158229933	1102	1.23230744507586	1.93312596016092
7	WGN38	1.22299999999997	0.126251578361131	1102	0.975279378452604	1.47072062154734
8	WGN38	1.13572727272722	0.126251578361133	1102	0.888006651179846	1.38344789427459
10	WGN38	1.44699999999994	0.126251578361133	1102	1.19927937845257	1.69472062154731
11	WGN38	1.86549999999993	0.126251578361132	1102	1.61777937845257	2.1132206215473
12	WGN38	1.42771670261839	0.17858715822993	1102	1.07730744507586	1.77812596016091
13	WGN38	1.81949999999996	0.126251578361133	1102	1.57177937845259	2.06722062154732
14	WGN38	1.41549999999994	0.126251578361133	1102	1.16777937845257	1.66322062154731
16	WGN38	1.03649999999994	0.126251578361134	1102	0.788779378452567	1.28422062154731
18	WGN38	1.52791666666661	0.126251578361133	1102	1.28019604511924	1.77563728821398
19	WGN38	1.44140909090905	0.126251578361133	1102	1.19368846936168	1.68912971245642
20	WGN38	1.57808333333326	0.126251578361135	1102	1.33036271178589	1.82580395488063
21	WGN38	1.24266666666661	0.126251578361133	1102	0.994946045119241	1.49038728821398
22	WGN38	1.30949999999995	0.126251578361133	1102	1.06177937845258	1.55722062154732
23	WGN38	1.47327272727268	0.126251578361131	1102	1.22555210572531	1.72099334882004
24	WGN38	1.10499999999993	0.126251578361134	1102	0.857279378452562	1.3527206215473
26	WGN38	1.79349999999994	0.126251578361135	1102	1.54577937845257	2.04122062154731
27	WGN38	1.21716666666661	0.126251578361135	1102	0.969446045119232	1.46488728821398
28	WGN38	1.60149999999994	0.126251578361135	1102	1.35377937845257	1.84922062154731
29	WGN38	1.56416666666661	0.126251578361133	1102	1.31644604511924	1.81188728821398
30	WGN38	1.62049999999993	0.126251578361136	1102	1.37277937845255	1.8682206215473
32	WGN38	1.69399999999994	0.126251578361134	1102	1.44627937845257	1.94172062154731
33	WGN38	1.49699999999995	0.126251578361133	1102	1.24927937845258	1.74472062154732
34	WGN38	1.51099999999994	0.126251578361134	1102	1.26327937845257	1.75872062154731
35	WGN38	1.71899999999994	0.126251578361133	1102	1.47127937845258	1.96672062154731
36	WGN38	1.30228571428566	0.126251578361134	1102	1.05456509273829	1.55000633583303
37	WGN38	1.91249999999995	0.126251578361133	1102	1.66477937845258	2.16022062154732
38	WGN38	1.98099999999994	0.126251578361135	1102	1.73327937845257	2.22872062154731
39	WGN38	1.59299999999994	0.126251578361133	1102	1.34527937845257	1.8407206215473
40	WGN38	1.79613636363631	0.126251578361134	1102	1.54841574208894	2.04385698518368
41	WGN38	1.79349999999994	0.126251578361132	1102	1.54577937845257	2.04122062154731
42	WGN38	0.818499999999967	0.126251578361133	1102	0.570779378452599	1.06622062154734
45	WGN38	1.50999999999994	0.126251578361134	1102	1.26227937845257	1.75772062154732
46	WGN38	1.52549999999994	0.126251578361132	1102	1.27777937845258	1.77322062154731
47	WGN38	1.06649999999997	0.126251578361132	1102	0.818779378452606	1.31422062154734
48	WGN38	1.61199999999995	0.126251578361133	1102	1.36427937845258	1.85972062154732
49	WGN38	1.69211111111105	0.126251578361131	1102	1.44439048956369	1.93983173265842
50	WGN38	2.16534722222215	0.126251578361133	1102	1.91762660067478	2.41306784376952
51	WGN38	1.26274999999994	0.126251578361133	1102	1.01502937845257	1.51047062154731
52	WGN38	1.44954545454539	0.126251578361134	1102	1.20182483299802	1.69726607609276
53	WGN38	1.52849999999993	0.126251578361134	1102	1.28077937845256	1.7762206215473
54	WGN38	1.26922727272722	0.126251578361133	1102	1.02150665117985	1.51694789427459
55	WGN38	1.14845454545449	0.126251578361133	1102	0.90073392390712	1.39617516700186
56	WGN38	1.16949999999992	0.126251578361134	1102	0.921779378452551	1.41722062154729
59	WGN38	1.84774999999995	0.126251578361132	1102	1.60002937845258	2.09547062154731
61	WGN38	1.58399999999995	0.126251578361133	1102	1.33627937845258	1.83172062154731
63	WGN38	1.65444444444439	0.126251578361133	1102	1.40672382289702	1.90216506599176
64	WGN38	1.35568181818176	0.126251578361134	1102	1.10796119663439	1.60340243972913
65	WGN38	1.44127272727267	0.126251578361133	1102	1.1935521057253	1.68899334882004
66	WGN38	1.31399999999994	0.126251578361134	1102	1.06627937845257	1.56172062154731
67	WGN38	1.68649999999994	0.126251578361135	1102	1.43877937845257	1.93422062154732
68	WGN38	1.30599999999994	0.126251578361135	1102	1.05827937845257	1.55372062154731
69	WGN38	1.55145454545449	0.126251578361133	1102	1.30373392390713	1.79917516700186
70	WGN38	1.78331818181812	0.126251578361135	1102	1.53559756027075	2.0310388033655
72	WGN38	1.37909090909085	0.126251578361134	1102	1.13137028754348	1.62681153063822
73	WGN38	1.76749999999994	0.126251578361134	1102	1.51977937845257	2.01522062154731
74	WGN38	1.62949999999994	0.126251578361134	1102	1.38177937845257	1.87722062154731
76	WGN38	1.44999999999994	0.126251578361134	1102	1.20227937845257	1.69772062154731
77	WGN38	1.50566666666661	0.126251578361133	1102	1.25794604511924	1.75338728821398
78	WGN38	1.28049999999995	0.126251578361133	1102	1.03277937845258	1.52822062154732
80	WGN38	1.18799999999995	0.126251578361133	1102	0.940279378452579	1.43572062154732
81	WGN38	1.16599999999996	0.126251578361133	1102	0.918279378452587	1.41372062154732
82	WGN38	1.52633333333327	0.126251578361134	1102	1.2786127117859	1.77405395488064
83	WGN38	2.29271670261837	0.178587158229934	1102	1.94230744507584	2.6431259601609
84	WGN38	1.84899999999994	0.126251578361133	1102	1.60127937845257	2.09672062154731
85	WGN38	1.86049999999994	0.126251578361134	1102	1.61277937845257	2.10822062154731
86	WGN38	1.45999999999994	0.126251578361133	1102	1.21227937845257	1.70772062154731
87	WGN38	1.12388888888883	0.126251578361134	1102	0.876168267341461	1.3716095104362
88	WGN38	1.40331818181812	0.126251578361134	1102	1.15559756027075	1.65103880336549
89	WGN38	1.30572222222216	0.126251578361134	1102	1.05800160067479	1.55344284376953
90	WGN38	1.65316666666661	0.126251578361134	1102	1.40544604511924	1.90088728821398
91	WGN38	1.28872727272722	0.126251578361133	1102	1.04100665117985	1.53644789427459
92	WGN38	1.63259090909085	0.126251578361133	1102	1.38487028754348	1.88031153063822
93	WGN38	1.31099999999994	0.126251578361134	1102	1.06327937845257	1.55872062154731
94	WGN38	1.53633333333328	0.126251578361134	1102	1.28861271178591	1.78405395488065
95	WGN38	1.55199999999994	0.126251578361134	1102	1.30427937845257	1.79972062154731
96	WGN38	1.46299999999994	0.126251578361133	1102	1.21527937845257	1.71072062154731
97	WGN38	1.23599999999994	0.126251578361134	1102	0.988279378452571	1.48372062154731
98	WGN38	2.01149999999994	0.126251578361134	1102	1.76377937845257	2.25922062154731
99	WGN38	1.56949999999994	0.126251578361134	1102	1.32177937845257	1.81722062154731
100	WGN38	1.48599999999994	0.126251578361134	1102	1.23827937845257	1.73372062154731
101	WGN38	1.2995959595959	0.126251578361133	1102	1.05187533804853	1.54731658114327
102	WGN38	1.44549999999994	0.126251578361134	1102	1.19777937845257	1.69322062154731
103	WGN38	1.33349999999995	0.126251578361133	1102	1.08577937845258	1.58122062154732
104	WGN38	1.62049999999994	0.126251578361133	1102	1.37277937845257	1.86822062154731
106	WGN38	1.28871670261837	0.178587158229932	1102	0.938307445075837	1.6391259601609
107	WGN38	1.76849999999994	0.126251578361134	1102	1.52077937845257	2.01622062154731
108	WGN38	1.28728329738152	0.178587158229933	1102	0.936874039838985	1.63769255492405
109	WGN38	1.64364693374516	0.178587158229933	1102	1.29323767620263	1.99405619128769
110	WGN38	1.72433333333328	0.126251578361133	1102	1.47661271178591	1.97205395488065
111	WGN38	1.19692857142851	0.126251578361134	1102	0.949207949881139	1.44464919297588
112	WGN38	1.60171670261837	0.178587158229932	1102	1.25130744507584	1.95212596016089
113	WGN38	1.23599999999994	0.126251578361134	1102	0.988279378452571	1.48372062154731
114	WGN38	1.33681818181812	0.126251578361134	1102	1.08909756027075	1.58453880336549
115	WGN38	1.29449999999994	0.126251578361134	1102	1.04677937845257	1.54222062154731
1	WGN39	1.56499999999999	0.126251578361133	1102	1.31727937845263	1.81272062154736
2	WGN39	1.17988888888888	0.126251578361136	1102	0.932168267341504	1.42760951043625
3	WGN39	1.15550000000001	0.126251578361133	1102	0.907779378452642	1.40322062154738
4	WGN39	1.85500000000001	0.126251578361134	1102	1.60727937845264	2.10272062154738
5	WGN39	2.00799999999999	0.126251578361133	1102	1.76027937845263	2.25572062154736
6	WGN39	1.534	0.126251578361132	1102	1.28627937845263	1.78172062154736
7	WGN39	1.37340909090908	0.126251578361133	1102	1.12568846936172	1.62112971245645
8	WGN39	1.723	0.126251578361134	1102	1.47527937845263	1.97072062154737
9	WGN39	1.726	0.126251578361131	1102	1.47827937845263	1.97372062154737
10	WGN39	1.113	0.126251578361134	1102	0.865279378452633	1.36072062154738
11	WGN39	1.376	0.126251578361133	1102	1.12827937845264	1.62372062154737
12	WGN39	1.63911111111111	0.126251578361132	1102	1.39139048956374	1.88683173265848
13	WGN39	1.02849999999999	0.126251578361135	1102	0.78077937845262	1.27622062154736
14	WGN39	0.948999999999991	0.126251578361134	1102	0.701279378452619	1.19672062154736
15	WGN39	1.48899999999999	0.126251578361132	1102	1.24127937845262	1.73672062154736
16	WGN39	2.12727272727273	0.126251578361134	1102	1.87955210572536	2.3749933488201
17	WGN39	1.37650000000001	0.126251578361134	1102	1.12877937845264	1.62422062154738
18	WGN39	2.28800000000002	0.126251578361134	1102	2.04027937845265	2.53572062154739
19	WGN39	1.78700000000001	0.126251578361134	1102	1.53927937845264	2.03472062154738
20	WGN39	1.68585858585859	0.126251578361134	1102	1.43813796431121	1.93357920740596
21	WGN39	1.3185	0.126251578361135	1102	1.07077937845262	1.56622062154737
22	WGN39	1.70271670261843	0.178587158229931	1102	1.3523074450759	2.05312596016096
24	WGN39	1.99950000000001	0.126251578361134	1102	1.75177937845263	2.24722062154738
25	WGN39	1.81300000000001	0.126251578361136	1102	1.56527937845264	2.06072062154738
26	WGN39	1.38600000000001	0.126251578361133	1102	1.13827937845264	1.63372062154737
27	WGN39	1.9085	0.126251578361134	1102	1.66077937845263	2.15622062154737
28	WGN39	1.04650000000002	0.126251578361132	1102	0.798779378452652	1.29422062154738
29	WGN39	1.2405	0.126251578361134	1102	0.992779378452631	1.48822062154737
30	WGN39	1.8565	0.126251578361133	1102	1.60877937845263	2.10422062154737
31	WGN39	1.63227272727273	0.126251578361134	1102	1.38455210572535	1.8799933488201
32	WGN39	1.54641666666667	0.126251578361132	1102	1.2986960451193	1.79413728821404
34	WGN39	1.48348484848485	0.126251578361134	1102	1.23576422693748	1.73120547003222
35	WGN39	1.507	0.126251578361134	1102	1.25927937845263	1.75472062154738
36	WGN39	1.4775	0.126251578361134	1102	1.22977937845263	1.72522062154737
37	WGN39	1.04122727272728	0.126251578361132	1102	0.793506651179916	1.28894789427465
38	WGN39	0.912716702618427	0.178587158229932	1102	0.562307445075898	1.26312596016096
39	WGN39	1.643	0.126251578361134	1102	1.39527937845263	1.89072062154737
40	WGN39	2.24904545454547	0.126251578361135	1102	2.0013248329981	2.49676607609284
41	WGN39	2.01300000000001	0.126251578361134	1102	1.76527937845263	2.26072062154738
42	WGN39	1.2945	0.126251578361134	1102	1.04677937845263	1.54222062154737
43	WGN39	1.92722222222223	0.126251578361133	1102	1.67950160067486	2.1749428437696
44	WGN39	1.456	0.126251578361132	1102	1.20827937845264	1.70372062154737
45	WGN39	1.6285	0.126251578361133	1102	1.38077937845263	1.87622062154737
46	WGN39	1.74050000000001	0.126251578361136	1102	1.49277937845263	1.98822062154738
47	WGN39	1.5385	0.126251578361132	1102	1.29077937845263	1.78622062154737
48	WGN39	0.851045454545455	0.126251578361133	1102	0.603324832998086	1.09876607609282
49	WGN39	1.49045454545455	0.126251578361133	1102	1.24273392390718	1.73817516700191
50	WGN39	1.21049999999999	0.126251578361135	1102	0.96277937845262	1.45822062154737
51	WGN39	1.4575	0.126251578361132	1102	1.20977937845264	1.70522062154737
52	WGN39	1.856	0.126251578361133	1102	1.60827937845263	2.10372062154736
53	WGN39	1.57411111111111	0.126251578361133	1102	1.32639048956374	1.82183173265848
54	WGN39	1.556	0.126251578361132	1102	1.30827937845264	1.80372062154737
55	WGN39	1.846	0.126251578361134	1102	1.59827937845263	2.09372062154737
56	WGN39	1.87858333333334	0.126251578361134	1102	1.63086271178597	2.12630395488071
57	WGN39	1.5985	0.126251578361133	1102	1.35077937845263	1.84622062154737
58	WGN39	1.599	0.126251578361134	1102	1.35127937845263	1.84672062154738
59	WGN39	1.63318181818182	0.126251578361134	1102	1.38546119663445	1.88090243972919
60	WGN39	1.36814285714285	0.126251578361135	1102	1.12042223559548	1.61586347869022
61	WGN39	1.95850000000002	0.126251578361136	1102	1.71077937845264	2.20622062154739
62	WGN39	1.2935	0.126251578361135	1102	1.04577937845263	1.54122062154737
63	WGN39	1.62933333333334	0.126251578361132	1102	1.38161271178597	1.8770539548807
64	WGN39	1.982	0.126251578361132	1102	1.73427937845263	2.22972062154736
65	WGN39	1.25050000000001	0.126251578361133	1102	1.00277937845264	1.49822062154737
66	WGN39	1.4945	0.126251578361133	1102	1.24677937845263	1.74222062154737
67	WGN39	1.99600000000001	0.126251578361135	1102	1.74827937845264	2.24372062154738
68	WGN39	1.5435	0.126251578361134	1102	1.29577937845263	1.79122062154737
69	WGN39	1.8375	0.126251578361134	1102	1.58977937845263	2.08522062154737
70	WGN39	1.663	0.126251578361134	1102	1.41527937845263	1.91072062154737
71	WGN39	1.62431818181818	0.126251578361133	1102	1.37659756027081	1.87203880336555
72	WGN39	1.171	0.126251578361134	1102	0.92327937845263	1.41872062154737
73	WGN39	1.83883333333334	0.126251578361134	1102	1.59111271178597	2.08655395488071
74	WGN39	2.14777777777778	0.126251578361134	1102	1.90005715623041	2.39549839932515
75	WGN39	1.58827272727273	0.126251578361133	1102	1.34055210572536	1.8359933488201
76	WGN39	1.92550000000001	0.126251578361134	1102	1.67777937845264	2.17322062154738
77	WGN39	1.21919191919192	0.126251578361133	1102	0.971471297644554	1.46691254073929
78	WGN39	1.349	0.126251578361134	1102	1.10127937845263	1.59672062154737
79	WGN39	2.15171670261843	0.178587158229933	1102	1.8013074450759	2.50212596016096
80	WGN39	1.37688888888889	0.126251578361134	1102	1.12916826734152	1.62460951043626
81	WGN39	1.0645	0.126251578361134	1102	0.816779378452627	1.31222062154737
82	WGN39	1.3545	0.126251578361133	1102	1.10677937845264	1.60222062154737
83	WGN39	1.4955	0.126251578361134	1102	1.24777937845263	1.74322062154737
84	WGN39	1.9175	0.126251578361133	1102	1.66977937845263	2.16522062154737
85	WGN39	1.31266666666667	0.126251578361133	1102	1.0649460451193	1.56038728821404
86	WGN39	1.84786363636364	0.126251578361134	1102	1.60014301481627	2.09558425791101
87	WGN39	1.6485	0.126251578361133	1102	1.40077937845263	1.89622062154737
88	WGN39	1.0475	0.126251578361134	1102	0.799779378452629	1.29522062154737
89	WGN39	1.5925	0.126251578361134	1102	1.34477937845263	1.84022062154737
90	WGN39	2.09072222222222	0.126251578361134	1102	1.84300160067485	2.33844284376959
91	WGN39	0.846000000000004	0.126251578361133	1102	0.598279378452635	1.09372062154737
92	WGN39	0.858750000000007	0.126251578361133	1102	0.611029378452638	1.10647062154738
93	WGN39	2.09400000000001	0.126251578361135	1102	1.84627937845264	2.34172062154738
94	WGN39	0.956499999999995	0.126251578361134	1102	0.708779378452624	1.20422062154737
95	WGN39	1.79	0.126251578361134	1102	1.54227937845263	2.03772062154737
96	WGN39	2.03378787878788	0.126251578361134	1102	1.78606725724051	2.28150850033525
97	WGN39	1.4395	0.126251578361134	1102	1.19177937845263	1.68722062154737
98	WGN39	1.6025	0.126251578361134	1102	1.35477937845263	1.85022062154737
99	WGN39	1.12144444444445	0.126251578361134	1102	0.873723822897076	1.36916506599182
100	WGN39	1.6185	0.126251578361133	1102	1.37077937845263	1.86622062154737
101	WGN39	1.38	0.126251578361133	1102	1.13227937845263	1.62772062154737
102	WGN39	1.7745	0.126251578361134	1102	1.52677937845263	2.02222062154737
104	WGN39	1.751	0.126251578361134	1102	1.50327937845263	1.99872062154737
105	WGN39	1.736	0.126251578361133	1102	1.48827937845263	1.98372062154737
106	WGN39	1.87322222222222	0.126251578361134	1102	1.62550160067485	2.12094284376959
107	WGN39	1.12	0.126251578361133	1102	0.872279378452637	1.36772062154737
108	WGN39	2.13971670261842	0.178587158229932	1102	1.78930744507589	2.49012596016095
109	WGN39	1.4135	0.126251578361133	1102	1.16577937845263	1.66122062154737
110	WGN39	1.724	0.126251578361133	1102	1.47627937845263	1.97172062154737
111	WGN39	1.64313636363637	0.126251578361133	1102	1.395415742089	1.89085698518373
112	WGN39	1.85828282828283	0.126251578361134	1102	1.61056220673546	2.1060034498302
113	WGN39	1.45736363636364	0.126251578361133	1102	1.20964301481627	1.70508425791101
114	WGN39	1.62977272727273	0.126251578361134	1102	1.38205210572536	1.8774933488201
115	WGN39	1.5975	0.126251578361133	1102	1.34977937845263	1.84522062154737
116	WGN39	1.312	0.126251578361134	1102	1.06427937845263	1.55972062154737
117	WGN39	1.19140151515152	0.126251578361133	1102	0.943680893604147	1.43912213669889
118	WGN39	1.9875	0.126251578361133	1102	1.73977937845263	2.23522062154737
120	WGN39	1.1595	0.126251578361133	1102	0.911779378452631	1.40722062154737
121	WGN39	1.70971670261843	0.178587158229933	1102	1.3593074450759	2.06012596016096
122	WGN39	1.69	0.126251578361133	1102	1.44227937845263	1.93772062154737
123	WGN39	1.483875	0.126251578361134	1102	1.23615437845263	1.73159562154737
124	WGN39	1.815	0.126251578361133	1102	1.56727937845263	2.06272062154737
125	WGN39	1.26318181818182	0.126251578361133	1102	1.01546119663445	1.51090243972919
126	WGN39	1.09825	0.126251578361133	1102	0.850529378452632	1.34597062154737
127	WGN39	1.8345	0.126251578361133	1102	1.58677937845263	2.08222062154737
128	WGN39	2.09028329738158	0.178587158229933	1102	1.73987403983905	2.44069255492411
129	WGN39	2.25381818181818	0.126251578361133	1102	2.00609756027081	2.50153880336555
130	WGN39	1.43863636363637	0.126251578361133	1102	1.190915742089	1.68635698518374
1	WGN45	1.24950000000002	0.126251578361132	1102	1.00177937845265	1.49722062154738
2	WGN45	1.64318181818184	0.126251578361134	1102	1.39546119663447	1.89090243972921
3	WGN45	0.716904761904781	0.126251578361133	1102	0.469184140357412	0.96462538345215
4	WGN45	1.4847272727273	0.126251578361135	1102	1.23700665117993	1.73244789427467
5	WGN45	1.48666666666669	0.126251578361134	1102	1.23894604511932	1.73438728821406
6	WGN45	1.28100000000002	0.126251578361134	1102	1.03327937845265	1.52872062154739
7	WGN45	1.76850000000001	0.126251578361133	1102	1.52077937845265	2.01622062154738
8	WGN45	1.74944444444445	0.126251578361132	1102	1.50172382289708	1.99716506599182
9	WGN45	1.01163636363639	0.126251578361134	1102	0.763915742089019	1.25935698518376
10	WGN45	1.27522727272729	0.126251578361132	1102	1.02750665117992	1.52294789427466
11	WGN45	1.48666666666668	0.126251578361134	1102	1.23894604511931	1.73438728821405
12	WGN45	1.37155555555557	0.126251578361134	1102	1.1238349340082	1.61927617710294
13	WGN45	1.49750000000002	0.126251578361134	1102	1.24977937845265	1.74522062154739
14	WGN45	1.38588888888891	0.126251578361133	1102	1.13816826734154	1.63360951043628
15	WGN45	0.976666666666687	0.126251578361133	1102	0.728946045119318	1.22438728821406
16	WGN45	1.65050000000003	0.126251578361135	1102	1.40277937845266	1.8982206215474
17	WGN45	1.27833333333334	0.126251578361133	1102	1.03061271178597	1.52605395488071
18	WGN45	0.52500000000004	0.126251578361132	1102	0.277279378452673	0.772720621547407
19	WGN45	1.22300000000002	0.126251578361133	1102	0.975279378452648	1.47072062154739
20	WGN45	1.72481818181818	0.126251578361132	1102	1.47709756027081	1.97253880336554
22	WGN45	1.24200000000003	0.126251578361133	1102	0.994279378452659	1.4897206215474
23	WGN45	1.47850000000002	0.126251578361134	1102	1.23077937845265	1.7262206215474
24	WGN45	0.697283297381585	0.178587158229933	1102	0.346874039839053	1.04769255492412
26	WGN45	0.629383369285105	0.178587158229933	1102	0.278974111742575	0.979792626827636
28	WGN45	0.882000000000014	0.126251578361135	1102	0.634279378452642	1.12972062154739
29	WGN45	1.18000000000002	0.126251578361134	1102	0.932279378452646	1.42772062154739
31	WGN45	1.56900000000002	0.126251578361135	1102	1.32127937845265	1.81672062154739
32	WGN45	1.48050000000002	0.126251578361134	1102	1.23277937845265	1.72822062154739
33	WGN45	0.451666666666687	0.126251578361133	1102	0.203946045119318	0.699387288214056
34	WGN45	1.00350000000002	0.126251578361135	1102	0.755779378452644	1.25122062154739
35	WGN45	1.77866666666667	0.126251578361133	1102	1.5309460451193	2.02638728821404
36	WGN45	1.70300000000001	0.126251578361132	1102	1.45527937845264	1.95072062154738
37	WGN45	1.63568181818184	0.126251578361134	1102	1.38796119663447	1.88340243972921
40	WGN45	1.56195454545457	0.126251578361135	1102	1.3142339239072	1.80967516700195
41	WGN45	1.57854545454548	0.126251578361135	1102	1.33082483299811	1.82626607609285
42	WGN45	1.27322727272729	0.126251578361133	1102	1.02550665117993	1.52094789427466
43	WGN45	1.55350000000002	0.126251578361133	1102	1.30577937845265	1.80122062154739
44	WGN45	1.55725000000001	0.126251578361131	1102	1.30952937845264	1.80497062154738
45	WGN45	1.11256944444446	0.126251578361134	1102	0.864848822897089	1.36029006599183
46	WGN45	0.740357142857164	0.126251578361133	1102	0.492636521309796	0.988077764404532
49	WGN45	1.33822727272729	0.126251578361133	1102	1.09050665117992	1.58594789427466
50	WGN45	0.352716702618429	0.178587158229933	1102	0.00230744507589759	0.703125960160961
52	WGN45	1.14728329738159	0.178587158229933	1102	0.796874039839058	1.49769255492412
53	WGN45	1.35700000000002	0.126251578361134	1102	1.10927937845265	1.60472062154739
54	WGN45	0.832500000000016	0.126251578361134	1102	0.584779378452645	1.08022062154739
55	WGN45	1.57650000000002	0.126251578361134	1102	1.32877937845265	1.82422062154739
56	WGN45	1.43918181818183	0.126251578361133	1102	1.19146119663447	1.6869024397292
57	WGN45	1.09000000000001	0.126251578361134	1102	0.842279378452644	1.33772062154739
58	WGN45	1.11150000000002	0.126251578361134	1102	0.863779378452645	1.35922062154739
59	WGN45	0.864500000000016	0.126251578361134	1102	0.616779378452644	1.11222062154739
60	WGN45	0.817283297381592	0.178587158229932	1102	0.466874039839062	1.16769255492412
61	WGN45	1.34400000000002	0.126251578361133	1102	1.09627937845265	1.59172062154739
62	WGN45	1.30750000000002	0.126251578361135	1102	1.05977937845264	1.55522062154739
64	WGN45	1.42642857142858	0.126251578361133	1102	1.17870794988122	1.67414919297595
65	WGN45	1.24866666666669	0.126251578361134	1102	1.00094604511932	1.49638728821405
66	WGN45	0.947000000000018	0.126251578361134	1102	0.699279378452647	1.19472062154739
68	WGN45	1.39213636363638	0.126251578361134	1102	1.14441574208901	1.63985698518376
69	WGN45	1.33750000000001	0.126251578361133	1102	1.08977937845265	1.58522062154738
70	WGN45	1.06050000000002	0.126251578361133	1102	0.81277937845265	1.30822062154739
71	WGN45	1.86911111111113	0.126251578361134	1102	1.62139048956376	2.1168317326585
72	WGN45	1.21400000000001	0.126251578361134	1102	0.966279378452644	1.46172062154738
73	WGN45	1.2172832973816	0.178587158229933	1102	0.866874039839063	1.56769255492413
74	WGN45	1.28671670261844	0.178587158229932	1102	0.936307445075912	1.63712596016097
75	WGN45	1.60605003595177	0.178587158229933	1102	1.25564077840924	1.9564592934943
76	WGN45	1.87550000000002	0.126251578361134	1102	1.62777937845265	2.12322062154739
78	WGN45	0.887283297381587	0.178587158229934	1102	0.536874039839054	1.23769255492412
80	WGN45	1.43787500000002	0.126251578361134	1102	1.19015437845265	1.68559562154739
81	WGN45	1.30050000000001	0.126251578361133	1102	1.05277937845264	1.54822062154738
82	WGN45	1.72283885293716	0.178587158229934	1102	1.37242959539462	2.07324811047969
84	WGN45	1.87700000000001	0.126251578361133	1102	1.62927937845265	2.12472062154738
85	WGN45	2.03666666666668	0.126251578361133	1102	1.78894604511931	2.28438728821405
86	WGN45	1.46650000000002	0.126251578361133	1102	1.21877937845265	1.71422062154739
88	WGN45	1.46838888888891	0.126251578361134	1102	1.22066826734154	1.71610951043628
89	WGN45	1.51500000000002	0.126251578361134	1102	1.26727937845265	1.76272062154739
90	WGN45	1.40450000000002	0.126251578361133	1102	1.15677937845265	1.65222062154739
92	WGN45	1.90350000000002	0.126251578361133	1102	1.65577937845265	2.15122062154738
93	WGN45	0.685616630714929	0.178587158229932	1102	0.3352073731724	1.03602588825746
94	WGN45	1.15955555555557	0.126251578361133	1102	0.911834934008205	1.40727617710294
95	WGN45	1.00000000000002	0.126251578361134	1102	0.752279378452648	1.24772062154739
96	WGN45	0.477283297381585	0.178587158229933	1102	0.126874039839053	0.827692554924116
98	WGN45	1.87750000000002	0.126251578361134	1102	1.62977937845265	2.12522062154739
99	WGN45	0.545216702618447	0.178587158229932	1102	0.194807445075918	0.895625960160976
100	WGN45	1.47362500000002	0.126251578361134	1102	1.22590437845265	1.72134562154739
101	WGN45	1.70944444444446	0.126251578361133	1102	1.46172382289709	1.95716506599183
102	WGN45	1.79650000000002	0.126251578361133	1102	1.54877937845265	2.04422062154739
103	WGN45	1.69018181818184	0.126251578361133	1102	1.44246119663447	1.93790243972921
104	WGN45	1.26600000000002	0.126251578361134	1102	1.01827937845265	1.51372062154739
105	WGN45	1.41612500000002	0.126251578361134	1102	1.16840437845265	1.66384562154739
106	WGN45	1.64095454545456	0.126251578361134	1102	1.39323392390719	1.88867516700193
107	WGN45	2.0232777777778	0.126251578361134	1102	1.77555715623043	2.27099839932517
108	WGN45	1.37588888888891	0.126251578361134	1102	1.12816826734154	1.62360951043628
109	WGN45	1.64500000000002	0.126251578361134	1102	1.39727937845265	1.89272062154739
110	WGN45	1.44516666666668	0.126251578361134	1102	1.19744604511931	1.69288728821405
111	WGN45	1.5807142857143	0.126251578361134	1102	1.33299366416693	1.82843490726167
114	WGN45	1.24033333333335	0.126251578361133	1102	0.99261271178598	1.48805395488072
116	WGN45	1.42050000000002	0.126251578361133	1102	1.17277937845265	1.66822062154739
117	WGN45	0.342716702618443	0.178587158229932	1102	-0.00769255492408677	0.693125960160973
118	WGN45	0.973055555555573	0.126251578361134	1102	0.725334934008203	1.22077617710294
119	WGN45	1.60590909090911	0.126251578361134	1102	1.35818846936174	1.85362971245648
120	WGN45	1.52983333333335	0.126251578361134	1102	1.28211271178598	1.77755395488072
121	WGN45	1.33883333333335	0.126251578361133	1102	1.09111271178598	1.58655395488072
122	WGN45	1.74617218627048	0.178587158229932	1102	1.39576292872795	2.09658144381301
123	WGN45	1.10571670261844	0.178587158229932	1102	0.755307445075912	1.45612596016097
124	WGN45	1.40000000000002	0.126251578361134	1102	1.15227937845265	1.64772062154739
126	WGN45	1.59150000000002	0.126251578361133	1102	1.34377937845265	1.83922062154739
127	WGN45	1.31650000000002	0.126251578361134	1102	1.06877937845265	1.56422062154739
128	WGN45	1.48900000000002	0.126251578361134	1102	1.24127937845265	1.73672062154739
129	WGN45	1.16180555555557	0.126251578361134	1102	0.914084934008202	1.40952617710294
1	WGN46	1.9765000000001	0.126251578361137	1102	1.72877937845272	2.22422062154747
2	WGN46	1.51550000000003	0.126251578361135	1102	1.26777937845266	1.7632206215474
3	WGN46	1.54227777777782	0.126251578361134	1102	1.29455715623045	1.78999839932519
4	WGN46	1.35000000000006	0.126251578361132	1102	1.10227937845269	1.59772062154742
6	WGN46	1.57000000000004	0.126251578361135	1102	1.32227937845266	1.81772062154741
7	WGN46	1.51068181818185	0.126251578361134	1102	1.26296119663448	1.75840243972922
8	WGN46	1.68950000000003	0.126251578361135	1102	1.44177937845265	1.9372206215474
9	WGN46	1.72300000000005	0.126251578361134	1102	1.47527937845268	1.97072062154742
10	WGN46	1.41813636363643	0.126251578361132	1102	1.17041574208906	1.6658569851838
11	WGN46	1.85800000000005	0.126251578361134	1102	1.61027937845267	2.10572062154742
12	WGN46	1.49181818181822	0.126251578361135	1102	1.24409756027085	1.73953880336559
13	WGN46	1.67259090909096	0.126251578361134	1102	1.42487028754359	1.92031153063833
14	WGN46	1.60350000000005	0.126251578361133	1102	1.35577937845268	1.85122062154741
15	WGN46	1.90495454545459	0.126251578361134	1102	1.65723392390722	2.15267516700196
16	WGN46	1.90150000000005	0.126251578361132	1102	1.65377937845268	2.14922062154741
17	WGN46	1.84028329738161	0.178587158229934	1102	1.48987403983907	2.19069255492414
18	WGN46	1.76450000000004	0.126251578361133	1102	1.51677937845267	2.01222062154741
19	WGN46	1.66268181818187	0.126251578361132	1102	1.4149611966345	1.91040243972924
20	WGN46	1.39888888888895	0.126251578361132	1102	1.15116826734158	1.64660951043631
21	WGN46	1.29428329738163	0.178587158229932	1102	0.943874039839103	1.64469255492416
22	WGN46	1.45700000000006	0.126251578361132	1102	1.20927937845269	1.70472062154743
23	WGN46	1.78471670261846	0.17858715822993	1102	1.43430744507594	2.13512596016099
24	WGN46	1.83000000000004	0.126251578361134	1102	1.58227937845267	2.07772062154741
25	WGN46	1.37060606060612	0.126251578361132	1102	1.12288543905875	1.61832668215349
26	WGN46	1.37100000000006	0.126251578361132	1102	1.12327937845269	1.61872062154743
27	WGN46	1.07518181818185	0.126251578361135	1102	0.827461196634475	1.32290243972922
28	WGN46	1.08868686868692	0.126251578361134	1102	0.840966247139545	1.33640749023429
29	WGN46	1.38394444444448	0.126251578361133	1102	1.13622382289712	1.63166506599185
30	WGN46	1.37600000000006	0.126251578361132	1102	1.12827937845269	1.62372062154743
31	WGN46	2.00837500000004	0.126251578361133	1102	1.76065437845268	2.25609562154741
32	WGN46	2.14950000000004	0.126251578361133	1102	1.90177937845267	2.39722062154741
33	WGN46	1.37900000000005	0.126251578361133	1102	1.13127937845268	1.62672062154742
34	WGN46	1.44231818181822	0.126251578361134	1102	1.19459756027085	1.69003880336559
36	WGN46	1.55300000000005	0.126251578361134	1102	1.30527937845267	1.80072062154742
37	WGN46	1.83109090909095	0.126251578361134	1102	1.58337028754358	2.07881153063832
38	WGN46	1.90300000000004	0.126251578361133	1102	1.65527937845267	2.15072062154741
39	WGN46	1.02271670261848	0.178587158229931	1102	0.672307445075952	1.37312596016101
40	WGN46	1.76450000000005	0.126251578361132	1102	1.51677937845268	2.01222062154741
41	WGN46	2.05650000000004	0.126251578361133	1102	1.80877937845267	2.30422062154741
42	WGN46	1.08750000000006	0.126251578361133	1102	0.839779378452687	1.33522062154743
43	WGN46	0.828000000000056	0.126251578361133	1102	0.580279378452687	1.07572062154742
44	WGN46	1.65100000000005	0.126251578361134	1102	1.40327937845268	1.89872062154742
45	WGN46	1.21500000000004	0.126251578361134	1102	0.967279378452668	1.46272062154741
46	WGN46	1.46550000000005	0.126251578361133	1102	1.21777937845269	1.71322062154742
47	WGN46	1.82450000000004	0.126251578361133	1102	1.57677937845267	2.07222062154741
48	WGN46	1.63666666666671	0.126251578361135	1102	1.38894604511933	1.88438728821408
49	WGN46	1.64400000000005	0.126251578361133	1102	1.39627937845268	1.89172062154742
50	WGN46	1.66000000000004	0.126251578361134	1102	1.41227937845267	1.90772062154742
51	WGN46	1.58471670261847	0.178587158229933	1102	1.23430744507594	1.935125960161
52	WGN46	1.37200000000005	0.126251578361133	1102	1.12427937845268	1.61972062154742
53	WGN46	1.43050000000004	0.126251578361134	1102	1.18277937845267	1.67822062154741
54	WGN46	1.71750000000005	0.126251578361133	1102	1.46977937845268	1.96522062154742
55	WGN46	1.65635306625482	0.178587158229933	1102	1.30594380871229	2.00676232379735
56	WGN46	1.59277272727278	0.126251578361132	1102	1.34505210572541	1.84049334882014
57	WGN46	1.55159090909095	0.126251578361134	1102	1.30387028754358	1.79931153063832
58	WGN46	1.51050000000004	0.126251578361134	1102	1.26277937845267	1.75822062154741
59	WGN46	1.88090909090913	0.126251578361134	1102	1.63318846936176	2.1286297124565
60	WGN46	1.83600000000004	0.126251578361133	1102	1.58827937845267	2.08372062154741
61	WGN46	1.83700000000004	0.126251578361134	1102	1.58927937845267	2.08472062154741
62	WGN46	1.76894444444449	0.126251578361133	1102	1.52122382289712	2.01666506599186
63	WGN46	1.75913636363641	0.126251578361134	1102	1.51141574208904	2.00685698518378
64	WGN46	1.40650000000004	0.126251578361134	1102	1.15877937845267	1.65422062154741
65	WGN46	2.12071670261847	0.178587158229931	1102	1.77030744507594	2.47112596016099
66	WGN46	1.45500000000004	0.126251578361134	1102	1.20727937845267	1.70272062154741
67	WGN46	1.52850000000005	0.126251578361133	1102	1.28077937845268	1.77622062154742
68	WGN46	1.58336363636368	0.126251578361134	1102	1.33564301481631	1.83108425791105
69	WGN46	1.42150000000005	0.126251578361133	1102	1.17377937845268	1.66922062154742
70	WGN46	1.77150000000005	0.126251578361134	1102	1.52377937845268	2.01922062154742
71	WGN46	1.7881666666667	0.126251578361134	1102	1.54044604511933	2.03588728821408
72	WGN46	1.74900000000004	0.126251578361133	1102	1.50127937845267	1.99672062154741
73	WGN46	1.12106060606066	0.126251578361134	1102	0.873339984513288	1.36878122760803
74	WGN46	1.49100000000004	0.126251578361134	1102	1.24327937845267	1.73872062154741
75	WGN46	1.51500000000004	0.126251578361134	1102	1.26727937845267	1.76272062154741
76	WGN46	1.53436363636368	0.126251578361133	1102	1.28664301481631	1.78208425791105
78	WGN46	1.80345454545459	0.126251578361133	1102	1.55573392390722	2.05117516700196
79	WGN46	1.96450000000004	0.126251578361134	1102	1.71677937845267	2.21222062154741
80	WGN46	1.59788888888893	0.126251578361134	1102	1.35016826734156	1.8456095104363
81	WGN46	1.31700000000004	0.126251578361133	1102	1.06927937845268	1.56472062154741
82	WGN46	1.4944444444445	0.126251578361133	1102	1.24672382289713	1.74216506599186
83	WGN46	1.81500000000005	0.126251578361133	1102	1.56727937845268	2.06272062154742
84	WGN46	0.960318181818235	0.126251578361133	1102	0.712597560270867	1.2080388033656
85	WGN46	1.73400000000004	0.126251578361134	1102	1.48627937845267	1.98172062154741
86	WGN46	1.72544444444449	0.126251578361133	1102	1.47772382289712	1.97316506599186
87	WGN46	1.78350000000004	0.126251578361134	1102	1.53577937845267	2.03122062154741
88	WGN46	1.48250000000004	0.126251578361133	1102	1.23477937845267	1.73022062154741
89	WGN46	1.84650000000004	0.126251578361134	1102	1.59877937845267	2.09422062154741
90	WGN46	1.45000000000004	0.126251578361134	1102	1.20227937845267	1.69772062154741
91	WGN46	1.37128329738162	0.178587158229932	1102	1.02087403983909	1.72169255492415
93	WGN46	1.81745454545459	0.126251578361133	1102	1.56973392390722	2.06517516700196
94	WGN46	1.70250000000004	0.126251578361134	1102	1.45477937845267	1.95022062154741
95	WGN46	1.65595454545459	0.126251578361133	1102	1.40823392390722	1.90367516700196
96	WGN46	1.78300000000004	0.126251578361133	1102	1.53527937845268	2.03072062154741
98	WGN46	1.94550000000004	0.126251578361133	1102	1.69777937845267	2.19322062154741
100	WGN46	1.91400000000004	0.126251578361133	1102	1.66627937845267	2.16172062154741
101	WGN46	1.61600000000004	0.126251578361133	1102	1.36827937845267	1.86372062154741
102	WGN46	1.44450000000004	0.126251578361134	1102	1.19677937845267	1.69222062154741
103	WGN46	1.77477272727277	0.126251578361133	1102	1.5270521057254	2.02249334882014
104	WGN46	1.45540909090914	0.126251578361133	1102	1.20768846936177	1.7031297124565
106	WGN46	1.26678571428576	0.126251578361133	1102	1.01906509273839	1.51450633583313
107	WGN46	1.71909090909095	0.126251578361134	1102	1.47137028754358	1.96681153063832
108	WGN46	1.49644444444449	0.126251578361133	1102	1.24872382289712	1.74416506599186
109	WGN46	1.47322222222226	0.126251578361133	1102	1.22550160067489	1.72094284376963
110	WGN46	1.89622727272732	0.126251578361133	1102	1.64850665117995	2.14394789427468
111	WGN46	1.36525000000005	0.126251578361133	1102	1.11752937845268	1.61297062154742
112	WGN46	1.62400000000004	0.126251578361133	1102	1.37627937845267	1.87172062154741
113	WGN46	1.81813636363641	0.126251578361133	1102	1.57041574208904	2.06585698518378
114	WGN46	1.80750000000004	0.126251578361133	1102	1.55977937845267	2.05522062154741
115	WGN46	1.49100000000004	0.126251578361133	1102	1.24327937845267	1.73872062154741
116	WGN46	1.60750000000004	0.126251578361134	1102	1.35977937845267	1.85522062154741
117	WGN46	1.31950000000004	0.126251578361133	1102	1.07177937845267	1.56722062154741
118	WGN46	1.47028329738161	0.178587158229933	1102	1.11987403983908	1.82069255492414
119	WGN46	1.92900000000004	0.126251578361133	1102	1.68127937845267	2.17672062154741
120	WGN46	2.06600000000004	0.126251578361133	1102	1.81827937845267	2.31372062154741
121	WGN46	1.52666666666671	0.126251578361133	1102	1.27894604511934	1.77438728821408
122	WGN46	1.67850000000004	0.126251578361133	1102	1.43077937845267	1.92622062154741
123	WGN46	1.58350000000004	0.126251578361133	1102	1.33577937845267	1.83122062154741
124	WGN46	1.22875000000004	0.126251578361133	1102	0.981029378452673	1.47647062154741
125	WGN46	1.40150000000004	0.126251578361133	1102	1.15377937845267	1.64922062154741
126	WGN46	1.50044444444449	0.126251578361133	1102	1.25272382289712	1.74816506599186
127	WGN46	1.85350000000004	0.126251578361133	1102	1.60577937845267	2.10122062154741
128	WGN46	1.81500000000004	0.126251578361133	1102	1.56727937845267	2.06272062154741
129	WGN46	2.02311111111115	0.126251578361133	1102	1.77539048956378	2.27083173265852
130	WGN46	1.64627272727277	0.126251578361133	1102	1.3985521057254	1.89399334882014
1	WGN55	1.34049999999998	0.126251578361132	1102	1.09277937845261	1.58822062154735
2	WGN55	1.15509090909091	0.126251578361133	1102	0.907370287543543	1.40281153063828
3	WGN55	1.37599999999999	0.126251578361133	1102	1.12827937845263	1.62372062154736
4	WGN55	1.62736363636363	0.126251578361133	1102	1.37964301481626	1.875084257911
5	WGN55	1.79700000000001	0.126251578361135	1102	1.54927937845264	2.04472062154738
6	WGN55	2.21349999999999	0.126251578361133	1102	1.96577937845262	2.46122062154736
7	WGN55	1.35004545454546	0.126251578361134	1102	1.10232483299808	1.59776607609283
8	WGN55	1.61937500000001	0.126251578361135	1102	1.37165437845264	1.86709562154738
9	WGN55	1.42977272727272	0.126251578361135	1102	1.18205210572535	1.67749334882009
10	WGN55	1.88550000000001	0.126251578361135	1102	1.63777937845264	2.13322062154738
11	WGN55	1.56094444444444	0.126251578361133	1102	1.31322382289707	1.80866506599181
12	WGN55	1.56371670261841	0.178587158229933	1102	1.21330744507588	1.91412596016094
13	WGN55	1.49181818181817	0.126251578361134	1102	1.2440975602708	1.73953880336555
14	WGN55	1.62222222222223	0.126251578361134	1102	1.37450160067486	1.8699428437696
15	WGN55	1.6015	0.126251578361133	1102	1.35377937845263	1.84922062154737
16	WGN55	1.4135	0.126251578361134	1102	1.16577937845263	1.66122062154737
17	WGN55	1.49726215716388	0.178587158229931	1102	1.14685289962135	1.84767141470641
18	WGN55	1.497	0.126251578361133	1102	1.24927937845264	1.74472062154737
19	WGN55	1.6335	0.126251578361135	1102	1.38577937845263	1.88122062154738
20	WGN55	2.09961111111113	0.126251578361135	1102	1.85189048956376	2.3473317326585
21	WGN55	1.5185	0.126251578361134	1102	1.27077937845263	1.76622062154737
22	WGN55	1.92868181818182	0.126251578361133	1102	1.68096119663445	2.17640243972919
23	WGN55	1.87722727272727	0.126251578361133	1102	1.6295066511799	2.12494789427464
24	WGN55	1.37927272727272	0.126251578361135	1102	1.13155210572535	1.62699334882009
25	WGN55	1.666	0.126251578361134	1102	1.41827937845263	1.91372062154737
26	WGN55	1.52609090909091	0.126251578361132	1102	1.27837028754354	1.77381153063828
27	WGN55	1.42471670261842	0.178587158229933	1102	1.07430744507589	1.77512596016096
28	WGN55	1.33071670261842	0.178587158229932	1102	0.980307445075892	1.68112596016095
29	WGN55	1.83450000000001	0.126251578361135	1102	1.58677937845264	2.08222062154738
30	WGN55	1.69699999999999	0.126251578361133	1102	1.44927937845262	1.94472062154736
31	WGN55	1.4805	0.126251578361135	1102	1.23277937845263	1.72822062154737
32	WGN55	1.6505	0.126251578361135	1102	1.40277937845263	1.89822062154738
33	WGN55	1.547	0.126251578361134	1102	1.29927937845263	1.79472062154737
34	WGN55	1.52727272727272	0.126251578361133	1102	1.27955210572535	1.77499334882009
35	WGN55	1.973	0.126251578361133	1102	1.72527937845263	2.22072062154736
36	WGN55	1.607	0.126251578361134	1102	1.35927937845263	1.85472062154737
37	WGN55	1.508	0.126251578361134	1102	1.26027937845263	1.75572062154737
38	WGN55	1.1865	0.126251578361135	1102	0.938779378452623	1.43422062154737
40	WGN55	1.45371670261842	0.178587158229932	1102	1.1033074450759	1.80412596016095
41	WGN55	1.45085858585858	0.126251578361134	1102	1.20313796431121	1.69857920740596
42	WGN55	1.49499999999999	0.126251578361134	1102	1.24727937845262	1.74272062154737
43	WGN55	1.7035	0.126251578361135	1102	1.45577937845263	1.95122062154738
44	WGN55	1.5875	0.126251578361133	1102	1.33977937845263	1.83522062154736
45	WGN55	1.2	0.126251578361134	1102	0.952279378452628	1.44772062154737
46	WGN55	1.03995454545455	0.126251578361133	1102	0.792233923907179	1.28767516700192
47	WGN55	1.50691919191919	0.126251578361135	1102	1.25919857037182	1.75463981346656
48	WGN55	1.35246031746033	0.126251578361133	1102	1.10473969591296	1.6001809390077
49	WGN55	1.98414141414143	0.126251578361135	1102	1.73642079259405	2.2318620356888
50	WGN55	1.56995454545454	0.126251578361133	1102	1.32223392390717	1.81767516700191
52	WGN55	1.529	0.126251578361134	1102	1.28127937845263	1.77672062154737
53	WGN55	1.083	0.126251578361134	1102	0.835279378452628	1.33072062154737
54	WGN55	1.22183333333333	0.126251578361134	1102	0.97411271178596	1.4695539548807
55	WGN55	1.75414141414142	0.126251578361133	1102	1.50642079259405	2.00186203568878
56	WGN55	1.89415584415584	0.126251578361133	1102	1.64643522260847	2.14187646570321
57	WGN55	1.629	0.126251578361133	1102	1.38127937845263	1.87672062154737
58	WGN55	1.76988888888889	0.126251578361134	1102	1.52216826734152	2.01760951043626
59	WGN55	1.61172727272728	0.126251578361134	1102	1.36400665117991	1.85944789427465
60	WGN55	1.457	0.126251578361134	1102	1.20927937845263	1.70472062154737
61	WGN55	0.877227272727271	0.126251578361133	1102	0.629506651179901	1.12494789427464
62	WGN55	1.736	0.126251578361134	1102	1.48827937845263	1.98372062154737
63	WGN55	1.68544444444445	0.126251578361134	1102	1.43772382289708	1.93316506599182
64	WGN55	1.661	0.126251578361133	1102	1.41327937845263	1.90872062154736
65	WGN55	1.5805	0.126251578361134	1102	1.33277937845263	1.82822062154737
66	WGN55	1.131	0.126251578361134	1102	0.883279378452626	1.37872062154737
67	WGN55	1.463375	0.126251578361133	1102	1.21565437845263	1.71109562154737
68	WGN55	1.2335	0.126251578361133	1102	0.985779378452631	1.48122062154737
69	WGN55	1.497	0.126251578361134	1102	1.24927937845263	1.74472062154737
70	WGN55	1.3015	0.126251578361134	1102	1.05377937845263	1.54922062154737
71	WGN55	1.164	0.126251578361133	1102	0.916279378452626	1.41172062154737
72	WGN55	1.372	0.126251578361133	1102	1.12427937845263	1.61972062154737
73	WGN55	1.65427777777778	0.126251578361134	1102	1.40655715623041	1.90199839932515
74	WGN55	1.577	0.126251578361134	1102	1.32927937845263	1.82472062154737
75	WGN55	1.5895	0.126251578361133	1102	1.34177937845263	1.83722062154737
76	WGN55	1.24	0.126251578361134	1102	0.992279378452627	1.48772062154737
77	WGN55	1.088	0.126251578361134	1102	0.840279378452629	1.33572062154737
78	WGN55	1.067	0.126251578361134	1102	0.819279378452629	1.31472062154737
80	WGN55	1.28613636363636	0.126251578361134	1102	1.03841574208899	1.53385698518373
81	WGN55	1.14805555555556	0.126251578361133	1102	0.900334934008187	1.39577617710293
82	WGN55	1.56186363636364	0.126251578361134	1102	1.31414301481626	1.80958425791101
83	WGN55	1.21736363636363	0.126251578361134	1102	0.969643014816264	1.465084257911
84	WGN55	1.27	0.126251578361134	1102	1.02227937845263	1.51772062154737
85	WGN55	1.74383333333333	0.126251578361133	1102	1.49611271178596	1.9915539548807
86	WGN55	1.11595454545454	0.126251578361134	1102	0.868233923907172	1.36367516700191
87	WGN55	1.2835	0.126251578361134	1102	1.03577937845263	1.53122062154737
88	WGN55	1.1715	0.126251578361133	1102	0.923779378452631	1.41922062154737
89	WGN55	1.89113636363636	0.126251578361133	1102	1.64341574208899	2.13885698518373
90	WGN55	1.069	0.126251578361133	1102	0.821279378452632	1.31672062154737
91	WGN55	1.91768181818182	0.126251578361133	1102	1.66996119663445	2.16540243972919
92	WGN55	1.377	0.126251578361133	1102	1.12927937845263	1.62472062154737
93	WGN55	1.431	0.126251578361133	1102	1.18327937845263	1.67872062154737
94	WGN55	1.382	0.126251578361134	1102	1.13427937845263	1.62972062154737
95	WGN55	1.7745	0.126251578361134	1102	1.52677937845263	2.02222062154737
96	WGN55	1.0575	0.126251578361133	1102	0.809779378452631	1.30522062154737
97	WGN55	1.4205	0.126251578361133	1102	1.17277937845263	1.66822062154737
98	WGN55	1.3545	0.126251578361134	1102	1.10677937845263	1.60222062154737
99	WGN55	1.6075	0.126251578361134	1102	1.35977937845263	1.85522062154737
100	WGN55	1.3175	0.126251578361133	1102	1.06977937845263	1.56522062154737
101	WGN55	1.3525	0.126251578361133	1102	1.10477937845263	1.60022062154737
102	WGN55	1.41930555555555	0.126251578361134	1102	1.17158493400818	1.66702617710292
103	WGN55	1.39242857142857	0.126251578361133	1102	1.1447079498812	1.64014919297594
104	WGN55	1.3465	0.126251578361133	1102	1.09877937845263	1.59422062154737
105	WGN55	1.44705555555555	0.126251578361134	1102	1.19933493400818	1.69477617710292
106	WGN55	1.5085	0.126251578361133	1102	1.26077937845263	1.75622062154737
107	WGN55	1.776	0.126251578361133	1102	1.52827937845263	2.02372062154737
108	WGN55	2.05263636363636	0.126251578361133	1102	1.80491574208899	2.30035698518373
109	WGN55	1.6395	0.126251578361133	1102	1.39177937845263	1.88722062154737
110	WGN55	1.6015	0.126251578361133	1102	1.35377937845263	1.84922062154737
111	WGN55	2.05954545454545	0.126251578361133	1102	1.81182483299808	2.30726607609282
112	WGN55	1.6655	0.126251578361134	1102	1.41777937845263	1.91322062154737
113	WGN55	1.64094444444444	0.126251578361134	1102	1.39322382289707	1.88866506599181
114	WGN55	1.47813636363636	0.126251578361133	1102	1.23041574208899	1.72585698518373
115	WGN55	1.45	0.126251578361133	1102	1.20227937845263	1.69772062154737
116	WGN55	0.942283297381574	0.178587158229933	1102	0.591874039839044	1.2926925549241
117	WGN55	1.28011111111111	0.126251578361134	1102	1.03239048956374	1.52783173265848
118	WGN55	1.7295	0.126251578361134	1102	1.48177937845263	1.97722062154737
119	WGN55	1.555	0.126251578361134	1102	1.30727937845263	1.80272062154737
120	WGN55	1.608	0.126251578361133	1102	1.36027937845263	1.85572062154737
121	WGN55	1.252	0.126251578361133	1102	1.00427937845263	1.49972062154737
122	WGN55	2.0875	0.126251578361133	1102	1.83977937845263	2.33522062154737
123	WGN55	1.6445	0.126251578361133	1102	1.39677937845263	1.89222062154737
124	WGN55	1.9535	0.126251578361133	1102	1.70577937845263	2.20122062154737
125	WGN55	1.338	0.126251578361133	1102	1.09027937845263	1.58572062154737
126	WGN55	1.43386363636363	0.126251578361133	1102	1.18614301481626	1.681584257911
128	WGN55	1.198	0.126251578361133	1102	0.95027937845263	1.44572062154737
129	WGN55	1.56640909090909	0.126251578361133	1102	1.31868846936172	1.81412971245646
130	WGN55	1.388	0.126251578361133	1102	1.14027937845263	1.63572062154737
1	WGN63	1.70400000000002	0.126251578361134	1102	1.45627937845265	1.95172062154739
2	WGN63	1.36833333333334	0.126251578361133	1102	1.12061271178598	1.61605395488071
3	WGN63	1.52008333333334	0.126251578361134	1102	1.27236271178597	1.76780395488071
4	WGN63	1.52950000000001	0.126251578361134	1102	1.28177937845263	1.77722062154738
5	WGN63	1.49550000000001	0.126251578361133	1102	1.24777937845264	1.74322062154738
6	WGN63	1.85371670261843	0.178587158229932	1102	1.5033074450759	2.20412596016096
7	WGN63	1.49149999999998	0.126251578361134	1102	1.24377937845261	1.73922062154735
8	WGN63	1.33850000000001	0.126251578361134	1102	1.09077937845264	1.58622062154738
9	WGN63	2.01195454545455	0.126251578361134	1102	1.76423392390718	2.25967516700192
10	WGN63	1.5485	0.126251578361134	1102	1.30077937845263	1.79622062154737
12	WGN63	1.51650000000001	0.126251578361133	1102	1.26877937845264	1.76422062154738
13	WGN63	1.8515	0.126251578361134	1102	1.60377937845263	2.09922062154737
14	WGN63	1.5075	0.126251578361133	1102	1.25977937845263	1.75522062154737
16	WGN63	1.2115	0.126251578361134	1102	0.963779378452631	1.45922062154737
17	WGN63	1.48166666666667	0.126251578361135	1102	1.2339460451193	1.72938728821404
18	WGN63	1.09466666666667	0.126251578361133	1102	0.846946045119304	1.34238728821404
19	WGN63	1.5135	0.126251578361135	1102	1.26577937845263	1.76122062154738
20	WGN63	1.41550000000003	0.126251578361134	1102	1.16777937845266	1.6632206215474
21	WGN63	1.41550000000001	0.126251578361132	1102	1.16777937845265	1.66322062154738
22	WGN63	1.91266666666667	0.126251578361134	1102	1.6649460451193	2.16038728821404
23	WGN63	1.4285	0.126251578361134	1102	1.18077937845263	1.67622062154737
24	WGN63	1.61095454545455	0.126251578361134	1102	1.36323392390718	1.85867516700192
25	WGN63	1.333	0.126251578361135	1102	1.08527937845263	1.58072062154737
26	WGN63	1.36800000000001	0.126251578361133	1102	1.12027937845264	1.61572062154738
27	WGN63	1.70466666666667	0.126251578361135	1102	1.4569460451193	1.95238728821405
28	WGN63	1.48450000000001	0.126251578361134	1102	1.23677937845264	1.73222062154738
29	WGN63	1.59850000000001	0.126251578361133	1102	1.35077937845264	1.84622062154738
30	WGN63	2.04600000000001	0.126251578361134	1102	1.79827937845264	2.29372062154738
31	WGN63	1.29038461538462	0.126251578361134	1102	1.04266399383725	1.53810523693199
32	WGN63	1.24800000000001	0.126251578361133	1102	1.00027937845264	1.49572062154738
33	WGN63	1.20100000000002	0.126251578361133	1102	0.953279378452652	1.44872062154739
34	WGN63	1.87100000000001	0.126251578361133	1102	1.62327937845264	2.11872062154738
35	WGN63	1.75959090909092	0.126251578361134	1102	1.51187028754355	2.00731153063829
36	WGN63	1.13049448039622	0.178587158229933	1102	0.780085222853695	1.48090373793876
37	WGN63	1.47600000000001	0.126251578361134	1102	1.22827937845264	1.72372062154738
38	WGN63	1.38600000000001	0.126251578361133	1102	1.13827937845264	1.63372062154738
39	WGN63	1.71916666666667	0.126251578361134	1102	1.4714460451193	1.96688728821404
40	WGN63	0.833500000000019	0.126251578361133	1102	0.585779378452651	1.08122062154739
41	WGN63	1.12160559150732	0.178587158229932	1102	0.77119633396479	1.47201484904985
42	WGN63	1.64005555555556	0.126251578361132	1102	1.39233493400819	1.88777617710293
43	WGN63	1.41550000000001	0.126251578361133	1102	1.16777937845264	1.66322062154738
44	WGN63	1.44488888888889	0.126251578361134	1102	1.19716826734152	1.69260951043627
45	WGN63	1.35153846153847	0.126251578361134	1102	1.10381783999109	1.59925908308584
46	WGN63	1.64272222222223	0.126251578361132	1102	1.39500160067486	1.89044284376959
47	WGN63	1.23722222222223	0.126251578361133	1102	0.989501600674859	1.4849428437696
48	WGN63	1.61750000000001	0.126251578361134	1102	1.36977937845264	1.86522062154738
49	WGN63	1.75744444444445	0.126251578361134	1102	1.50972382289708	2.00516506599182
50	WGN63	1.44450000000001	0.126251578361134	1102	1.19677937845263	1.69222062154738
51	WGN63	1.60228329738158	0.178587158229931	1102	1.25187403983905	1.95269255492411
52	WGN63	1.57712121212122	0.126251578361133	1102	1.32940059057385	1.82484183366859
53	WGN63	1.98457142857144	0.126251578361133	1102	1.73685080702407	2.2322920501188
54	WGN63	1.44600000000001	0.126251578361134	1102	1.19827937845264	1.69372062154738
55	WGN63	1.46700000000001	0.126251578361134	1102	1.21927937845263	1.71472062154738
56	WGN63	1.40305555555556	0.126251578361134	1102	1.15533493400819	1.65077617710293
57	WGN63	1.66100000000001	0.126251578361133	1102	1.41327937845264	1.90872062154738
58	WGN63	1.44666666666667	0.126251578361134	1102	1.1989460451193	1.69438728821404
59	WGN63	1.0155	0.126251578361134	1102	0.767779378452634	1.26322062154738
60	WGN63	1.76490000000001	0.126251578361133	1102	1.51717937845264	2.01262062154738
61	WGN63	1.67450000000001	0.126251578361134	1102	1.42677937845264	1.92222062154738
62	WGN63	1.73200000000001	0.126251578361134	1102	1.48427937845264	1.97972062154738
63	WGN63	1.76300000000001	0.126251578361133	1102	1.51527937845264	2.01072062154738
64	WGN63	1.43242424242426	0.126251578361133	1102	1.18470362087689	1.68014486397162
65	WGN63	1.31200000000001	0.126251578361133	1102	1.06427937845264	1.55972062154738
66	WGN63	1.27872222222224	0.126251578361133	1102	1.03100160067487	1.5264428437696
67	WGN63	1.63700000000001	0.126251578361133	1102	1.38927937845264	1.88472062154738
68	WGN63	1.60200000000001	0.126251578361133	1102	1.35427937845264	1.84972062154738
69	WGN63	1.97600000000001	0.126251578361133	1102	1.72827937845264	2.22372062154737
70	WGN63	1.4683888888889	0.126251578361133	1102	1.22066826734153	1.71610951043627
72	WGN63	1.77913636363637	0.126251578361133	1102	1.531415742089	2.02685698518374
73	WGN63	1.3032142857143	0.126251578361133	1102	1.05549366416693	1.55093490726166
74	WGN63	1.39300000000001	0.126251578361134	1102	1.14527937845264	1.64072062154738
75	WGN63	1.432	0.126251578361133	1102	1.18427937845263	1.67972062154737
76	WGN63	1.60550000000001	0.126251578361134	1102	1.35777937845264	1.85322062154738
77	WGN63	1.64250000000001	0.126251578361133	1102	1.39477937845264	1.89022062154738
78	WGN63	1.42525000000001	0.126251578361133	1102	1.17752937845264	1.67297062154738
79	WGN63	1.46600000000001	0.126251578361134	1102	1.21827937845264	1.71372062154738
80	WGN63	1.392	0.126251578361134	1102	1.14427937845263	1.63972062154738
81	WGN63	1.62650000000001	0.126251578361134	1102	1.37877937845264	1.87422062154738
82	WGN63	1.41550000000001	0.126251578361133	1102	1.16777937845264	1.66322062154738
83	WGN63	1.49686363636364	0.126251578361133	1102	1.24914301481627	1.74458425791101
84	WGN63	1.61762626262627	0.126251578361133	1102	1.3699056410789	1.86534688417364
85	WGN63	1.55009090909092	0.126251578361133	1102	1.30237028754355	1.79781153063829
86	WGN63	1.36683333333334	0.126251578361134	1102	1.11911271178597	1.61455395488071
87	WGN63	1.60600000000001	0.126251578361133	1102	1.35827937845264	1.85372062154738
88	WGN63	1.28700000000001	0.126251578361133	1102	1.03927937845264	1.53472062154738
89	WGN63	1.79700000000001	0.126251578361133	1102	1.54927937845264	2.04472062154738
90	WGN63	1.22428329738158	0.178587158229932	1102	0.873874039839054	1.57469255492411
91	WGN63	1.79000000000001	0.126251578361134	1102	1.54227937845264	2.03772062154738
92	WGN63	1.54350000000001	0.126251578361133	1102	1.29577937845264	1.79122062154738
93	WGN63	1.59300000000001	0.126251578361134	1102	1.34527937845264	1.84072062154738
94	WGN63	1.96304545454546	0.126251578361134	1102	1.71532483299809	2.21076607609283
95	WGN63	1.54827225817399	0.178587158229932	1102	1.19786300063146	1.89868151571652
96	WGN63	1.67850000000001	0.126251578361134	1102	1.43077937845264	1.92622062154738
97	WGN63	1.25550000000001	0.126251578361133	1102	1.00777937845264	1.50322062154738
98	WGN63	1.50505555555556	0.126251578361133	1102	1.25733493400819	1.75277617710293
99	WGN63	1.6524125874126	0.126251578361134	1102	1.40469196586523	1.90013320895997
100	WGN63	2.13600000000001	0.126251578361133	1102	1.88827937845264	2.38372062154738
101	WGN63	2.24794444444445	0.126251578361133	1102	2.00022382289708	2.49566506599182
102	WGN63	2.04300000000001	0.126251578361133	1102	1.79527937845264	2.29072062154738
103	WGN63	1.60027272727273	0.126251578361134	1102	1.35255210572536	1.8479933488201
105	WGN63	1.5479090909091	0.126251578361134	1102	1.30018846936173	1.79562971245647
106	WGN63	1.28371670261843	0.178587158229932	1102	0.933307445075901	1.63412596016096
107	WGN63	1.40300000000001	0.126251578361134	1102	1.15527937845264	1.65072062154738
109	WGN63	0.809954545454552	0.126251578361134	1102	0.562233923907182	1.05767516700192
110	WGN63	0.816833333333344	0.126251578361133	1102	0.569112711785974	1.06455395488071
111	WGN63	1.25400000000001	0.126251578361133	1102	1.00627937845264	1.50172062154738
112	WGN63	1.52583333333334	0.126251578361134	1102	1.27811271178597	1.77355395488071
114	WGN63	1.56758333333334	0.126251578361134	1102	1.31986271178597	1.81530395488071
115	WGN63	1.2227380952381	0.126251578361133	1102	0.975017473690733	1.47045871678547
116	WGN63	1.27350000000001	0.126251578361133	1102	1.02577937845264	1.52122062154738
117	WGN63	1.68350000000001	0.126251578361133	1102	1.43577937845264	1.93122062154738
118	WGN63	1.35954545454546	0.126251578361133	1102	1.11182483299809	1.60726607609283
119	WGN63	1.6268888888889	0.126251578361133	1102	1.37916826734153	1.87460951043627
121	WGN63	2.04550000000001	0.126251578361133	1102	1.79777937845264	2.29322062154738
122	WGN63	1.76150000000001	0.126251578361133	1102	1.51377937845264	2.00922062154738
123	WGN63	1.28462500000001	0.126251578361133	1102	1.03690437845264	1.53234562154738
124	WGN63	2.11100000000001	0.126251578361133	1102	1.86327937845264	2.35872062154738
125	WGN63	1.77063636363637	0.126251578361133	1102	1.522915742089	2.01835698518374
126	WGN63	1.35600000000001	0.126251578361133	1102	1.10827937845264	1.60372062154738
127	WGN63	1.72350000000001	0.126251578361133	1102	1.47577937845264	1.97122062154738
128	WGN63	1.65700000000001	0.126251578361133	1102	1.40927937845264	1.90472062154738
129	WGN63	1.42495454545455	0.126251578361133	1102	1.17723392390718	1.67267516700192
130	WGN63	1.41350000000001	0.126251578361133	1102	1.16577937845264	1.66122062154738
