plantID3	famID	emmean	SE	df	lower.CL	upper.CL
1	WGN07	1.47849999999998	0.123933599307221	1109	1.23532921682636	1.7216707831736
2	WGN07	1.7144999999998	0.123933599307186	1109	1.47132921682625	1.95767078317336
3	WGN07	1.63636363636387	0.123933599307176	1109	1.39319285319034	1.87953441953741
4	WGN07	1.04750000000015	0.123933599307189	1109	0.804329216826587	1.29067078317371
5	WGN07	1.86599999999998	0.123933599307173	1109	1.62282921682646	2.10917078317351
6	WGN07	0.673499999999995	0.123933599307178	1109	0.430329216826458	0.916670783173533
7	WGN07	1.48049999999999	0.123933599307179	1109	1.23732921682645	1.72367078317353
8	WGN07	1.80232120802886	0.175308047434281	1109	1.45834834328895	2.14629407276877
9	WGN07	1.86064393939395	0.123933599307176	1109	1.61747315622041	2.10381472256748
10	WGN07	1.24433333333335	0.123933599307177	1109	1.00116255015981	1.48750411650689
11	WGN07	1.46500000000001	0.12393359930718	1109	1.22182921682647	1.70817078317355
12	WGN07	1.04000000000003	0.123933599307174	1109	0.796829216826498	1.28317078317356
13	WGN07	1.73300000000002	0.123933599307177	1109	1.48982921682648	1.97617078317355
14	WGN07	1.41000000000001	0.123933599307175	1109	1.16682921682647	1.65317078317354
15	WGN07	1.75427777777779	0.123933599307178	1109	1.51110699460425	1.99744856095133
16	WGN07	1.50279220779221	0.123933599307172	1109	1.25962142461868	1.74596299096574
17	WGN07	1.82040404040406	0.123933599307173	1109	1.57723325723053	2.06357482357758
18	WGN07	1.72984848484848	0.123933599307179	1109	1.48667770167494	1.97301926802202
20	WGN07	1.05400000000003	0.123933599307175	1109	0.810829216826494	1.29717078317356
21	WGN07	1.80922727272728	0.123933599307177	1109	1.56605648955375	2.05239805590082
22	WGN07	1.47900000000001	0.123933599307174	1109	1.23582921682648	1.72217078317354
23	WGN07	1.59167879197125	0.175308047434282	1109	1.24770592723134	1.93565165671116
24	WGN07	1.62309090909091	0.123933599307177	1109	1.37992012591737	1.86626169226444
25	WGN07	1.45900000000002	0.123933599307179	1109	1.21582921682648	1.70217078317356
26	WGN07	1.70263636363638	0.123933599307182	1109	1.45946558046283	1.94580714680992
27	WGN07	1.85000000000002	0.123933599307178	1109	1.60682921682648	2.09317078317356
28	WGN07	1.97457142857145	0.123933599307177	1109	1.73140064539791	2.21774221174498
29	WGN07	1.55800000000001	0.123933599307177	1109	1.31482921682647	1.80117078317355
30	WGN07	1.42427272727273	0.123933599307179	1109	1.18110194409919	1.66744351044627
31	WGN07	1.58316666666668	0.123933599307179	1109	1.33999588349314	1.82633744984022
32	WGN07	1.70525000000002	0.123933599307172	1109	1.46207921682649	1.94842078317355
33	WGN07	1.71227272727273	0.123933599307175	1109	1.4691019440992	1.95544351044627
34	WGN07	1.5509090909091	0.123933599307178	1109	1.30773830773556	1.79407987408263
35	WGN07	1.7695	0.123933599307178	1109	1.52632921682646	2.01267078317354
36	WGN07	1.31550000000001	0.123933599307179	1109	1.07232921682647	1.55867078317355
37	WGN07	1.36227272727272	0.123933599307174	1109	1.11910194409919	1.60544351044625
38	WGN07	1.56400000000001	0.123933599307178	1109	1.32082921682647	1.80717078317355
39	WGN07	1.123875	0.123933599307178	1109	0.880704216826465	1.36704578317354
40	WGN07	1.04327272727274	0.123933599307179	1109	0.800101944099195	1.28644351044628
41	WGN07	1.64350000000002	0.123933599307182	1109	1.40032921682647	1.88667078317357
42	WGN07	1.56413636363637	0.123933599307177	1109	1.32096558046283	1.8073071468099
44	WGN07	1.12250000000001	0.123933599307177	1109	0.879329216826476	1.36567078317355
46	WGN07	1.53114285714285	0.123933599307177	1109	1.28797207396932	1.77431364031639
47	WGN07	1.47803846153846	0.12393359930718	1109	1.23486767836492	1.721209244712
48	WGN07	1.25100000000001	0.12393359930718	1109	1.00782921682646	1.49417078317355
49	WGN07	1.82605555555556	0.123933599307177	1109	1.58288477238203	2.0692263387291
50	WGN07	1.74818181818183	0.123933599307177	1109	1.50501103500829	1.99135260135537
51	WGN07	1.85500000000002	0.123933599307178	1109	1.61182921682648	2.09817078317355
52	WGN07	1.23655555555557	0.123933599307177	1109	0.993384772382033	1.4797263387291
53	WGN07	1.79300000000001	0.123933599307176	1109	1.54982921682648	2.03617078317355
54	WGN07	1.46292857142858	0.123933599307177	1109	1.21975778825504	1.70609935460212
55	WGN07	1.76172222222223	0.123933599307174	1109	1.5185514390487	2.00489300539576
56	WGN07	1.54818181818184	0.123933599307176	1109	1.3050110350083	1.79135260135537
57	WGN07	1.39794871794871	0.12393359930718	1109	1.15477793477517	1.64111950112226
58	WGN07	1.54666666666669	0.123933599307176	1109	1.30349588349316	1.78983744984023
59	WGN07	1.31700000000002	0.123933599307175	1109	1.07382921682649	1.56017078317355
60	WGN07	1.81200000000002	0.123933599307178	1109	1.56882921682648	2.05517078317356
61	WGN07	1.85750000000001	0.123933599307178	1109	1.61432921682647	2.10067078317355
63	WGN07	1.56116666666668	0.123933599307178	1109	1.31799588349314	1.80433744984022
64	WGN07	1.46300000000002	0.123933599307177	1109	1.21982921682648	1.70617078317356
66	WGN07	1.42250000000001	0.123933599307178	1109	1.17932921682647	1.66567078317355
67	WGN07	0.812727272727282	0.123933599307176	1109	0.569556489553748	1.05589805590082
68	WGN07	1.06788461538463	0.123933599307176	1109	0.824713832211099	1.31105539855817
69	WGN07	1.71067879197116	0.175308047434273	1109	1.36670592723127	2.05465165671106
71	WGN07	1.66700000000002	0.123933599307178	1109	1.42382921682648	1.91017078317356
73	WGN07	1.87850000000002	0.123933599307178	1109	1.63532921682648	2.12167078317356
74	WGN07	2.00749999999999	0.123933599307176	1109	1.76432921682646	2.25067078317353
75	WGN07	1.37401515151518	0.123933599307175	1109	1.13084436834165	1.61718593468872
76	WGN07	1.70800000000002	0.123933599307177	1109	1.46482921682648	1.95117078317355
77	WGN07	1.44122727272729	0.123933599307176	1109	1.19805648955375	1.68439805590082
78	WGN07	1.59400000000001	0.123933599307176	1109	1.35082921682647	1.83717078317354
79	WGN07	1.30900000000001	0.123933599307174	1109	1.06582921682648	1.55217078317354
80	WGN07	1.64525	0.123933599307178	1109	1.40207921682647	1.88842078317354
81	WGN07	1.66933333333334	0.123933599307177	1109	1.4261625501598	1.91250411650688
82	WGN07	1.39000000000002	0.123933599307174	1109	1.14682921682648	1.63317078317355
83	WGN07	1.2585	0.123933599307176	1109	1.01532921682647	1.50167078317354
84	WGN07	1.57050000000001	0.123933599307176	1109	1.32732921682648	1.81367078317355
85	WGN07	1.55477777777779	0.12393359930718	1109	1.31160699460425	1.79794856095133
86	WGN07	1.99955555555555	0.12393359930718	1109	1.756384772382	2.24272633872909
87	WGN07	1.46300000000002	0.123933599307177	1109	1.21982921682648	1.70617078317356
88	WGN07	1.85450000000001	0.123933599307175	1109	1.61132921682648	2.09767078317355
89	WGN07	1.29007936507938	0.123933599307175	1109	1.04690858190584	1.53325014825291
90	WGN07	1.92355555555557	0.12393359930718	1109	1.68038477238203	2.16672633872912
91	WGN07	1.67016666666669	0.123933599307179	1109	1.42699588349315	1.91333744984023
92	WGN07	1.92521009691776	0.175308047434276	1109	1.58123723217786	2.26918296165766
93	WGN07	1.65150000000001	0.123933599307177	1109	1.40832921682648	1.89467078317355
94	WGN07	1.529	0.12393359930718	1109	1.28582921682646	1.77217078317354
95	WGN07	1.70432120802885	0.175308047434275	1109	1.36034834328895	2.04829407276875
96	WGN07	1.30605555555556	0.123933599307175	1109	1.06288477238202	1.54922633872909
97	WGN07	1.78067879197117	0.175308047434278	1109	1.43670592723127	2.12465165671108
98	WGN07	1.71127777777779	0.123933599307178	1109	1.46810699460425	1.95444856095133
99	WGN07	1.87800000000001	0.123933599307179	1109	1.63482921682647	2.12117078317355
100	WGN07	1.73650000000001	0.123933599307177	1109	1.49332921682647	1.97967078317354
101	WGN07	1.5125	0.123933599307178	1109	1.26932921682647	1.75567078317354
102	WGN07	1.88313636363635	0.123933599307176	1109	1.63996558046281	2.12630714680988
103	WGN07	1.16949999999999	0.123933599307177	1109	0.926329216826455	1.41267078317353
104	WGN07	1.78322222222224	0.123933599307178	1109	1.5400514390487	2.02639300539578
105	WGN07	1.98583333333334	0.123933599307176	1109	1.74266255015981	2.22900411650688
106	WGN07	1.77100000000001	0.123933599307178	1109	1.52782921682647	2.01417078317355
107	WGN07	1.5635	0.123933599307175	1109	1.32032921682647	1.80667078317353
108	WGN07	1.59071428571428	0.123933599307174	1109	1.34754350254075	1.83388506888781
109	WGN07	1.27332120802885	0.175308047434279	1109	0.929348343288943	1.61729407276875
110	WGN07	1.89045454545456	0.123933599307178	1109	1.64728376228102	2.13362532862809
112	WGN07	1.52422222222224	0.123933599307175	1109	1.2810514390487	1.76739300539577
113	WGN07	1.51974999999999	0.123933599307175	1109	1.27657921682646	1.76292078317352
114	WGN07	1.25118181818183	0.123933599307177	1109	1.00801103500829	1.49435260135537
115	WGN07	1.81750000000001	0.123933599307177	1109	1.57432921682647	2.06067078317355
116	WGN07	1.79131818181819	0.123933599307178	1109	1.54814739864465	2.03448896499173
117	WGN07	1.60485714285716	0.123933599307178	1109	1.36168635968362	1.84802792603069
118	WGN07	1.81883333333333	0.123933599307175	1109	1.57566255015979	2.06200411650686
119	WGN07	1.85300000000001	0.123933599307177	1109	1.60982921682647	2.09617078317354
120	WGN07	1.92050000000001	0.123933599307177	1109	1.67732921682647	2.16367078317354
121	WGN07	1.42762500000001	0.123933599307174	1109	1.18445421682648	1.67079578317354
122	WGN07	1.41822424651661	0.175308047434278	1109	1.07425138177671	1.76219711125651
123	WGN07	1.65450000000003	0.123933599307178	1109	1.41132921682649	1.89767078317357
124	WGN07	1.87771428571429	0.123933599307176	1109	1.63454350254075	2.12088506888782
125	WGN07	1.40083333333334	0.123933599307176	1109	1.15766255015981	1.64400411650688
126	WGN07	1.37050000000002	0.123933599307177	1109	1.12732921682648	1.61367078317355
127	WGN07	2.01231818181819	0.123933599307177	1109	1.76914739864465	2.25548896499173
128	WGN07	1.45712500000001	0.123933599307176	1109	1.21395421682647	1.70029578317354
129	WGN07	1.98505555555555	0.123933599307177	1109	1.74188477238201	2.22822633872908
130	WGN07	1.33863636363637	0.12393359930718	1109	1.09546558046283	1.58180714680992
1	WGN15	1.56750000000015	0.12393359930719	1109	1.32432921682659	1.81067078317371
2	WGN15	1.50500000000002	0.123933599307176	1109	1.26182921682648	1.74817078317355
3	WGN15	1.53731818181819	0.123933599307179	1109	1.29414739864465	1.78048896499173
4	WGN15	1.61692307692309	0.123933599307176	1109	1.37375229374955	1.86009386009662
5	WGN15	1.68459090909093	0.123933599307181	1109	1.44142012591739	1.92776169226447
7	WGN15	1.40454545454546	0.123933599307177	1109	1.16137467137193	1.647716237719
8	WGN15	2.0565	0.123933599307175	1109	1.81332921682647	2.29967078317353
9	WGN15	1.52662500000001	0.123933599307175	1109	1.28345421682648	1.76979578317355
10	WGN15	1.73050000000001	0.123933599307177	1109	1.48732921682648	1.97367078317355
11	WGN15	1.288	0.123933599307179	1109	1.04482921682646	1.53117078317354
12	WGN15	1.62950000000001	0.123933599307175	1109	1.38632921682648	1.87267078317354
13	WGN15	1.58500000000001	0.123933599307177	1109	1.34182921682648	1.82817078317355
14	WGN15	1.57150000000001	0.123933599307178	1109	1.32832921682647	1.81467078317355
15	WGN15	1.48600000000001	0.123933599307177	1109	1.24282921682648	1.72917078317355
16	WGN15	1.34213636363638	0.123933599307177	1109	1.09896558046284	1.58530714680992
17	WGN15	1.82937500000002	0.123933599307178	1109	1.58620421682648	2.07254578317355
18	WGN15	1.48388888888891	0.123933599307179	1109	1.24071810571537	1.72705967206244
19	WGN15	1.40595454545456	0.123933599307178	1109	1.16278376228102	1.64912532862809
20	WGN15	1.85166666666668	0.123933599307178	1109	1.60849588349314	2.09483744984022
21	WGN15	1.73180555555557	0.123933599307179	1109	1.48863477238203	1.97497633872911
22	WGN15	1.58950000000001	0.12393359930718	1109	1.34632921682647	1.83267078317356
23	WGN15	1.54800000000001	0.123933599307176	1109	1.30482921682648	1.79117078317355
24	WGN15	0.751212121212131	0.123933599307177	1109	0.508041338038594	0.994382904385669
25	WGN15	1.8055	0.123933599307174	1109	1.56232921682647	2.04867078317353
26	WGN15	1.39635714285716	0.123933599307176	1109	1.15318635968362	1.63952792603069
27	WGN15	1.69500000000002	0.123933599307181	1109	1.45182921682648	1.93817078317356
28	WGN15	1.88000000000002	0.123933599307178	1109	1.63682921682648	2.12317078317356
29	WGN15	1.64600000000002	0.123933599307178	1109	1.40282921682648	1.88917078317355
30	WGN15	1.81277777777779	0.123933599307177	1109	1.56960699460425	2.05594856095133
31	WGN15	1.45979166666668	0.123933599307175	1109	1.21662088349315	1.70296244984021
32	WGN15	1.81300000000002	0.123933599307179	1109	1.56982921682648	2.05617078317356
33	WGN15	1.8139090909091	0.123933599307176	1109	1.57073830773556	2.05707987408263
34	WGN15	1.59794444444446	0.123933599307176	1109	1.35477366127092	1.84111522761799
35	WGN15	1.89400000000002	0.123933599307177	1109	1.65082921682648	2.13717078317355
36	WGN15	1.92222222222225	0.123933599307179	1109	1.67905143904871	2.16539300539579
37	WGN15	1.91300000000003	0.123933599307179	1109	1.66982921682649	2.15617078317357
38	WGN15	1.066	0.123933599307178	1109	0.822829216826466	1.30917078317354
39	WGN15	1.76616666666669	0.123933599307176	1109	1.52299588349315	2.00933744984022
40	WGN15	1.1815	0.123933599307176	1109	0.938329216826461	1.42467078317353
41	WGN15	1.274	0.123933599307179	1109	1.03082921682646	1.51717078317354
43	WGN15	1.45777777777779	0.123933599307177	1109	1.21460699460426	1.70094856095133
44	WGN15	1.41918181818184	0.123933599307174	1109	1.1760110350083	1.66235260135537
45	WGN15	1.63450000000001	0.123933599307176	1109	1.39132921682648	1.87767078317354
46	WGN15	1.68850000000002	0.123933599307175	1109	1.44532921682649	1.93167078317355
47	WGN15	1.6298181818182	0.123933599307178	1109	1.38664739864466	1.87298896499174
48	WGN15	1.45100000000002	0.123933599307178	1109	1.20782921682648	1.69417078317355
50	WGN15	1.83331818181819	0.123933599307176	1109	1.59014739864465	2.07648896499172
51	WGN15	1.26200000000001	0.123933599307179	1109	1.01882921682647	1.50517078317355
52	WGN15	1.09604895104897	0.123933599307176	1109	0.852878167875435	1.3392197342225
53	WGN15	1.04827272727273	0.123933599307178	1109	0.805101944099189	1.29144351044627
54	WGN15	1.27795454545457	0.123933599307175	1109	1.03478376228104	1.52112532862811
55	WGN15	1.64261111111112	0.123933599307177	1109	1.39944032793758	1.88578189428465
56	WGN15	1.43677777777779	0.123933599307177	1109	1.19360699460425	1.67994856095132
57	WGN15	1.15900000000001	0.123933599307177	1109	0.915829216826479	1.40217078317355
58	WGN15	1.47675	0.12393359930718	1109	1.23357921682646	1.71992078317354
59	WGN15	1.73454545454546	0.123933599307175	1109	1.49137467137193	1.97771623771899
60	WGN15	1.30661111111112	0.123933599307175	1109	1.06344032793759	1.54978189428466
61	WGN15	1.5638888888889	0.123933599307177	1109	1.32071810571537	1.80705967206244
62	WGN15	1.50888888888889	0.123933599307177	1109	1.26571810571535	1.75205967206243
63	WGN15	1.73199999999999	0.123933599307178	1109	1.48882921682645	1.97517078317353
64	WGN15	1.15566666666668	0.123933599307178	1109	0.912495883493143	1.39883744984022
65	WGN15	1.33948051948053	0.123933599307177	1109	1.09630973630699	1.58265130265406
66	WGN15	1.05427777777779	0.123933599307178	1109	0.811106994604254	1.29744856095133
67	WGN15	1.60628571428572	0.123933599307176	1109	1.36311493111219	1.84945649745926
68	WGN15	1.16778571428573	0.123933599307176	1109	0.924614931112194	1.41095649745926
69	WGN15	1.50400000000001	0.123933599307175	1109	1.26082921682647	1.74717078317354
70	WGN15	1.44354545454547	0.123933599307176	1109	1.20037467137194	1.68671623771901
71	WGN15	1.75011111111112	0.123933599307177	1109	1.50694032793758	1.99328189428466
72	WGN15	1.73544444444446	0.123933599307176	1109	1.49227366127092	1.97861522761799
73	WGN15	1.98772727272729	0.123933599307177	1109	1.74455648955375	2.23089805590082
74	WGN15	1.65700000000002	0.123933599307178	1109	1.41382921682648	1.90017078317356
75	WGN15	1.80133333333334	0.123933599307176	1109	1.5581625501598	2.04450411650687
77	WGN15	1.21400000000002	0.123933599307176	1109	0.97082921682648	1.45717078317355
78	WGN15	1.61500000000002	0.123933599307177	1109	1.37182921682648	1.85817078317355
79	WGN15	1.57350000000001	0.123933599307176	1109	1.33032921682648	1.81667078317355
80	WGN15	1.52450000000002	0.123933599307177	1109	1.28132921682648	1.76767078317356
81	WGN15	1.46616666666666	0.123933599307179	1109	1.22299588349312	1.7093374498402
82	WGN15	1.41444444444445	0.123933599307177	1109	1.17127366127092	1.65761522761799
83	WGN15	1.472	0.123933599307178	1109	1.22882921682647	1.71517078317354
84	WGN15	1.39109090909093	0.123933599307176	1109	1.14792012591739	1.63426169226446
85	WGN15	2.09100000000001	0.123933599307177	1109	1.84782921682647	2.33417078317354
86	WGN15	1.75200000000001	0.123933599307177	1109	1.50882921682647	1.99517078317355
87	WGN15	1.28858585858588	0.123933599307177	1109	1.04541507541234	1.53175664175941
88	WGN15	1.45416666666668	0.123933599307177	1109	1.21099588349314	1.69733744984021
89	WGN15	1.62650000000001	0.123933599307176	1109	1.38332921682648	1.86967078317355
90	WGN15	1.15378571428573	0.123933599307177	1109	0.910614931112197	1.39695649745927
91	WGN15	1.43050000000001	0.123933599307177	1109	1.18732921682648	1.67367078317355
92	WGN15	1.04825000000002	0.123933599307176	1109	0.80507921682648	1.29142078317355
93	WGN15	1.53400000000001	0.123933599307176	1109	1.29082921682648	1.77717078317355
94	WGN15	2.01249999999999	0.123933599307175	1109	1.76932921682646	2.25567078317353
95	WGN15	0.957222222222219	0.123933599307178	1109	0.71405143904868	1.20039300539576
96	WGN15	1.37567879197116	0.175308047434272	1109	1.03170592723127	1.71965165671105
97	WGN15	1.60600000000002	0.123933599307176	1109	1.36282921682649	1.84917078317355
98	WGN15	1.83638888888891	0.123933599307176	1109	1.59321810571537	2.07955967206244
99	WGN15	1.87766666666668	0.123933599307177	1109	1.63449588349314	2.12083744984021
100	WGN15	1.97300000000002	0.123933599307178	1109	1.72982921682648	2.21617078317356
101	WGN15	1.80150000000001	0.123933599307175	1109	1.55832921682648	2.04467078317354
102	WGN15	1.55236363636365	0.123933599307177	1109	1.30919285319011	1.79553441953718
103	WGN15	1.57850000000001	0.123933599307174	1109	1.33532921682648	1.82167078317354
104	WGN15	1.4548181818182	0.123933599307177	1109	1.21164739864466	1.69798896499173
106	WGN15	1.28925000000002	0.123933599307177	1109	1.04607921682648	1.53242078317356
107	WGN15	1.63554545454547	0.123933599307179	1109	1.39237467137193	1.87871623771901
108	WGN15	1.74850000000001	0.123933599307177	1109	1.50532921682647	1.99167078317355
109	WGN15	1.58455555555557	0.123933599307177	1109	1.34138477238203	1.82772633872911
110	WGN15	1.48500000000002	0.123933599307178	1109	1.24182921682649	1.72817078317356
111	WGN15	1.89550000000001	0.123933599307177	1109	1.65232921682648	2.13867078317355
112	WGN15	1.29100000000001	0.123933599307179	1109	1.04782921682647	1.53417078317354
113	WGN15	1.48385714285716	0.123933599307178	1109	1.24068635968362	1.7270279260307
114	WGN15	1.57833333333334	0.123933599307177	1109	1.33516255015981	1.82150411650688
115	WGN15	1.33400000000004	0.123933599307178	1109	1.0908292168265	1.57717078317358
116	WGN15	1.43750000000002	0.123933599307178	1109	1.19432921682648	1.68067078317356
117	WGN15	1.75762500000002	0.123933599307176	1109	1.51445421682648	2.00079578317355
118	WGN15	1.68575000000001	0.123933599307177	1109	1.44257921682648	1.92892078317355
119	WGN15	1.55800000000001	0.123933599307177	1109	1.31482921682648	1.80117078317355
120	WGN15	1.72972727272727	0.123933599307175	1109	1.48655648955373	1.9728980559008
121	WGN15	1.58700000000001	0.123933599307178	1109	1.34382921682647	1.83017078317355
122	WGN15	1.45333333333335	0.123933599307177	1109	1.21016255015981	1.69650411650688
123	WGN15	1.61950000000001	0.123933599307177	1109	1.37632921682648	1.86267078317355
124	WGN15	1.314	0.12393359930718	1109	1.07082921682645	1.55717078317354
125	WGN15	1.46744444444446	0.123933599307177	1109	1.22427366127092	1.71061522761799
126	WGN15	1.4553888888889	0.123933599307177	1109	1.21221810571537	1.69855967206244
127	WGN15	1.5025	0.123933599307177	1109	1.25932921682647	1.74567078317354
128	WGN15	1.75222727272729	0.123933599307177	1109	1.50905648955376	1.99539805590083
129	WGN15	1.60583333333335	0.123933599307175	1109	1.36266255015982	1.84900411650688
130	WGN15	1.52650000000002	0.123933599307175	1109	1.28332921682649	1.76967078317355
1	WGN26	1.06761904761902	0.123933599307174	1109	0.824448264445494	1.31078983079255
3	WGN26	1.48195454545457	0.123933599307177	1109	1.23878376228103	1.72512532862811
4	WGN26	1.91300000000001	0.123933599307177	1109	1.66982921682647	2.15617078317355
5	WGN26	1.79399999999995	0.123933599307171	1109	1.55082921682642	2.03717078317347
6	WGN26	1.4768888888889	0.123933599307177	1109	1.23371810571536	1.72005967206244
7	WGN26	1.95081818181822	0.123933599307179	1109	1.70764739864468	2.19398896499176
8	WGN26	1.538125	0.123933599307176	1109	1.29495421682647	1.78129578317354
9	WGN26	1.24587500000001	0.123933599307176	1109	1.00270421682647	1.48904578317354
10	WGN26	1.53619230769232	0.123933599307174	1109	1.29302152451879	1.77936309086585
11	WGN26	1.8265	0.123933599307176	1109	1.58332921682647	2.06967078317354
12	WGN26	2.18650000000004	0.123933599307179	1109	1.9433292168265	2.42967078317358
13	WGN26	1.61100000000002	0.123933599307177	1109	1.36782921682648	1.85417078317355
14	WGN26	1.00633333333334	0.123933599307176	1109	0.763162550159809	1.24950411650688
15	WGN26	1.42336363636364	0.123933599307177	1109	1.18019285319011	1.66653441953718
17	WGN26	1.81422222222218	0.123933599307174	1109	1.57105143904865	2.05739300539571
18	WGN26	1.58949999999999	0.123933599307174	1109	1.34632921682646	1.83267078317352
19	WGN26	1.93900000000001	0.123933599307177	1109	1.69582921682647	2.18217078317354
20	WGN26	1.78367879197121	0.175308047434279	1109	1.4397059272313	2.12765165671111
21	WGN26	1.50305555555558	0.123933599307179	1109	1.25988477238204	1.74622633872912
22	WGN26	1.72211111111114	0.123933599307179	1109	1.4789403279376	1.96528189428468
23	WGN26	1.71814285714289	0.12393359930718	1109	1.47497207396935	1.96131364031643
24	WGN26	1.75185714285713	0.123933599307176	1109	1.5086863596836	1.99502792603067
25	WGN26	1.42909090909092	0.123933599307177	1109	1.18592012591739	1.67226169226446
26	WGN26	1.34000000000002	0.123933599307176	1109	1.09682921682648	1.58317078317355
27	WGN26	1.20785000000001	0.123933599307179	1109	0.964679216826473	1.45102078317355
28	WGN26	1.8725	0.123933599307177	1109	1.62932921682647	2.11567078317354
29	WGN26	1.30740909090909	0.123933599307176	1109	1.06423830773555	1.55057987408262
30	WGN26	1.90708333333335	0.123933599307177	1109	1.66391255015981	2.15025411650688
31	WGN26	1.71066666666667	0.123933599307176	1109	1.46749588349314	1.95383744984021
32	WGN26	1.19600000000003	0.123933599307177	1109	0.952829216826497	1.43917078317357
33	WGN26	1.76632120802886	0.175308047434276	1109	1.42234834328896	2.11029407276876
34	WGN26	2.17799999999999	0.123933599307176	1109	1.93482921682646	2.42117078317353
35	WGN26	1.78507142857145	0.123933599307178	1109	1.54190064539791	2.02824221174499
36	WGN26	1.70950000000001	0.123933599307178	1109	1.46632921682648	1.95267078317355
38	WGN26	1.72500000000001	0.123933599307178	1109	1.48182921682647	1.96817078317355
39	WGN26	1.96900000000002	0.123933599307177	1109	1.72582921682649	2.21217078317356
40	WGN26	1.61511111111113	0.123933599307177	1109	1.37194032793759	1.85828189428467
41	WGN26	1.19499999999999	0.123933599307176	1109	0.951829216826459	1.43817078317353
42	WGN26	1.8671666666667	0.123933599307178	1109	1.62399588349316	2.11033744984024
43	WGN26	1.74705555555556	0.123933599307177	1109	1.50388477238203	1.9902263387291
44	WGN26	2.04050000000001	0.123933599307176	1109	1.79732921682647	2.28367078317354
45	WGN26	1.59000000000006	0.12393359930718	1109	1.34682921682651	1.8331707831736
46	WGN26	1.74662500000001	0.123933599307177	1109	1.50345421682647	1.98979578317354
47	WGN26	1.2382777777778	0.123933599307178	1109	0.995106994604263	1.48144856095134
48	WGN26	1.83689393939396	0.123933599307178	1109	1.59372315622042	2.0800647225675
49	WGN26	1.80987499999997	0.123933599307175	1109	1.56670421682644	2.05304578317351
50	WGN26	1.68733333333338	0.123933599307179	1109	1.44416255015984	1.93050411650692
51	WGN26	1.46377272727272	0.123933599307175	1109	1.22060194409918	1.70694351044625
52	WGN26	1.77309090909091	0.123933599307177	1109	1.52992012591738	2.01626169226445
53	WGN26	1.33100000000002	0.123933599307178	1109	1.08782921682648	1.57417078317356
54	WGN26	1.37144444444445	0.123933599307177	1109	1.12827366127092	1.61461522761799
55	WGN26	1.25694444444447	0.123933599307178	1109	1.01377366127093	1.50011522761801
56	WGN26	1.93659090909095	0.123933599307179	1109	1.69342012591741	2.17976169226449
57	WGN26	1.28878571428572	0.123933599307177	1109	1.04561493111219	1.53195649745926
58	WGN26	1.9855	0.123933599307177	1109	1.74232921682647	2.22867078317354
59	WGN26	1.69132120802884	0.175308047434274	1109	1.34734834328895	2.03529407276874
60	WGN26	1.55258333333335	0.123933599307177	1109	1.30941255015981	1.79575411650689
61	WGN26	1.96867879197119	0.175308047434276	1109	1.62470592723129	2.31265165671109
62	WGN26	1.59590909090911	0.123933599307177	1109	1.35273830773557	1.83907987408264
64	WGN26	1.94254545454548	0.123933599307178	1109	1.69937467137194	2.18571623771902
65	WGN26	2.02032120802888	0.175308047434276	1109	1.67634834328898	2.36429407276878
66	WGN26	1.24075000000003	0.123933599307178	1109	0.997579216826487	1.48392078317357
67	WGN26	1.53050000000001	0.123933599307177	1109	1.28732921682647	1.77367078317354
68	WGN26	1.92750000000001	0.123933599307178	1109	1.68432921682647	2.17067078317355
69	WGN26	1.48649350649353	0.123933599307178	1109	1.24332272331999	1.72966428966707
70	WGN26	1.73683333333335	0.123933599307176	1109	1.49366255015982	1.98000411650689
71	WGN26	1.37822222222224	0.123933599307178	1109	1.1350514390487	1.62139300539578
72	WGN26	1.5825	0.123933599307176	1109	1.33932921682647	1.82567078317353
73	WGN26	1.72700000000001	0.123933599307177	1109	1.48382921682647	1.97017078317355
74	WGN26	1.95785714285716	0.123933599307176	1109	1.71468635968363	2.2010279260307
75	WGN26	2.12854545454548	0.123933599307179	1109	1.88537467137194	2.37171623771902
76	WGN26	1.72492879197116	0.175308047434275	1109	1.38095592723126	2.06890165671105
77	WGN26	1.27833333333335	0.123933599307177	1109	1.03516255015981	1.52150411650689
78	WGN26	1.57583333333334	0.123933599307177	1109	1.33266255015981	1.81900411650688
79	WGN26	1.47756944444446	0.123933599307178	1109	1.23439866127092	1.720740227618
80	WGN26	1.81035353535356	0.123933599307177	1109	1.56718275218002	2.05352431852709
81	WGN26	1.66450000000001	0.123933599307177	1109	1.42132921682647	1.90767078317355
82	WGN26	2.27100000000001	0.123933599307176	1109	2.02782921682647	2.51417078317354
83	WGN26	1.70800000000001	0.123933599307178	1109	1.46482921682648	1.95117078317355
85	WGN26	1.83750000000001	0.123933599307176	1109	1.59432921682647	2.08067078317354
86	WGN26	1.10787500000001	0.123933599307178	1109	0.864704216826475	1.35104578317355
87	WGN26	1.56333333333334	0.123933599307178	1109	1.3201625501598	1.80650411650688
88	WGN26	1.49428571428573	0.123933599307177	1109	1.25111493111219	1.73745649745926
89	WGN26	2.511375	0.123933599307177	1109	2.26820421682647	2.75454578317354
90	WGN26	1.60433333333334	0.123933599307178	1109	1.36116255015981	1.84750411650688
91	WGN26	1.52898989898991	0.123933599307177	1109	1.28581911581638	1.77216068216345
92	WGN26	0.986500000000012	0.123933599307177	1109	0.743329216826475	1.22967078317355
93	WGN26	1.93350000000002	0.123933599307177	1109	1.69032921682648	2.17667078317356
94	WGN26	1.62763636363637	0.123933599307176	1109	1.38446558046284	1.87080714680991
95	WGN26	1.8277777777778	0.123933599307177	1109	1.58460699460427	2.07094856095134
96	WGN26	1.67450000000001	0.123933599307177	1109	1.43132921682647	1.91767078317354
97	WGN26	1.91850000000001	0.123933599307178	1109	1.67532921682647	2.16167078317355
98	WGN26	1.44000000000002	0.123933599307178	1109	1.19682921682648	1.68317078317356
99	WGN26	1.60050000000001	0.123933599307176	1109	1.35732921682647	1.84367078317354
100	WGN26	1.77577272727273	0.123933599307177	1109	1.5326019440992	2.01894351044627
101	WGN26	1.51094696969698	0.123933599307177	1109	1.26777618652345	1.75411775287052
102	WGN26	1.4754195804196	0.123933599307177	1109	1.23224879724607	1.71859036359314
103	WGN26	1.19850000000001	0.123933599307177	1109	0.955329216826477	1.44167078317355
104	WGN26	1.72550000000001	0.123933599307177	1109	1.48232921682648	1.96867078317355
105	WGN26	1.94867879197116	0.175308047434276	1109	1.60470592723126	2.29265165671106
106	WGN26	1.52432120802886	0.175308047434276	1109	1.18034834328896	1.86829407276876
108	WGN26	1.65812323641561	0.175308047434276	1109	1.31415037167571	2.0020961011555
109	WGN26	1.62208333333334	0.123933599307176	1109	1.3789125501598	1.86525411650687
111	WGN26	1.54250000000001	0.123933599307176	1109	1.29932921682648	1.78567078317354
112	WGN26	1.90162500000002	0.123933599307178	1109	1.65845421682648	2.14479578317356
113	WGN26	1.28400000000001	0.123933599307177	1109	1.04082921682647	1.52717078317355
114	WGN26	2.01132120802887	0.175308047434277	1109	1.66734834328897	2.35529407276877
115	WGN26	2.01450000000002	0.123933599307178	1109	1.77132921682648	2.25767078317356
116	WGN26	0.945321208028863	0.175308047434274	1109	0.601348343288967	1.28929407276876
117	WGN26	1.25800000000001	0.123933599307177	1109	1.01482921682647	1.50117078317354
118	WGN26	2.05700000000002	0.123933599307177	1109	1.81382921682648	2.30017078317356
119	WGN26	1.86666666666668	0.123933599307177	1109	1.62349588349314	2.10983744984022
120	WGN26	1.02562500000001	0.123933599307177	1109	0.782454216826474	1.26879578317355
121	WGN26	1.26600000000001	0.123933599307178	1109	1.02282921682647	1.50917078317355
122	WGN26	2.00900000000001	0.123933599307177	1109	1.76582921682647	2.25217078317354
123	WGN26	1.58650000000001	0.123933599307177	1109	1.34332921682647	1.82967078317354
124	WGN26	1.14967879197116	0.175308047434275	1109	0.805705927231266	1.49365165671106
125	WGN26	1.74421428571429	0.123933599307177	1109	1.50104350254076	1.98738506888783
126	WGN26	1.09632120802887	0.175308047434277	1109	0.752348343288965	1.44029407276877
127	WGN26	1.17832120802886	0.175308047434273	1109	0.834348343288964	1.52229407276875
128	WGN26	1.79298787469552	0.175308047434272	1109	1.44901500995563	2.13696073943541
129	WGN26	1.61659090909093	0.123933599307177	1109	1.37342012591739	1.85976169226447
130	WGN26	1.92805555555557	0.123933599307177	1109	1.68488477238203	2.17122633872911
1	WGN36	2.10732120802882	0.175308047434282	1109	1.76334834328891	2.45129407276873
2	WGN36	1.45911111111117	0.123933599307174	1109	1.21594032793763	1.7022818942847
4	WGN36	1.63222727272727	0.12393359930718	1109	1.38905648955373	1.87539805590081
5	WGN36	1.82367879197119	0.175308047434274	1109	1.47970592723129	2.16765165671108
6	WGN36	1.42485714285718	0.123933599307176	1109	1.18168635968365	1.66802792603072
7	WGN36	2.0519090909091	0.123933599307178	1109	1.80873830773556	2.29507987408264
8	WGN36	2.19663636363639	0.123933599307177	1109	1.95346558046285	2.43980714680992
9	WGN36	1.83067879197118	0.175308047434275	1109	1.48670592723128	2.17465165671108
10	WGN36	1.99681818181821	0.123933599307176	1109	1.75364739864467	2.23998896499174
11	WGN36	1.49742879197116	0.175308047434276	1109	1.15345592723127	1.84140165671106
12	WGN36	2.33037500000002	0.123933599307177	1109	2.08720421682648	2.57354578317356
13	WGN36	1.87236363636366	0.123933599307177	1109	1.62919285319012	2.11553441953719
14	WGN36	1.55100000000001	0.123933599307178	1109	1.30782921682647	1.79417078317355
15	WGN36	1.67585714285717	0.123933599307176	1109	1.43268635968364	1.91902792603071
16	WGN36	1.80500000000001	0.123933599307178	1109	1.56182921682647	2.04817078317355
17	WGN36	1.50050000000003	0.123933599307176	1109	1.2573292168265	1.74367078317357
18	WGN36	1.50822424651662	0.175308047434276	1109	1.16425138177672	1.85219711125652
19	WGN36	1.59200000000001	0.123933599307177	1109	1.34882921682647	1.83517078317355
20	WGN36	1.66355555555559	0.123933599307176	1109	1.42038477238205	1.90672633872912
21	WGN36	2.13404545454548	0.123933599307178	1109	1.89087467137194	2.37721623771902
22	WGN36	1.55618181818183	0.123933599307178	1109	1.31301103500829	1.79935260135537
23	WGN36	1.91933333333335	0.123933599307177	1109	1.67616255015981	2.16250411650689
24	WGN36	2.22600000000002	0.123933599307176	1109	1.98282921682649	2.46917078317356
26	WGN36	1.84172222222224	0.123933599307176	1109	1.59855143904871	2.08489300539578
27	WGN36	1.67400000000002	0.123933599307178	1109	1.43082921682648	1.91717078317356
28	WGN36	1.88300000000003	0.123933599307176	1109	1.63982921682649	2.12617078317356
30	WGN36	1.60700000000002	0.123933599307177	1109	1.36382921682648	1.85017078317355
31	WGN36	1.61308333333337	0.123933599307176	1109	1.36991255015984	1.85625411650691
32	WGN36	1.84067879197118	0.175308047434275	1109	1.49670592723128	2.18465165671107
33	WGN36	1.54314285714288	0.123933599307177	1109	1.29997207396934	1.78631364031641
34	WGN36	1.84500000000003	0.123933599307178	1109	1.60182921682649	2.08817078317357
35	WGN36	1.97114285714287	0.123933599307179	1109	1.72797207396933	2.21431364031641
36	WGN36	1.38412500000002	0.123933599307177	1109	1.14095421682649	1.62729578317356
37	WGN36	2.03532120802887	0.175308047434275	1109	1.69134834328897	2.37929407276877
38	WGN36	1.22132120802885	0.175308047434277	1109	0.877348343288944	1.56529407276875
39	WGN36	1.66050000000001	0.123933599307178	1109	1.41732921682648	1.90367078317355
40	WGN36	1.99400000000002	0.123933599307178	1109	1.75082921682648	2.23717078317355
41	WGN36	1.92600000000002	0.123933599307178	1109	1.68282921682648	2.16917078317356
42	WGN36	1.64800000000002	0.123933599307177	1109	1.40482921682649	1.89117078317356
43	WGN36	1.82450000000002	0.123933599307176	1109	1.58132921682649	2.06767078317356
44	WGN36	1.48972222222224	0.123933599307177	1109	1.2465514390487	1.73289300539578
45	WGN36	1.55100000000002	0.123933599307177	1109	1.30782921682649	1.79417078317356
46	WGN36	1.98450000000002	0.123933599307176	1109	1.74132921682648	2.22767078317356
47	WGN36	1.62700000000002	0.123933599307177	1109	1.38382921682648	1.87017078317355
48	WGN36	1.88475000000002	0.123933599307177	1109	1.64157921682649	2.12792078317356
49	WGN36	1.97900000000002	0.123933599307178	1109	1.73582921682648	2.22217078317356
51	WGN36	1.5466153846154	0.123933599307177	1109	1.30344460144186	1.78978616778894
52	WGN36	1.86850000000002	0.123933599307177	1109	1.62532921682648	2.11167078317355
53	WGN36	1.96168181818184	0.123933599307177	1109	1.7185110350083	2.20485260135537
54	WGN36	1.79750000000002	0.123933599307177	1109	1.55432921682649	2.04067078317356
55	WGN36	2.14700000000002	0.123933599307177	1109	1.90382921682648	2.39017078317356
56	WGN36	1.31837500000002	0.123933599307177	1109	1.07520421682648	1.56154578317356
57	WGN36	1.67100000000002	0.123933599307176	1109	1.42782921682649	1.91417078317356
58	WGN36	1.58404545454547	0.123933599307177	1109	1.34087467137193	1.82721623771901
59	WGN36	1.79050000000002	0.123933599307177	1109	1.54732921682649	2.03367078317356
60	WGN36	2.2518181818182	0.123933599307177	1109	2.00864739864466	2.49498896499174
62	WGN36	1.58900000000002	0.123933599307178	1109	1.34582921682648	1.83217078317356
64	WGN36	1.55691666666668	0.123933599307178	1109	1.31374588349314	1.80008744984022
65	WGN36	1.77872727272729	0.123933599307177	1109	1.53555648955376	2.02189805590083
66	WGN36	2.01100000000002	0.123933599307177	1109	1.76782921682648	2.25417078317355
68	WGN36	1.60666666666669	0.123933599307177	1109	1.36349588349315	1.84983744984023
69	WGN36	1.49992879197118	0.175308047434274	1109	1.15595592723129	1.84390165671108
70	WGN36	1.7631168831169	0.123933599307177	1109	1.51994609994337	2.00628766629044
71	WGN36	1.4632142857143	0.123933599307178	1109	1.22004350254076	1.70638506888783
72	WGN36	1.67150000000003	0.123933599307176	1109	1.42832921682649	1.91467078317356
74	WGN36	2.15907142857145	0.123933599307177	1109	1.91590064539791	2.40224221174498
75	WGN36	1.70992879197117	0.175308047434277	1109	1.36595592723127	2.05390165671107
76	WGN36	1.67323232323234	0.123933599307178	1109	1.4300615400588	1.91640310640588
77	WGN36	1.93208333333335	0.123933599307178	1109	1.68891255015981	2.17525411650689
78	WGN36	1.62532120802886	0.175308047434276	1109	1.28134834328896	1.96929407276876
79	WGN36	2.01033333333335	0.123933599307177	1109	1.76716255015981	2.25350411650689
80	WGN36	1.04732120802884	0.175308047434277	1109	0.703348343288944	1.39129407276874
81	WGN36	1.94640909090911	0.123933599307177	1109	1.70323830773557	2.18957987408265
82	WGN36	1.98495454545456	0.123933599307178	1109	1.74178376228103	2.2281253286281
83	WGN36	1.50914285714287	0.123933599307178	1109	1.26597207396933	1.7523136403164
84	WGN36	2.14509090909093	0.123933599307176	1109	1.90192012591739	2.38826169226446
85	WGN36	1.30437500000002	0.123933599307177	1109	1.06120421682648	1.54754578317356
86	WGN36	1.65950000000003	0.123933599307177	1109	1.41632921682649	1.90267078317356
87	WGN36	1.23650000000001	0.123933599307177	1109	0.993329216826477	1.47967078317355
88	WGN36	1.85311111111113	0.123933599307177	1109	1.60994032793759	2.09628189428466
89	WGN36	1.83095454545456	0.123933599307177	1109	1.58778376228103	2.0741253286281
90	WGN36	1.05742424242425	0.123933599307178	1109	0.814253459250713	1.30059502559779
92	WGN36	1.62036363636366	0.123933599307176	1109	1.37719285319013	1.8635344195372
93	WGN36	1.56967879197118	0.175308047434274	1109	1.22570592723129	1.91365165671108
94	WGN36	1.96605555555557	0.123933599307177	1109	1.72288477238204	2.20922633872911
95	WGN36	1.49757575757577	0.123933599307178	1109	1.25440497440223	1.74074654074931
96	WGN36	1.56316666666669	0.123933599307177	1109	1.31999588349315	1.80633744984022
97	WGN36	1.76400000000002	0.123933599307176	1109	1.52082921682648	2.00717078317356
98	WGN36	1.56850000000002	0.123933599307177	1109	1.32532921682649	1.81167078317356
99	WGN36	1.26687500000002	0.123933599307176	1109	1.02370421682649	1.51004578317356
100	WGN36	1.53863636363639	0.123933599307177	1109	1.29546558046285	1.78180714680992
102	WGN36	2.01521009691775	0.175308047434274	1109	1.67123723217786	2.35918296165765
104	WGN36	1.55072222222224	0.123933599307176	1109	1.30755143904871	1.79389300539578
105	WGN36	1.70667879197117	0.175308047434275	1109	1.36270592723127	2.05065165671107
106	WGN36	1.96650000000002	0.123933599307178	1109	1.72332921682648	2.20967078317356
107	WGN36	1.07236111111113	0.123933599307176	1109	0.829190327937596	1.31553189428467
108	WGN36	1.56116666666668	0.123933599307178	1109	1.31799588349314	1.80433744984021
109	WGN36	2.04900000000002	0.123933599307177	1109	1.80582921682648	2.29217078317356
110	WGN36	1.81950000000002	0.123933599307177	1109	1.57632921682649	2.06267078317356
112	WGN36	1.2018181818182	0.123933599307177	1109	0.958647398644668	1.44498896499174
114	WGN36	1.34000000000002	0.123933599307177	1109	1.09682921682648	1.58317078317355
116	WGN36	1.60832120802887	0.175308047434274	1109	1.26434834328898	1.95229407276877
117	WGN36	1.74937500000002	0.123933599307177	1109	1.50620421682648	1.99254578317356
118	WGN36	2.06700000000002	0.123933599307177	1109	1.82382921682648	2.31017078317356
119	WGN36	2.13967879197117	0.175308047434276	1109	1.79570592723127	2.48365165671107
120	WGN36	1.53490909090911	0.123933599307177	1109	1.29173830773557	1.77807987408264
121	WGN36	1.50400000000002	0.123933599307177	1109	1.26082921682648	1.74717078317356
122	WGN36	1.78200000000002	0.123933599307177	1109	1.53882921682648	2.02517078317356
123	WGN36	2.1012142857143	0.123933599307177	1109	1.85804350254077	2.34438506888784
124	WGN36	1.76328571428573	0.123933599307177	1109	1.5201149311122	2.00645649745927
125	WGN36	2.05133333333336	0.123933599307177	1109	1.80816255015982	2.29450411650689
126	WGN36	1.99663636363639	0.123933599307177	1109	1.75346558046285	2.23980714680992
127	WGN36	1.69850000000002	0.123933599307177	1109	1.45532921682648	1.94167078317355
128	WGN36	1.87327272727275	0.123933599307177	1109	1.63010194409921	2.11644351044628
129	WGN36	1.50050000000002	0.123933599307177	1109	1.25732921682648	1.74367078317355
130	WGN36	2.28250000000002	0.123933599307176	1109	2.03932921682649	2.52567078317356
1	WGN38	1.71354545454542	0.123933599307184	1109	1.47037467137186	1.95671623771897
2	WGN38	1.57	0.123933599307175	1109	1.32682921682646	1.81317078317353
3	WGN38	1.68367879197115	0.175308047434279	1109	1.33970592723124	2.02765165671105
4	WGN38	1.48816666666667	0.123933599307176	1109	1.24499588349314	1.7313374498402
5	WGN38	1.90562500000001	0.123933599307179	1109	1.66245421682647	2.14879578317355
6	WGN38	1.79050000000002	0.123933599307178	1109	1.54732921682648	2.03367078317356
7	WGN38	1.7505	0.123933599307177	1109	1.50732921682646	1.99367078317354
8	WGN38	1.77145833333334	0.123933599307176	1109	1.5282875501598	2.01462911650687
10	WGN38	1.55651515151516	0.123933599307175	1109	1.31334436834162	1.79968593468869
11	WGN38	1.6935	0.123933599307177	1109	1.45032921682646	1.93667078317353
12	WGN38	1.36316666666665	0.12393359930718	1109	1.11999588349311	1.60633744984019
13	WGN38	2.10490909090909	0.123933599307177	1109	1.86173830773555	2.34807987408263
14	WGN38	1.8045	0.123933599307179	1109	1.56132921682646	2.04767078317354
16	WGN38	1.34035353535354	0.123933599307176	1109	1.09718275218	1.58352431852707
18	WGN38	1.62838888888889	0.123933599307177	1109	1.38521810571535	1.87155967206243
19	WGN38	1.61166666666667	0.123933599307178	1109	1.36849588349313	1.85483744984021
20	WGN38	1.751375	0.123933599307178	1109	1.50820421682646	1.99454578317354
21	WGN38	1.22928571428571	0.123933599307178	1109	0.986114931112169	1.47245649745925
22	WGN38	1.8845	0.123933599307179	1109	1.64132921682646	2.12767078317354
23	WGN38	1.40496212121212	0.123933599307177	1109	1.16179133803858	1.64813290438566
24	WGN38	1.3165	0.123933599307177	1109	1.07332921682646	1.55967078317353
26	WGN38	1.90508333333335	0.12393359930718	1109	1.6619125501598	2.14825411650689
27	WGN38	1.33750000000001	0.123933599307176	1109	1.09432921682647	1.58067078317354
28	WGN38	1.906	0.123933599307178	1109	1.66282921682647	2.14917078317354
29	WGN38	1.99049999999999	0.123933599307175	1109	1.74732921682646	2.23367078317353
30	WGN38	1.76635714285715	0.123933599307179	1109	1.52318635968361	2.00952792603069
32	WGN38	2.173	0.123933599307177	1109	1.92982921682646	2.41617078317354
33	WGN38	2.2045	0.123933599307177	1109	1.96132921682646	2.44767078317354
34	WGN38	1.82381818181818	0.123933599307177	1109	1.58064739864464	2.06698896499171
35	WGN38	1.105	0.123933599307178	1109	0.861829216826458	1.34817078317353
36	WGN38	1.38863636363637	0.123933599307177	1109	1.14546558046283	1.6318071468099
37	WGN38	1.80633333333334	0.123933599307177	1109	1.5631625501598	2.04950411650687
38	WGN38	2.08	0.123933599307177	1109	1.83682921682646	2.32317078317354
39	WGN38	1.78361111111111	0.123933599307178	1109	1.54044032793757	2.02678189428465
40	WGN38	1.78666666666667	0.123933599307175	1109	1.54349588349313	2.0298374498402
41	WGN38	1.62131313131313	0.123933599307177	1109	1.3781423481396	1.86448391448667
42	WGN38	1.10145656974894	0.175308047434274	1109	0.757483705009042	1.44542943448883
45	WGN38	1.5965	0.123933599307177	1109	1.35332921682647	1.83967078317354
46	WGN38	1.90877272727272	0.123933599307176	1109	1.66560194409919	2.15194351044626
47	WGN38	1.58111111111111	0.123933599307176	1109	1.33794032793758	1.82428189428465
48	WGN38	1.7475	0.123933599307178	1109	1.50432921682646	1.99067078317354
49	WGN38	1.53068181818181	0.123933599307179	1109	1.28751103500827	1.77385260135535
50	WGN38	2.012875	0.123933599307176	1109	1.76970421682646	2.25604578317353
51	WGN38	1.94609090909092	0.123933599307178	1109	1.70292012591738	2.18926169226445
52	WGN38	2.0575	0.123933599307177	1109	1.81432921682647	2.30067078317354
53	WGN38	1.976	0.123933599307175	1109	1.73282921682646	2.21917078317353
54	WGN38	1.6135	0.123933599307176	1109	1.37032921682647	1.85667078317354
55	WGN38	1.40701212530448	0.175308047434276	1109	1.06303926056458	1.75098499004438
56	WGN38	1.02862500000001	0.123933599307176	1109	0.78545421682647	1.27179578317354
59	WGN38	1.8065	0.123933599307177	1109	1.56332921682646	2.04967078317354
61	WGN38	1.50559090909091	0.123933599307176	1109	1.26242012591738	1.74876169226445
63	WGN38	2.05866666666667	0.123933599307177	1109	1.81549588349313	2.3018374498402
64	WGN38	1.17555555555555	0.123933599307178	1109	0.932384772382008	1.41872633872908
65	WGN38	1.85407692307693	0.123933599307177	1109	1.61090613990339	2.09724770625046
66	WGN38	1.90361111111111	0.123933599307178	1109	1.66044032793757	2.14678189428465
67	WGN38	1.78933333333335	0.123933599307176	1109	1.54616255015981	2.03250411650688
68	WGN38	1.23161616161619	0.123933599307176	1109	0.988445378442651	1.47478694478972
69	WGN38	1.632	0.123933599307177	1109	1.38882921682647	1.87517078317354
70	WGN38	1.54077272727272	0.123933599307177	1109	1.29760194409918	1.78394351044626
72	WGN38	1.689375	0.123933599307177	1109	1.44620421682646	1.93254578317354
73	WGN38	1.90291666666666	0.123933599307177	1109	1.65974588349313	2.1460874498402
74	WGN38	1.557	0.123933599307176	1109	1.31382921682647	1.80017078317354
76	WGN38	1.544	0.123933599307177	1109	1.30082921682646	1.78717078317353
77	WGN38	1.9785	0.123933599307177	1109	1.73532921682647	2.22167078317354
78	WGN38	1.72694444444445	0.123933599307177	1109	1.48377366127091	1.97011522761798
80	WGN38	1.45577922077922	0.123933599307176	1109	1.21260843760569	1.69895000395276
81	WGN38	1.56738888888889	0.123933599307177	1109	1.32421810571536	1.81055967206243
82	WGN38	1.68636363636363	0.123933599307177	1109	1.4431928531901	1.92953441953717
83	WGN38	2.0585	0.123933599307177	1109	1.81532921682646	2.30167078317354
84	WGN38	1.7995	0.123933599307176	1109	1.55632921682646	2.04267078317353
85	WGN38	1.63767879197115	0.175308047434276	1109	1.29370592723125	1.98165165671105
86	WGN38	1.975	0.123933599307177	1109	1.73182921682646	2.21817078317354
87	WGN38	1.6225	0.123933599307177	1109	1.37932921682646	1.86567078317354
88	WGN38	1.842	0.123933599307177	1109	1.59882921682646	2.08517078317354
89	WGN38	1.835	0.123933599307177	1109	1.59182921682646	2.07817078317354
90	WGN38	1.7845	0.123933599307177	1109	1.54132921682646	2.02767078317354
91	WGN38	1.736	0.123933599307177	1109	1.49282921682646	1.97917078317354
92	WGN38	1.72011111111111	0.123933599307177	1109	1.47694032793757	1.96328189428465
93	WGN38	1.57616666666666	0.123933599307177	1109	1.33299588349313	1.8193374498402
94	WGN38	1.53590909090909	0.123933599307177	1109	1.29273830773555	1.77907987408263
95	WGN38	1.7255	0.123933599307177	1109	1.48232921682647	1.96867078317354
96	WGN38	1.759	0.123933599307177	1109	1.51582921682646	2.00217078317354
97	WGN38	1.382	0.123933599307177	1109	1.13882921682646	1.62517078317354
98	WGN38	2.05825	0.123933599307177	1109	1.81507921682646	2.30142078317354
99	WGN38	1.48571428571429	0.123933599307177	1109	1.24254350254075	1.72888506888782
100	WGN38	1.864	0.123933599307177	1109	1.62082921682646	2.10717078317354
101	WGN38	1.422625	0.123933599307177	1109	1.17945421682646	1.66579578317354
102	WGN38	1.83	0.123933599307177	1109	1.58682921682646	2.07317078317354
103	WGN38	1.8440404040404	0.123933599307177	1109	1.60086962086686	2.08721118721394
104	WGN38	2.06372727272728	0.123933599307177	1109	1.82055648955374	2.30689805590081
106	WGN38	1.79813636363637	0.123933599307177	1109	1.55496558046283	2.0413071468099
107	WGN38	1.99007936507937	0.123933599307177	1109	1.74690858190583	2.2332501482529
108	WGN38	1.57440909090909	0.123933599307177	1109	1.33123830773555	1.81757987408263
109	WGN38	1.621	0.123933599307177	1109	1.37782921682646	1.86417078317354
110	WGN38	1.73559090909091	0.123933599307177	1109	1.49242012591737	1.97876169226445
111	WGN38	1.28109090909091	0.123933599307177	1109	1.03792012591737	1.52426169226445
113	WGN38	1.4585	0.123933599307177	1109	1.21532921682646	1.70167078317354
114	WGN38	1.425125	0.123933599307177	1109	1.18195421682646	1.66829578317354
115	WGN38	1.7675	0.123933599307177	1109	1.52432921682646	2.01067078317354
1	WGN39	2.00614285714278	0.123933599307171	1109	1.76297207396925	2.2493136403163
2	WGN39	1.27149999999997	0.123933599307178	1109	1.02832921682643	1.5146707831735
3	WGN39	1.61849999999998	0.123933599307175	1109	1.37532921682645	1.86167078317351
4	WGN39	2.10323232323229	0.123933599307176	1109	1.86006154005876	2.34640310640583
5	WGN39	2.07299999999997	0.123933599307176	1109	1.82982921682644	2.31617078317351
6	WGN39	1.53381818181815	0.123933599307177	1109	1.29064739864461	1.77698896499168
7	WGN39	2.05249999999998	0.123933599307175	1109	1.80932921682644	2.29567078317351
8	WGN39	1.56249999999999	0.123933599307176	1109	1.31932921682646	1.80567078317353
9	WGN39	1.60799999999998	0.123933599307176	1109	1.36482921682645	1.85117078317352
10	WGN39	0.891666666666642	0.123933599307177	1109	0.648495883493105	1.13483744984018
11	WGN39	1.69663636363634	0.123933599307178	1109	1.4534655804628	1.93980714680988
12	WGN39	1.73111111111107	0.123933599307177	1109	1.48794032793754	1.97428189428461
13	WGN39	1.01949999999999	0.123933599307176	1109	0.77632921682646	1.26267078317353
14	WGN39	0.908333333333296	0.123933599307177	1109	0.665162550159758	1.15150411650683
15	WGN39	1.93599999999997	0.12393359930718	1109	1.69282921682642	2.17917078317351
16	WGN39	2.38644444444443	0.123933599307179	1109	2.14327366127089	2.62961522761797
17	WGN39	1.66549999999997	0.123933599307178	1109	1.42232921682643	1.9086707831735
18	WGN39	2.04899999999997	0.12393359930718	1109	1.80582921682643	2.29217078317352
19	WGN39	1.68349999999997	0.123933599307176	1109	1.44032921682644	1.92667078317351
20	WGN39	1.36395454545449	0.123933599307179	1109	1.12078376228095	1.60712532862803
21	WGN39	1.56931818181814	0.123933599307178	1109	1.32614739864461	1.81248896499168
22	WGN39	1.83988095238092	0.123933599307177	1109	1.59671016920738	2.08305173555446
24	WGN39	1.76949999999997	0.123933599307177	1109	1.52632921682643	2.0126707831735
25	WGN39	1.91999999999997	0.123933599307177	1109	1.67682921682644	2.16317078317351
26	WGN39	1.35478990308222	0.175308047434276	1109	1.01081703834232	1.69876276782212
27	WGN39	2.35749999999998	0.123933599307179	1109	2.11432921682644	2.60067078317352
28	WGN39	1.01099999999997	0.123933599307177	1109	0.767829216826437	1.25417078317351
29	WGN39	1.38099999999998	0.123933599307176	1109	1.13782921682644	1.62417078317351
30	WGN39	2.37455555555553	0.123933599307178	1109	2.13138477238199	2.61772633872907
31	WGN39	1.76222222222221	0.123933599307174	1109	1.51905143904868	2.00539300539574
32	WGN39	1.73981818181816	0.123933599307177	1109	1.49664739864462	1.98298896499169
34	WGN39	1.68349999999998	0.123933599307176	1109	1.44032921682644	1.92667078317351
35	WGN39	1.27649999999997	0.123933599307177	1109	1.03332921682643	1.51967078317351
36	WGN39	1.87295454545452	0.123933599307177	1109	1.62978376228098	2.11612532862805
37	WGN39	1.17249999999999	0.123933599307176	1109	0.929329216826456	1.41567078317353
38	WGN39	1.142	0.123933599307176	1109	0.898829216826462	1.38517078317353
39	WGN39	1.94299999999998	0.123933599307177	1109	1.69982921682644	2.18617078317352
40	WGN39	2.05577272727269	0.123933599307178	1109	1.81260194409915	2.29894351044623
41	WGN39	2.10771428571425	0.123933599307178	1109	1.86454350254071	2.35088506888779
42	WGN39	1.66799999999996	0.123933599307179	1109	1.42482921682642	1.9111707831735
43	WGN39	2.24967879197112	0.175308047434275	1109	1.90570592723123	2.59365165671102
44	WGN39	1.68349999999997	0.123933599307177	1109	1.44032921682643	1.92667078317351
45	WGN39	1.41954545454542	0.123933599307177	1109	1.17637467137188	1.66271623771896
46	WGN39	1.51965454136215	0.175308047434275	1109	1.17568167662225	1.86362740610205
47	WGN39	1.49647727272725	0.123933599307177	1109	1.25330648955372	1.73964805590079
48	WGN39	1.30094444444442	0.123933599307177	1109	1.05777366127089	1.54411522761796
49	WGN39	1.61066666666665	0.123933599307176	1109	1.36749588349311	1.85383744984018
50	WGN39	1.35849999999998	0.123933599307176	1109	1.11532921682644	1.60167078317352
51	WGN39	1.28787499999996	0.123933599307178	1109	1.04470421682642	1.5310457831735
52	WGN39	2.11449999999997	0.123933599307179	1109	1.87132921682643	2.35767078317351
53	WGN39	1.48549999999997	0.123933599307177	1109	1.24232921682643	1.72867078317351
54	WGN39	1.6578636363636	0.123933599307177	1109	1.41469285319006	1.90103441953714
55	WGN39	2.02899999999997	0.123933599307177	1109	1.78582921682643	2.27217078317351
56	WGN39	1.92420454545452	0.123933599307178	1109	1.68103376228098	2.16737532862806
57	WGN39	1.48733333333332	0.123933599307176	1109	1.24416255015978	1.73050411650685
58	WGN39	1.83690909090906	0.123933599307178	1109	1.59373830773552	2.08007987408259
59	WGN39	1.95454545454542	0.123933599307178	1109	1.71137467137188	2.19771623771896
60	WGN39	1.79136363636361	0.123933599307177	1109	1.54819285319007	2.03453441953715
61	WGN39	1.73649999999997	0.123933599307177	1109	1.49332921682643	1.97967078317351
62	WGN39	1.92262499999997	0.123933599307178	1109	1.67945421682643	2.1657957831735
63	WGN39	1.59999999999997	0.123933599307176	1109	1.35682921682644	1.84317078317351
64	WGN39	1.81071428571426	0.123933599307176	1109	1.56754350254072	2.05388506888779
65	WGN39	1.15349999999996	0.123933599307177	1109	0.910329216826422	1.3966707831735
66	WGN39	1.31895454545452	0.123933599307177	1109	1.07578376228098	1.56212532862806
67	WGN39	2.19349999999998	0.123933599307177	1109	1.95032921682644	2.43667078317352
68	WGN39	1.80032120802882	0.175308047434275	1109	1.45634834328893	2.14429407276872
69	WGN39	1.93799999999997	0.123933599307176	1109	1.69482921682644	2.18117078317351
70	WGN39	1.77032120802883	0.175308047434275	1109	1.42634834328893	2.11429407276872
71	WGN39	1.41949999999996	0.123933599307178	1109	1.17632921682642	1.6626707831735
72	WGN39	1.32049999999997	0.123933599307177	1109	1.07732921682643	1.56367078317351
73	WGN39	1.60199999999997	0.123933599307177	1109	1.35882921682643	1.84517078317351
74	WGN39	2.14483333333331	0.123933599307177	1109	1.90166255015977	2.38800411650684
75	WGN39	1.49377777777775	0.123933599307177	1109	1.25060699460422	1.73694856095129
76	WGN39	1.41849999999997	0.123933599307177	1109	1.17532921682643	1.66167078317351
77	WGN39	1.05849999999998	0.123933599307177	1109	0.81532921682644	1.30167078317351
78	WGN39	1.67449999999997	0.123933599307177	1109	1.43132921682643	1.91767078317351
79	WGN39	2.18772222222219	0.123933599307177	1109	1.94455143904865	2.43089300539573
80	WGN39	1.50254545454542	0.123933599307177	1109	1.25937467137189	1.74571623771896
81	WGN39	1.2127727272727	0.123933599307177	1109	0.969601944099159	1.45594351044623
82	WGN39	1.66919191919189	0.123933599307177	1109	1.42602113601835	1.91236270236543
83	WGN39	1.90349999999997	0.123933599307177	1109	1.66032921682644	2.14667078317351
84	WGN39	1.97944444444441	0.123933599307177	1109	1.73627366127088	2.22261522761795
85	WGN39	1.53162499999997	0.123933599307177	1109	1.28845421682644	1.77479578317351
86	WGN39	1.85399999999997	0.123933599307177	1109	1.61082921682643	2.09717078317351
87	WGN39	1.61349999999997	0.123933599307177	1109	1.37032921682643	1.85667078317351
88	WGN39	1.55757120802882	0.175308047434274	1109	1.21359834328893	1.90154407276872
89	WGN39	1.81416666666664	0.123933599307177	1109	1.5709958834931	2.05733744984017
90	WGN39	1.65999999999997	0.123933599307178	1109	1.41682921682643	1.9031707831735
91	WGN39	0.661749999999963	0.123933599307177	1109	0.418579216826426	0.9049207831735
92	WGN39	1.04812499999997	0.123933599307177	1109	0.804954216826428	1.2912957831735
93	WGN39	2.39666666666663	0.123933599307177	1109	2.1534958834931	2.63983744984017
94	WGN39	1.11316666666663	0.123933599307177	1109	0.869995883493095	1.35633744984017
95	WGN39	1.78199999999997	0.123933599307177	1109	1.53882921682644	2.02517078317351
96	WGN39	2.14089285714283	0.123933599307177	1109	1.89772207396929	2.38406364031637
97	WGN39	1.55923434752668	0.175308047434275	1109	1.21526148278679	1.90320721226658
98	WGN39	1.56786363636361	0.123933599307177	1109	1.32469285319007	1.81103441953715
99	WGN39	1.1730714285714	0.123933599307177	1109	0.929900645397859	1.41624221174493
100	WGN39	1.81922727272725	0.123933599307177	1109	1.57605648955371	2.06239805590078
101	WGN39	1.42149999999997	0.123933599307177	1109	1.17832921682643	1.66467078317351
102	WGN39	2.08261363636361	0.123933599307177	1109	1.83944285319007	2.32578441953714
104	WGN39	2.12449999999997	0.123933599307177	1109	1.88132921682643	2.36767078317351
105	WGN39	1.45449999999997	0.123933599307177	1109	1.21132921682643	1.69767078317351
106	WGN39	2.25749999999997	0.123933599307177	1109	2.01432921682643	2.50067078317351
107	WGN39	1.41822222222219	0.123933599307177	1109	1.17505143904865	1.66139300539573
108	WGN39	2.14899999999997	0.123933599307177	1109	1.90582921682644	2.39217078317351
109	WGN39	1.63499999999997	0.123933599307177	1109	1.39182921682644	1.87817078317351
110	WGN39	1.97099999999997	0.123933599307177	1109	1.72782921682644	2.21417078317351
111	WGN39	1.85344444444442	0.123933599307177	1109	1.61027366127088	2.09661522761795
112	WGN39	1.83249999999997	0.123933599307177	1109	1.58932921682643	2.07567078317351
113	WGN39	1.35722222222219	0.123933599307177	1109	1.11405143904866	1.60039300539573
114	WGN39	1.47011111111108	0.123933599307177	1109	1.22694032793754	1.71328189428462
115	WGN39	2.16499999999997	0.123933599307177	1109	1.92182921682643	2.40817078317351
116	WGN39	1.83399999999997	0.123933599307177	1109	1.59082921682644	2.07717078317351
117	WGN39	1.38649999999997	0.123933599307177	1109	1.14332921682643	1.62967078317351
118	WGN39	1.67099999999997	0.123933599307177	1109	1.42782921682643	1.91417078317351
120	WGN39	1.46459090909088	0.123933599307177	1109	1.22142012591734	1.70776169226442
121	WGN39	1.56438888888886	0.123933599307177	1109	1.32121810571532	1.8075596720624
122	WGN39	1.72749999999997	0.123933599307177	1109	1.48432921682643	1.97067078317351
123	WGN39	1.84149999999997	0.123933599307177	1109	1.59832921682643	2.08467078317351
124	WGN39	1.86349999999997	0.123933599307177	1109	1.62032921682644	2.10667078317351
125	WGN39	1.39377777777775	0.123933599307177	1109	1.15060699460421	1.63694856095129
126	WGN39	1.59799999999997	0.123933599307177	1109	1.35482921682643	1.84117078317351
127	WGN39	1.44549999999997	0.123933599307177	1109	1.20232921682643	1.68867078317351
128	WGN39	1.93649999999997	0.123933599307177	1109	1.69332921682643	2.17967078317351
129	WGN39	2.10099999999997	0.123933599307177	1109	1.85782921682644	2.34417078317351
130	WGN39	1.42565656565654	0.123933599307177	1109	1.182485782483	1.66882734883007
1	WGN45	1.62324999999994	0.123933599307172	1109	1.38007921682641	1.86642078317347
2	WGN45	1.70616666666668	0.123933599307178	1109	1.46299588349314	1.94933744984021
3	WGN45	0.806321208028852	0.175308047434275	1109	0.462348343288955	1.15029407276875
4	WGN45	1.30900000000001	0.123933599307177	1109	1.06582921682647	1.55217078317354
5	WGN45	1.85907142857143	0.123933599307176	1109	1.6159006453979	2.10224221174497
6	WGN45	1.555625	0.123933599307177	1109	1.31245421682647	1.79879578317354
7	WGN45	1.94225	0.123933599307176	1109	1.69907921682647	2.18542078317354
8	WGN45	1.88067647058824	0.123933599307178	1109	1.6375056874147	2.12384725376178
9	WGN45	1.3915	0.123933599307177	1109	1.14832921682647	1.63467078317354
10	WGN45	1.66625	0.123933599307178	1109	1.42307921682646	1.90942078317354
11	WGN45	1.6685	0.123933599307179	1109	1.42532921682646	1.91167078317354
12	WGN45	1.80150000000001	0.123933599307177	1109	1.55832921682647	2.04467078317355
13	WGN45	1.68386363636365	0.12393359930718	1109	1.44069285319011	1.9270344195372
14	WGN45	1.7575	0.123933599307175	1109	1.51432921682647	2.00067078317353
15	WGN45	1.21467879197116	0.175308047434275	1109	0.870705927231262	1.55865165671106
16	WGN45	1.45307142857143	0.123933599307178	1109	1.20990064539789	1.69624221174497
17	WGN45	1.63944444444446	0.123933599307177	1109	1.39627366127092	1.88261522761799
18	WGN45	1.20450000000001	0.123933599307176	1109	0.961329216826477	1.44767078317355
19	WGN45	1.68157142857143	0.123933599307178	1109	1.4384006453979	1.92474221174497
20	WGN45	1.85350000000001	0.123933599307178	1109	1.61032921682647	2.09667078317355
22	WGN45	1.7445	0.123933599307178	1109	1.50132921682646	1.98767078317354
23	WGN45	1.46060692231457	0.175308047434275	1109	1.11663405757467	1.80457978705446
24	WGN45	1.54275	0.123933599307177	1109	1.29957921682647	1.78592078317354
25	WGN45	1.73319444444445	0.123933599307177	1109	1.49002366127092	1.97636522761799
26	WGN45	1.6075	0.123933599307178	1109	1.36432921682646	1.85067078317354
28	WGN45	1.76233333333334	0.123933599307178	1109	1.51916255015981	2.00550411650688
29	WGN45	0.958690476190481	0.123933599307177	1109	0.715519693016944	1.20186125936402
31	WGN45	1.70722222222222	0.123933599307177	1109	1.46405143904869	1.95039300539576
32	WGN45	1.6335	0.123933599307177	1109	1.39032921682647	1.87667078317354
33	WGN45	0.537847222222249	0.123933599307176	1109	0.294676439048714	0.781018005395784
34	WGN45	1.44755555555556	0.123933599307176	1109	1.20438477238203	1.6907263387291
35	WGN45	2.12487500000001	0.123933599307178	1109	1.88170421682647	2.36804578317354
36	WGN45	1.767	0.123933599307176	1109	1.52382921682647	2.01017078317354
37	WGN45	1.6735	0.123933599307176	1109	1.43032921682647	1.91667078317354
38	WGN45	1.17437499999999	0.123933599307179	1109	0.931204216826455	1.41754578317353
40	WGN45	1.44075000000001	0.123933599307176	1109	1.19757921682647	1.68392078317354
41	WGN45	1.58816666666667	0.123933599307176	1109	1.34499588349313	1.8313374498402
42	WGN45	1.82904545454546	0.123933599307178	1109	1.58587467137192	2.072216237719
43	WGN45	2.22605555555556	0.123933599307177	1109	1.98288477238202	2.46922633872909
44	WGN45	2.27833333333334	0.123933599307177	1109	2.03516255015981	2.52150411650688
45	WGN45	1.70854545454546	0.123933599307177	1109	1.46537467137192	1.95171623771899
46	WGN45	1.45288888888889	0.123933599307178	1109	1.20971810571535	1.69605967206243
47	WGN45	1.33767879197116	0.175308047434273	1109	0.993705927231272	1.68165165671106
48	WGN45	1.519	0.123933599307177	1109	1.27582921682647	1.76217078317354
49	WGN45	1.49325	0.123933599307178	1109	1.25007921682646	1.73642078317354
50	WGN45	1.46200000000001	0.123933599307176	1109	1.21882921682647	1.70517078317354
52	WGN45	1.7265	0.123933599307177	1109	1.48332921682647	1.96967078317354
53	WGN45	1.845	0.123933599307177	1109	1.60182921682647	2.08817078317354
54	WGN45	0.753541666666666	0.123933599307177	1109	0.510370883493129	0.996712449840203
55	WGN45	1.69	0.123933599307176	1109	1.44682921682647	1.93317078317354
56	WGN45	1.635	0.123933599307176	1109	1.39182921682647	1.87817078317354
57	WGN45	1.28581818181818	0.123933599307177	1109	1.04264739864465	1.52898896499172
58	WGN45	1.5715	0.123933599307177	1109	1.32832921682647	1.81467078317354
59	WGN45	1.39854545454546	0.123933599307177	1109	1.15537467137192	1.641716237719
60	WGN45	1.44532120802886	0.175308047434272	1109	1.10134834328897	1.78929407276875
61	WGN45	1.80977777777779	0.123933599307178	1109	1.56660699460425	2.05294856095132
62	WGN45	1.80350000000001	0.123933599307177	1109	1.56032921682647	2.04667078317354
64	WGN45	1.6809595959596	0.123933599307178	1109	1.43778881278607	1.92413037913314
65	WGN45	1.13587500000001	0.123933599307176	1109	0.892704216826476	1.37904578317354
66	WGN45	1.7355	0.123933599307177	1109	1.49232921682647	1.97867078317354
68	WGN45	1.8055	0.123933599307178	1109	1.56232921682646	2.04867078317354
69	WGN45	1.66450000000001	0.123933599307177	1109	1.42132921682647	1.90767078317355
70	WGN45	1.51904848075612	0.175308047434275	1109	1.17507561601623	1.86302134549602
71	WGN45	2.03425	0.123933599307177	1109	1.79107921682647	2.27742078317354
72	WGN45	1.361	0.123933599307178	1109	1.11782921682647	1.60417078317354
73	WGN45	1.27521009691773	0.175308047434276	1109	0.931237232177831	1.61918296165763
74	WGN45	1.43200000000001	0.123933599307177	1109	1.18882921682647	1.67517078317354
75	WGN45	1.93530303030304	0.123933599307178	1109	1.6921322471295	2.17847381347658
76	WGN45	1.53263636363637	0.123933599307176	1109	1.28946558046284	1.77580714680991
77	WGN45	1.55966666666667	0.123933599307177	1109	1.31649588349313	1.80283744984021
78	WGN45	1.2545	0.123933599307178	1109	1.01132921682646	1.49767078317354
80	WGN45	1.766	0.123933599307177	1109	1.52282921682647	2.00917078317354
81	WGN45	1.57083333333334	0.123933599307177	1109	1.3276625501598	1.81400411650687
82	WGN45	1.71400000000001	0.123933599307178	1109	1.47082921682647	1.95717078317354
84	WGN45	1.836	0.123933599307178	1109	1.59282921682647	2.07917078317354
85	WGN45	2.06732120802885	0.175308047434275	1109	1.72334834328895	2.41129407276874
86	WGN45	1.48175	0.123933599307177	1109	1.23857921682647	1.72492078317354
87	WGN45	1.56479166666667	0.123933599307177	1109	1.32162088349313	1.8079624498402
88	WGN45	1.69775	0.123933599307178	1109	1.45457921682647	1.94092078317354
89	WGN45	1.5395	0.123933599307177	1109	1.29632921682647	1.78267078317354
90	WGN45	1.92800000000001	0.123933599307177	1109	1.68482921682647	2.17117078317354
92	WGN45	1.82631818181818	0.123933599307177	1109	1.58314739864465	2.06948896499172
93	WGN45	1.23723076923077	0.123933599307177	1109	0.994059986057233	1.48040155240431
94	WGN45	0.945500000000002	0.123933599307177	1109	0.702329216826466	1.18867078317354
95	WGN45	1.48763636363637	0.123933599307177	1109	1.24446558046283	1.73080714680991
96	WGN45	1.28770833333334	0.123933599307177	1109	1.0445375501598	1.53087911650687
98	WGN45	2.22786363636364	0.123933599307177	1109	1.9846928531901	2.47103441953718
99	WGN45	0.923678791971159	0.175308047434275	1109	0.579705927231262	1.26765165671105
100	WGN45	1.9455	0.123933599307177	1109	1.70232921682647	2.18867078317354
101	WGN45	1.5675	0.123933599307177	1109	1.32432921682647	1.81067078317354
102	WGN45	1.612	0.123933599307178	1109	1.36882921682647	1.85517078317354
103	WGN45	1.90932120802885	0.175308047434275	1109	1.56534834328895	2.25329407276875
104	WGN45	1.56336363636364	0.123933599307177	1109	1.3201928531901	1.80653441953717
105	WGN45	1.472	0.123933599307177	1109	1.22882921682647	1.71517078317354
106	WGN45	1.88666666666667	0.123933599307177	1109	1.64349588349313	2.12983744984021
107	WGN45	1.74436363636364	0.123933599307177	1109	1.5011928531901	1.98753441953718
108	WGN45	2.1165	0.123933599307177	1109	1.87332921682647	2.35967078317354
109	WGN45	1.871	0.123933599307177	1109	1.62782921682647	2.11417078317354
110	WGN45	1.68681818181819	0.123933599307177	1109	1.44364739864465	1.92998896499173
111	WGN45	2.157375	0.123933599307177	1109	1.91420421682647	2.40054578317354
112	WGN45	1.61190476190477	0.123933599307177	1109	1.36873397873123	1.85507554507831
113	WGN45	0.950321208028851	0.175308047434275	1109	0.606348343288954	1.29429407276875
114	WGN45	1.71975	0.123933599307177	1109	1.47657921682647	1.96292078317354
115	WGN45	1.2675	0.123933599307177	1109	1.02432921682646	1.51067078317354
116	WGN45	1.726	0.123933599307177	1109	1.48282921682647	1.96917078317354
117	WGN45	0.929000000000005	0.123933599307177	1109	0.685829216826468	1.17217078317354
118	WGN45	1.88067879197116	0.175308047434275	1109	1.53670592723126	2.22465165671105
119	WGN45	1.748	0.123933599307177	1109	1.50482921682647	1.99117078317354
120	WGN45	2.2145	0.123933599307177	1109	1.97132921682647	2.45767078317354
121	WGN45	1.46635714285715	0.123933599307177	1109	1.22318635968361	1.70952792603069
122	WGN45	1.933	0.123933599307177	1109	1.68982921682647	2.17617078317354
123	WGN45	2.02625	0.123933599307177	1109	1.78307921682647	2.26942078317354
124	WGN45	1.82787878787879	0.123933599307177	1109	1.58470800470526	2.07104957105233
126	WGN45	1.44161111111111	0.123933599307177	1109	1.19844032793758	1.68478189428465
127	WGN45	1.52713286713287	0.123933599307177	1109	1.28396208395933	1.77030365030641
128	WGN45	1.40545454545455	0.123933599307177	1109	1.16228376228101	1.64862532862809
129	WGN45	1.69405555555556	0.123933599307177	1109	1.45088477238202	1.9372263387291
1	WGN46	2.25850000000003	0.123933599307175	1109	2.01532921682649	2.50167078317356
2	WGN46	1.91033333333333	0.123933599307176	1109	1.6671625501598	2.15350411650687
3	WGN46	2.07954545454545	0.123933599307178	1109	1.83637467137191	2.32271623771899
4	WGN46	1.6078571428571	0.123933599307178	1109	1.36468635968356	1.85102792603064
6	WGN46	1.87701212530449	0.175308047434273	1109	1.53303926056459	2.22098499004438
7	WGN46	1.62227777777775	0.123933599307178	1109	1.37910699460421	1.86544856095129
8	WGN46	1.72832120802887	0.175308047434273	1109	1.38434834328897	2.07229407276876
9	WGN46	1.89272727272728	0.123933599307175	1109	1.64955648955374	2.13589805590081
10	WGN46	1.85449999999999	0.123933599307177	1109	1.61132921682645	2.09767078317352
11	WGN46	1.60713636363635	0.123933599307178	1109	1.36396558046281	1.85030714680989
12	WGN46	1.68966666666666	0.123933599307177	1109	1.44649588349313	1.9328374498402
13	WGN46	2.062	0.123933599307178	1109	1.81882921682646	2.30517078317354
14	WGN46	1.62874999999998	0.123933599307178	1109	1.38557921682644	1.87192078317352
15	WGN46	1.67949999999998	0.123933599307178	1109	1.43632921682644	1.92267078317352
16	WGN46	1.99299999999999	0.123933599307177	1109	1.74982921682645	2.23617078317353
17	WGN46	1.95092307692306	0.123933599307178	1109	1.70775229374952	2.1940938600966
18	WGN46	2.07299999999999	0.123933599307177	1109	1.82982921682645	2.31617078317352
19	WGN46	1.77024999999999	0.123933599307176	1109	1.52707921682646	2.01342078317353
20	WGN46	1.80967879197117	0.175308047434273	1109	1.46570592723127	2.15365165671106
21	WGN46	1.49268484439249	0.175308047434275	1109	1.14871197965259	1.83665770913239
22	WGN46	2.0305	0.123933599307177	1109	1.78732921682646	2.27367078317353
23	WGN46	1.66649999999998	0.123933599307178	1109	1.42332921682644	1.90967078317352
24	WGN46	2.00694444444444	0.123933599307176	1109	1.76377366127091	2.25011522761798
25	WGN46	1.39466666666668	0.123933599307175	1109	1.15149588349315	1.63783744984022
26	WGN46	1.45541666666669	0.123933599307175	1109	1.21224588349316	1.69858744984022
27	WGN46	1.12467879197115	0.175308047434275	1109	0.780705927231249	1.46865165671104
28	WGN46	1.35199999999999	0.123933599307177	1109	1.10882921682646	1.59517078317353
29	WGN46	1.75499999999999	0.123933599307178	1109	1.51182921682645	1.99817078317352
30	WGN46	1.68824999999999	0.123933599307177	1109	1.44507921682645	1.93142078317353
31	WGN46	2.14877777777777	0.123933599307176	1109	1.90560699460424	2.39194856095131
32	WGN46	2.47788888888889	0.123933599307178	1109	2.23471810571535	2.72105967206243
33	WGN46	2.00899999999999	0.123933599307178	1109	1.76582921682645	2.25217078317353
34	WGN46	1.74812499999999	0.123933599307177	1109	1.50495421682646	1.99129578317353
36	WGN46	2.02472222222221	0.123933599307177	1109	1.78155143904867	2.26789300539574
37	WGN46	2.05499999999999	0.123933599307177	1109	1.81182921682645	2.29817078317352
38	WGN46	1.85842105263157	0.123933599307177	1109	1.61525026945804	2.10159183580511
39	WGN46	1.21999999999998	0.123933599307177	1109	0.976829216826444	1.46317078317352
40	WGN46	2.31125	0.123933599307177	1109	2.06807921682646	2.55442078317354
41	WGN46	2.41599999999999	0.123933599307178	1109	2.17282921682645	2.65917078317353
42	WGN46	1.56772727272728	0.123933599307176	1109	1.32455648955375	1.81089805590081
43	WGN46	1.81599999999998	0.123933599307178	1109	1.57282921682644	2.05917078317352
44	WGN46	1.66666666666665	0.123933599307177	1109	1.42349588349311	1.90983744984019
45	WGN46	1.52816666666666	0.123933599307177	1109	1.28499588349312	1.77133744984019
46	WGN46	1.92749999999999	0.123933599307177	1109	1.68432921682646	2.17067078317353
47	WGN46	1.885	0.123933599307177	1109	1.64182921682646	2.12817078317353
48	WGN46	1.96699999999999	0.123933599307177	1109	1.72382921682645	2.21017078317353
49	WGN46	2.26899999999999	0.123933599307177	1109	2.02582921682645	2.51217078317353
50	WGN46	1.86774999999999	0.123933599307177	1109	1.62457921682645	2.11092078317353
52	WGN46	1.47399999999998	0.123933599307178	1109	1.23082921682644	1.71717078317352
53	WGN46	1.72999999999999	0.123933599307177	1109	1.48682921682645	1.97317078317352
54	WGN46	1.44227272727271	0.123933599307177	1109	1.19910194409917	1.68544351044625
55	WGN46	2.10267879197113	0.175308047434276	1109	1.75870592723124	2.44665165671103
56	WGN46	1.51372727272727	0.123933599307177	1109	1.27055648955374	1.75689805590081
57	WGN46	2.17699999999999	0.123933599307176	1109	1.93382921682646	2.42017078317353
58	WGN46	1.9020909090909	0.123933599307177	1109	1.65892012591736	2.14526169226444
59	WGN46	1.8325	0.123933599307176	1109	1.58932921682646	2.07567078317353
60	WGN46	2.39899999999999	0.123933599307178	1109	2.15582921682646	2.64217078317353
61	WGN46	2.32599999999999	0.123933599307177	1109	2.08282921682646	2.56917078317353
62	WGN46	2.12799999999999	0.123933599307177	1109	1.88482921682646	2.37117078317353
63	WGN46	1.89849999999999	0.123933599307177	1109	1.65532921682646	2.14167078317353
64	WGN46	1.66409090909091	0.123933599307176	1109	1.42092012591737	1.90726169226444
65	WGN46	2.31699999999998	0.123933599307176	1109	2.07382921682645	2.56017078317352
66	WGN46	1.57449999999999	0.123933599307177	1109	1.33132921682645	1.81767078317353
67	WGN46	1.77049999999999	0.123933599307178	1109	1.52732921682645	2.01367078317352
68	WGN46	1.36545454545454	0.123933599307177	1109	1.122283762281	1.60862532862807
69	WGN46	1.66699999999998	0.123933599307178	1109	1.42382921682644	1.91017078317352
70	WGN46	1.82849999999999	0.123933599307177	1109	1.58532921682645	2.07167078317353
71	WGN46	2.08863636363635	0.123933599307177	1109	1.84546558046282	2.33180714680989
72	WGN46	2.10055555555554	0.123933599307177	1109	1.85738477238201	2.34372633872908
73	WGN46	1.9661111111111	0.123933599307177	1109	1.72294032793757	2.20928189428464
74	WGN46	2.05499999999999	0.123933599307177	1109	1.81182921682646	2.29817078317353
75	WGN46	1.66742424242424	0.123933599307177	1109	1.42425345925071	1.91059502559778
76	WGN46	1.9455909090909	0.123933599307177	1109	1.70242012591737	2.18876169226444
78	WGN46	1.41749999999999	0.123933599307177	1109	1.17432921682646	1.66067078317353
79	WGN46	2.44895833333333	0.123933599307177	1109	2.20578755015979	2.69212911650686
80	WGN46	1.84599999999999	0.123933599307177	1109	1.60282921682646	2.08917078317353
81	WGN46	2.04744444444444	0.123933599307177	1109	1.8042736612709	2.29061522761797
82	WGN46	2.01767879197114	0.175308047434276	1109	1.67370592723124	2.36165165671104
83	WGN46	1.86249999999999	0.123933599307177	1109	1.61932921682645	2.10567078317353
84	WGN46	1.94607142857143	0.123933599307176	1109	1.70290064539789	2.18924221174496
85	WGN46	1.98849999999999	0.123933599307177	1109	1.74532921682645	2.23167078317353
86	WGN46	2.01649999999999	0.123933599307177	1109	1.77332921682645	2.25967078317353
87	WGN46	2.01599999999999	0.123933599307177	1109	1.77282921682646	2.25917078317353
88	WGN46	2.20099999999999	0.123933599307177	1109	1.95782921682646	2.44417078317353
89	WGN46	1.91977777777777	0.123933599307177	1109	1.67660699460424	2.16294856095131
90	WGN46	1.75549999999999	0.123933599307177	1109	1.51232921682645	1.99867078317353
91	WGN46	1.90968181818182	0.123933599307177	1109	1.66651103500828	2.15285260135535
92	WGN46	2.01666666666666	0.123933599307177	1109	1.77349588349313	2.2598374498402
93	WGN46	2.22049999999999	0.123933599307177	1109	1.97732921682645	2.46367078317353
94	WGN46	1.74816666666665	0.123933599307178	1109	1.50499588349311	1.99133744984019
95	WGN46	1.78949999999999	0.123933599307177	1109	1.54632921682645	2.03267078317353
96	WGN46	1.97849999999999	0.123933599307177	1109	1.73532921682646	2.22167078317353
98	WGN46	2.29881818181817	0.123933599307177	1109	2.05564739864463	2.54198896499171
100	WGN46	2.02743231913995	0.175308047434275	1109	1.68345945440005	2.37140518387985
101	WGN46	1.83121212121211	0.123933599307177	1109	1.58804133803858	2.07438290438565
102	WGN46	1.92381944444444	0.123933599307177	1109	1.6806486612709	2.16699022761797
103	WGN46	1.94749999999999	0.123933599307177	1109	1.70432921682645	2.19067078317353
104	WGN46	1.78999999999999	0.123933599307177	1109	1.54682921682646	2.03317078317353
106	WGN46	1.80858333333333	0.123933599307177	1109	1.56541255015979	2.05175411650686
107	WGN46	1.69949999999999	0.123933599307177	1109	1.45632921682646	1.94267078317353
108	WGN46	2.06513636363636	0.123933599307177	1109	1.82196558046282	2.30830714680989
109	WGN46	1.78199999999999	0.123933599307177	1109	1.53882921682646	2.02517078317353
110	WGN46	2.05149999999999	0.123933599307177	1109	1.80832921682646	2.29467078317353
111	WGN46	1.44983333333333	0.123933599307177	1109	1.20666255015979	1.69300411650686
112	WGN46	1.78599999999999	0.123933599307177	1109	1.54282921682645	2.02917078317353
113	WGN46	2.12713636363636	0.123933599307177	1109	1.88396558046282	2.37030714680989
114	WGN46	1.67599999999999	0.123933599307177	1109	1.43282921682645	1.91917078317353
115	WGN46	1.91794444444444	0.123933599307177	1109	1.6747736612709	2.16111522761797
116	WGN46	1.96149999999999	0.123933599307177	1109	1.71832921682646	2.20467078317353
117	WGN46	1.68366666666666	0.123933599307177	1109	1.44049588349312	1.92683744984019
118	WGN46	1.93299999999999	0.123933599307177	1109	1.68982921682646	2.17617078317353
119	WGN46	2.27449999999999	0.123933599307177	1109	2.03132921682646	2.51767078317353
120	WGN46	2.00899999999999	0.123933599307177	1109	1.76582921682646	2.25217078317353
121	WGN46	1.67333333333333	0.123933599307177	1109	1.43016255015979	1.91650411650686
122	WGN46	1.90999999999999	0.123933599307177	1109	1.66682921682646	2.15317078317353
123	WGN46	2.09299999999999	0.123933599307177	1109	1.84982921682646	2.33617078317353
124	WGN46	1.38021428571428	0.123933599307177	1109	1.13704350254074	1.62338506888782
125	WGN46	1.74708333333333	0.123933599307177	1109	1.50391255015979	1.99025411650686
126	WGN46	1.74083333333333	0.123933599307177	1109	1.49766255015979	1.98400411650686
127	WGN46	1.9521111111111	0.123933599307177	1109	1.70894032793756	2.19528189428464
128	WGN46	2.39849999999999	0.123933599307177	1109	2.15532921682646	2.64167078317353
129	WGN46	2.15937499999999	0.123933599307177	1109	1.91620421682645	2.40254578317353
130	WGN46	1.59044444444444	0.123933599307177	1109	1.3472736612709	1.83361522761797
1	WGN55	1.73200000000001	0.123933599307177	1109	1.48882921682648	1.97517078317355
2	WGN55	1.25154545454547	0.123933599307177	1109	1.00837467137193	1.494716237719
3	WGN55	1.30600000000001	0.123933599307177	1109	1.06282921682648	1.54917078317355
4	WGN55	1.81850000000001	0.123933599307178	1109	1.57532921682647	2.06167078317355
5	WGN55	1.79976923076924	0.123933599307176	1109	1.55659844759571	2.04294001394278
6	WGN55	1.88650000000001	0.123933599307178	1109	1.64332921682647	2.12967078317355
7	WGN55	1.7595	0.123933599307176	1109	1.51632921682647	2.00267078317354
8	WGN55	1.77900000000002	0.123933599307177	1109	1.53582921682648	2.02217078317356
9	WGN55	1.53562500000001	0.123933599307176	1109	1.29245421682648	1.77879578317355
10	WGN55	1.94400000000001	0.123933599307177	1109	1.70082921682648	2.18717078317355
11	WGN55	1.58550000000001	0.123933599307177	1109	1.34232921682648	1.82867078317355
12	WGN55	0.54757120802888	0.175308047434274	1109	0.203598343288986	0.891544072768775
13	WGN55	1.42525252525253	0.123933599307178	1109	1.18208174207899	1.66842330842607
14	WGN55	1.40318181818184	0.123933599307176	1109	1.1600110350083	1.64635260135537
15	WGN55	2.00200000000001	0.123933599307176	1109	1.75882921682647	2.24517078317355
16	WGN55	1.42350000000001	0.123933599307178	1109	1.18032921682647	1.66667078317354
17	WGN55	1.56250000000001	0.123933599307177	1109	1.31932921682648	1.80567078317355
18	WGN55	1.36653846153848	0.123933599307175	1109	1.12336767836495	1.60970924471201
19	WGN55	1.80992307692309	0.123933599307177	1109	1.56675229374955	2.05309386009662
20	WGN55	2.05700000000001	0.123933599307177	1109	1.81382921682647	2.30017078317355
21	WGN55	1.57650000000001	0.123933599307177	1109	1.33332921682648	1.81967078317355
22	WGN55	1.87700000000001	0.123933599307176	1109	1.63382921682648	2.12017078317355
23	WGN55	1.94795454545455	0.123933599307177	1109	1.70478376228102	2.19112532862809
24	WGN55	1.07336363636366	0.123933599307176	1109	0.830192853190127	1.31653441953719
25	WGN55	1.63533333333334	0.123933599307176	1109	1.39216255015981	1.87850411650688
26	WGN55	1.71416666666668	0.123933599307175	1109	1.47099588349314	1.95733744984021
27	WGN55	2.02268181818183	0.123933599307176	1109	1.77951103500829	2.26585260135536
28	WGN55	1.76222222222223	0.123933599307178	1109	1.51905143904869	2.00539300539577
29	WGN55	1.74100000000001	0.123933599307177	1109	1.49782921682648	1.98417078317355
30	WGN55	1.86533333333335	0.123933599307178	1109	1.62216255015981	2.10850411650689
31	WGN55	1.66508333333335	0.123933599307176	1109	1.42191255015981	1.90825411650688
32	WGN55	1.65872727272729	0.123933599307176	1109	1.41555648955375	1.90189805590082
33	WGN55	1.73187500000001	0.123933599307177	1109	1.48870421682648	1.97504578317355
34	WGN55	1.6078076923077	0.123933599307177	1109	1.36463690913416	1.85097847548124
35	WGN55	1.81331818181819	0.123933599307177	1109	1.57014739864465	2.05648896499173
36	WGN55	1.40150000000001	0.123933599307177	1109	1.15832921682647	1.64467078317355
37	WGN55	1.81666666666668	0.123933599307177	1109	1.57349588349314	2.05983744984021
38	WGN55	1.22800000000001	0.123933599307177	1109	0.984829216826474	1.47117078317355
40	WGN55	1.52705555555557	0.123933599307177	1109	1.28388477238204	1.77022633872911
41	WGN55	1.72500000000001	0.123933599307176	1109	1.48182921682648	1.96817078317355
42	WGN55	1.78450000000001	0.123933599307178	1109	1.54132921682648	2.02767078317355
43	WGN55	1.66577272727273	0.123933599307177	1109	1.4226019440992	1.90894351044627
44	WGN55	1.83527777777779	0.123933599307177	1109	1.59210699460425	2.07844856095133
45	WGN55	1.40750000000001	0.123933599307177	1109	1.16432921682647	1.65067078317354
46	WGN55	1.01701212530449	0.175308047434275	1109	0.673039260564598	1.36098499004439
47	WGN55	1.60733974358975	0.123933599307177	1109	1.36416896041622	1.85051052676329
48	WGN55	1.83522727272728	0.123933599307176	1109	1.59205648955375	2.07839805590082
49	WGN55	2.00400000000001	0.123933599307177	1109	1.76082921682647	2.24717078317355
50	WGN55	2.02700000000001	0.123933599307177	1109	1.78382921682648	2.27017078317355
52	WGN55	1.80350000000001	0.123933599307177	1109	1.56032921682647	2.04667078317355
53	WGN55	1.39161111111112	0.123933599307177	1109	1.14844032793759	1.63478189428466
54	WGN55	1.61494444444446	0.123933599307176	1109	1.37177366127092	1.85811522761799
55	WGN55	1.73050000000001	0.123933599307177	1109	1.48732921682648	1.97367078317355
56	WGN55	1.81300000000001	0.123933599307177	1109	1.56982921682647	2.05617078317355
57	WGN55	1.24298787469553	0.175308047434275	1109	0.899015009955632	1.58696073943543
58	WGN55	1.72395454545456	0.123933599307178	1109	1.48078376228102	1.96712532862809
59	WGN55	1.54318181818183	0.123933599307177	1109	1.3000110350083	1.78635260135537
60	WGN55	1.79909090909092	0.123933599307176	1109	1.55592012591738	2.04226169226445
61	WGN55	1.04507142857143	0.123933599307178	1109	0.801900645397896	1.28824221174497
62	WGN55	1.84600000000001	0.123933599307177	1109	1.60282921682647	2.08917078317355
63	WGN55	1.75850000000001	0.123933599307176	1109	1.51532921682648	2.00167078317355
64	WGN55	1.65050000000001	0.123933599307178	1109	1.40732921682647	1.89367078317355
65	WGN55	1.38975000000001	0.123933599307178	1109	1.14657921682647	1.63292078317354
66	WGN55	1.27044444444446	0.123933599307177	1109	1.02727366127092	1.513615227618
67	WGN55	1.56567879197116	0.175308047434275	1109	1.22170592723126	1.90965165671106
68	WGN55	0.953911764705894	0.123933599307176	1109	0.710740981532359	1.19708254787943
69	WGN55	1.52194444444446	0.123933599307177	1109	1.27877366127092	1.765115227618
70	WGN55	1.38416666666667	0.123933599307178	1109	1.14099588349314	1.62733744984021
71	WGN55	1.62745454545456	0.123933599307177	1109	1.38428376228102	1.87062532862809
72	WGN55	1.44400000000001	0.123933599307176	1109	1.20082921682648	1.68717078317355
73	WGN55	1.6483888888889	0.123933599307177	1109	1.40521810571536	1.89155967206243
74	WGN55	1.6859090909091	0.123933599307177	1109	1.44273830773556	1.92907987408263
75	WGN55	1.89562500000001	0.123933599307177	1109	1.65245421682648	2.13879578317355
76	WGN55	1.48700000000001	0.123933599307177	1109	1.24382921682647	1.73017078317355
77	WGN55	1.59267879197117	0.175308047434275	1109	1.24870592723127	1.93665165671106
78	WGN55	1.10509090909092	0.123933599307177	1109	0.861920125917379	1.34826169226445
80	WGN55	1.62200000000001	0.123933599307176	1109	1.37882921682648	1.86517078317355
81	WGN55	1.41800000000001	0.123933599307177	1109	1.17482921682647	1.66117078317355
82	WGN55	1.56350000000001	0.123933599307177	1109	1.32032921682648	1.80667078317355
83	WGN55	1.20450000000001	0.123933599307177	1109	0.961329216826474	1.44767078317355
84	WGN55	1.13750000000001	0.123933599307177	1109	0.894329216826475	1.38067078317355
85	WGN55	1.69300000000001	0.123933599307177	1109	1.44982921682648	1.93617078317355
86	WGN55	1.24314285714287	0.123933599307177	1109	0.999972073969334	1.48631364031641
87	WGN55	1.50900000000001	0.123933599307177	1109	1.26582921682648	1.75217078317355
88	WGN55	1.70850000000001	0.123933599307177	1109	1.46532921682648	1.95167078317355
89	WGN55	1.97305555555557	0.123933599307177	1109	1.72988477238203	2.21622633872911
90	WGN55	1.15837500000001	0.123933599307177	1109	0.915204216826474	1.40154578317355
91	WGN55	1.96881818181819	0.123933599307177	1109	1.72564739864466	2.21198896499173
92	WGN55	1.59625000000001	0.123933599307177	1109	1.35307921682648	1.83942078317355
93	WGN55	1.65650000000001	0.123933599307177	1109	1.41332921682648	1.89967078317355
94	WGN55	1.71750000000001	0.123933599307177	1109	1.47432921682648	1.96067078317355
95	WGN55	1.49095454545456	0.123933599307177	1109	1.24778376228102	1.73412532862809
96	WGN55	1.64294444444445	0.123933599307178	1109	1.39977366127092	1.88611522761799
97	WGN55	1.62517045454547	0.123933599307177	1109	1.38199967137193	1.868341237719
98	WGN55	1.82010101010102	0.123933599307177	1109	1.57693022692749	2.06327179327456
99	WGN55	1.53750000000001	0.123933599307177	1109	1.29432921682648	1.78067078317355
100	WGN55	1.45000000000001	0.123933599307177	1109	1.20682921682648	1.69317078317355
101	WGN55	1.46677777777779	0.123933599307177	1109	1.22360699460426	1.70994856095133
102	WGN55	1.60150000000001	0.123933599307177	1109	1.35832921682647	1.84467078317355
103	WGN55	1.46050000000001	0.123933599307177	1109	1.21732921682648	1.70367078317355
104	WGN55	1.63467879197116	0.175308047434275	1109	1.29070592723127	1.97865165671106
105	WGN55	1.46900000000001	0.123933599307177	1109	1.22582921682648	1.71217078317355
106	WGN55	1.7208585858586	0.123933599307177	1109	1.47768780268506	1.96402936903213
107	WGN55	1.85931818181819	0.123933599307177	1109	1.61614739864465	2.10248896499173
108	WGN55	2.01641414141416	0.123933599307177	1109	1.77324335824062	2.2595849245877
109	WGN55	1.43950000000001	0.123933599307177	1109	1.19632921682648	1.68267078317355
110	WGN55	1.81659090909092	0.123933599307177	1109	1.57342012591738	2.05976169226446
111	WGN55	2.24111111111112	0.123933599307177	1109	1.99794032793758	2.48428189428466
112	WGN55	1.59694444444446	0.123933599307177	1109	1.35377366127092	1.84011522761799
113	WGN55	1.75827777777779	0.123933599307177	1109	1.51510699460426	2.00144856095133
114	WGN55	1.75600000000001	0.123933599307177	1109	1.51282921682648	1.99917078317355
115	WGN55	1.50450000000001	0.123933599307177	1109	1.26132921682647	1.74767078317355
116	WGN55	1.3538888888889	0.123933599307177	1109	1.11071810571536	1.59705967206244
117	WGN55	1.17200000000001	0.123933599307177	1109	0.928829216826474	1.41517078317355
118	WGN55	1.45222222222223	0.123933599307177	1109	1.20905143904869	1.69539300539577
119	WGN55	1.90800000000001	0.123933599307177	1109	1.66482921682647	2.15117078317355
120	WGN55	1.89167879197116	0.175308047434275	1109	1.54770592723127	2.23565165671106
121	WGN55	1.6729090909091	0.123933599307177	1109	1.42973830773557	1.91607987408264
122	WGN55	1.80750000000001	0.123933599307177	1109	1.56432921682648	2.05067078317355
123	WGN55	1.67600000000001	0.123933599307177	1109	1.43282921682648	1.91917078317355
124	WGN55	1.65150000000001	0.123933599307177	1109	1.40832921682648	1.89467078317355
125	WGN55	1.37300000000001	0.123933599307177	1109	1.12982921682647	1.61617078317355
126	WGN55	1.57000000000001	0.123933599307177	1109	1.32682921682648	1.81317078317355
128	WGN55	1.37613636363638	0.123933599307177	1109	1.13296558046284	1.61930714680991
129	WGN55	1.93976190476192	0.123933599307177	1109	1.69659112158838	2.18293268793545
130	WGN55	1.23766666666668	0.123933599307177	1109	0.994495883493141	1.48083744984021
1	WGN63	1.75400000000002	0.123933599307177	1109	1.51082921682648	1.99717078317356
2	WGN63	1.60831818181819	0.123933599307176	1109	1.36514739864466	1.85148896499173
3	WGN63	1.43050000000001	0.123933599307177	1109	1.18732921682648	1.67367078317355
4	WGN63	1.65750000000001	0.123933599307177	1109	1.41432921682648	1.90067078317355
5	WGN63	1.51877272727274	0.123933599307176	1109	1.2756019440992	1.76194351044627
6	WGN63	1.51659090909092	0.123933599307176	1109	1.27342012591739	1.75976169226446
7	WGN63	2.25825000000001	0.123933599307177	1109	2.01507921682647	2.50142078317354
8	WGN63	1.84037500000002	0.123933599307177	1109	1.59720421682648	2.08354578317355
9	WGN63	2.46521428571431	0.123933599307178	1109	2.22204350254077	2.70838506888785
10	WGN63	1.62650000000001	0.123933599307177	1109	1.38332921682647	1.86967078317355
12	WGN63	1.44662337662339	0.123933599307176	1109	1.20345259344986	1.68979415979693
13	WGN63	1.83204545454547	0.123933599307177	1109	1.58887467137193	2.075216237719
14	WGN63	1.89967879197117	0.175308047434276	1109	1.55570592723127	2.24365165671107
16	WGN63	1.6843888888889	0.123933599307177	1109	1.44121810571537	1.92755967206244
17	WGN63	1.57322727272728	0.123933599307178	1109	1.33005648955375	1.81639805590082
18	WGN63	1.91200000000001	0.123933599307176	1109	1.66882921682647	2.15517078317355
19	WGN63	1.37450000000001	0.123933599307177	1109	1.13132921682647	1.61767078317355
20	WGN63	1.82268181818183	0.123933599307177	1109	1.5795110350083	2.06585260135537
21	WGN63	1.62372727272729	0.123933599307176	1109	1.38055648955376	1.86689805590083
22	WGN63	2.58150000000001	0.123933599307177	1109	2.33832921682647	2.82467078317354
23	WGN63	1.42650000000001	0.123933599307177	1109	1.18332921682648	1.66967078317355
24	WGN63	1.63600000000001	0.123933599307178	1109	1.39282921682647	1.87917078317355
25	WGN63	1.72400000000001	0.123933599307176	1109	1.48082921682648	1.96717078317355
26	WGN63	1.44718181818183	0.123933599307178	1109	1.20401103500829	1.69035260135537
27	WGN63	1.67300000000001	0.123933599307178	1109	1.42982921682647	1.91617078317355
28	WGN63	1.52705555555557	0.123933599307177	1109	1.28388477238203	1.7702263387291
29	WGN63	1.84400000000001	0.123933599307177	1109	1.60082921682648	2.08717078317355
30	WGN63	2.19025000000001	0.123933599307176	1109	1.94707921682647	2.43342078317354
31	WGN63	1.59424242424244	0.123933599307177	1109	1.3510716410689	1.83741320741597
32	WGN63	1.47000000000001	0.123933599307178	1109	1.22682921682647	1.71317078317355
33	WGN63	1.30594444444445	0.123933599307178	1109	1.06277366127091	1.54911522761799
34	WGN63	1.82603174603176	0.123933599307177	1109	1.58286096285822	2.06920252920529
35	WGN63	1.74950000000001	0.123933599307178	1109	1.50632921682647	1.99267078317355
36	WGN63	1.24175000000002	0.123933599307176	1109	0.998579216826483	1.48492078317355
37	WGN63	1.86993055555557	0.123933599307177	1109	1.62675977238203	2.1131013387291
38	WGN63	1.40067879197117	0.175308047434275	1109	1.05670592723127	1.74465165671106
39	WGN63	1.84458788288025	0.175308047434275	1109	1.50061501814036	2.18856074762015
40	WGN63	0.990151515151518	0.123933599307178	1109	0.746980731977979	1.23332229832506
41	WGN63	1.39355555555557	0.123933599307177	1109	1.15038477238203	1.6367263387291
42	WGN63	1.80950000000001	0.123933599307177	1109	1.56632921682648	2.05267078317355
43	WGN63	1.88462500000001	0.123933599307178	1109	1.64145421682648	2.12779578317355
44	WGN63	1.56450000000001	0.123933599307177	1109	1.32132921682647	1.80767078317355
45	WGN63	1.60700000000001	0.123933599307177	1109	1.36382921682648	1.85017078317355
46	WGN63	1.80383333333335	0.123933599307177	1109	1.56066255015981	2.04700411650688
47	WGN63	1.72650000000001	0.123933599307177	1109	1.48332921682648	1.96967078317355
48	WGN63	2.16700000000001	0.123933599307177	1109	1.92382921682648	2.41017078317355
49	WGN63	1.92533333333335	0.123933599307177	1109	1.68216255015981	2.16850411650688
50	WGN63	1.36900000000001	0.123933599307176	1109	1.12582921682648	1.61217078317355
51	WGN63	1.90850000000001	0.123933599307177	1109	1.66532921682647	2.15167078317355
52	WGN63	1.9721590909091	0.123933599307177	1109	1.72898830773556	2.21532987408264
53	WGN63	1.81700000000001	0.123933599307176	1109	1.57382921682648	2.06017078317355
54	WGN63	1.75383333333335	0.123933599307176	1109	1.51066255015981	1.99700411650688
55	WGN63	1.67541666666668	0.123933599307178	1109	1.43224588349314	1.91858744984021
56	WGN63	1.74050000000002	0.123933599307176	1109	1.49732921682648	1.98367078317355
57	WGN63	1.92783333333335	0.123933599307177	1109	1.68466255015981	2.17100411650689
58	WGN63	1.69850000000001	0.123933599307177	1109	1.45532921682648	1.94167078317355
59	WGN63	1.70208333333334	0.123933599307176	1109	1.45891255015981	1.94525411650688
60	WGN63	1.93625000000001	0.123933599307177	1109	1.69307921682647	2.17942078317355
61	WGN63	1.52500000000001	0.123933599307177	1109	1.28182921682647	1.76817078317355
62	WGN63	2.02333333333335	0.123933599307177	1109	1.78016255015981	2.26650411650688
63	WGN63	1.96932120802886	0.175308047434275	1109	1.62534834328896	2.31329407276876
64	WGN63	1.75050000000001	0.123933599307177	1109	1.50732921682648	1.99367078317355
65	WGN63	1.47195454545456	0.123933599307177	1109	1.22878376228102	1.71512532862809
66	WGN63	1.67400000000002	0.123933599307177	1109	1.43082921682648	1.91717078317355
67	WGN63	1.45600000000001	0.123933599307176	1109	1.21282921682648	1.69917078317355
68	WGN63	1.65032120802886	0.175308047434275	1109	1.30634834328896	1.99429407276876
69	WGN63	1.56875000000001	0.123933599307177	1109	1.32557921682647	1.81192078317355
70	WGN63	1.58611111111113	0.123933599307177	1109	1.34294032793759	1.82928189428466
72	WGN63	1.62150000000001	0.123933599307177	1109	1.37832921682648	1.86467078317355
73	WGN63	1.37818181818183	0.123933599307177	1109	1.13501103500829	1.62135260135537
74	WGN63	1.50112500000001	0.123933599307177	1109	1.25795421682647	1.74429578317355
75	WGN63	1.64450000000001	0.123933599307177	1109	1.40132921682648	1.88767078317355
76	WGN63	1.65700000000001	0.123933599307177	1109	1.41382921682647	1.90017078317355
77	WGN63	2.19500000000001	0.123933599307177	1109	1.95182921682648	2.43817078317355
78	WGN63	2.02081818181819	0.123933599307177	1109	1.77764739864466	2.26398896499173
79	WGN63	1.57381818181819	0.123933599307177	1109	1.33064739864466	1.81698896499173
80	WGN63	1.48266666666668	0.123933599307177	1109	1.23949588349314	1.72583744984021
81	WGN63	1.90277777777779	0.123933599307177	1109	1.65960699460426	2.14594856095133
82	WGN63	1.64107142857144	0.123933599307177	1109	1.39790064539791	1.88424221174498
83	WGN63	1.51005555555557	0.123933599307177	1109	1.26688477238203	1.7532263387291
84	WGN63	1.58150000000001	0.123933599307177	1109	1.33832921682648	1.82467078317355
85	WGN63	1.83472222222223	0.123933599307177	1109	1.5915514390487	2.07789300539577
86	WGN63	1.56450000000001	0.123933599307177	1109	1.32132921682648	1.80767078317355
87	WGN63	1.51300000000001	0.123933599307177	1109	1.26982921682648	1.75617078317355
88	WGN63	1.63934523809525	0.123933599307177	1109	1.39617445492171	1.88251602126878
89	WGN63	1.77166666666668	0.123933599307177	1109	1.52849588349314	2.01483744984021
90	WGN63	1.82467879197117	0.175308047434275	1109	1.48070592723127	2.16865165671106
91	WGN63	2.00032967032968	0.123933599307177	1109	1.75715888715614	2.24350045350322
92	WGN63	2.01350000000001	0.123933599307177	1109	1.77032921682648	2.25667078317355
93	WGN63	1.75116666666668	0.123933599307177	1109	1.50799588349314	1.99433744984021
94	WGN63	1.80000000000001	0.123933599307177	1109	1.55682921682647	2.04317078317355
95	WGN63	1.98000000000001	0.123933599307177	1109	1.73682921682648	2.22317078317355
96	WGN63	1.78300000000001	0.123933599307177	1109	1.53982921682648	2.02617078317355
97	WGN63	1.54600000000001	0.123933599307177	1109	1.30282921682648	1.78917078317355
98	WGN63	1.95232120802886	0.175308047434275	1109	1.60834834328896	2.29629407276876
99	WGN63	2.47132120802886	0.175308047434275	1109	2.12734834328896	2.81529407276875
100	WGN63	2.03522727272729	0.123933599307177	1109	1.79205648955375	2.27839805590083
101	WGN63	1.90382120802886	0.175308047434275	1109	1.55984834328896	2.24779407276876
102	WGN63	1.94383333333335	0.123933599307177	1109	1.70066255015981	2.18700411650688
103	WGN63	1.46783333333335	0.123933599307177	1109	1.22466255015981	1.71100411650688
105	WGN63	1.66975000000001	0.123933599307177	1109	1.42657921682648	1.91292078317355
106	WGN63	1.61523076923078	0.123933599307177	1109	1.37205998605725	1.85840155240432
107	WGN63	1.44857142857144	0.123933599307177	1109	1.20540064539791	1.69174221174498
109	WGN63	1.31250000000001	0.123933599307177	1109	1.06932921682648	1.55567078317355
110	WGN63	1.27367879197117	0.175308047434275	1109	0.92970592723127	1.61765165671106
111	WGN63	1.20536363636365	0.123933599307177	1109	0.96219285319011	1.44853441953718
112	WGN63	1.82650000000001	0.123933599307177	1109	1.58332921682648	2.06967078317355
114	WGN63	1.69262500000001	0.123933599307177	1109	1.44945421682648	1.93579578317355
115	WGN63	1.35453846153847	0.123933599307177	1109	1.11136767836494	1.59770924471201
116	WGN63	1.75850000000001	0.123933599307177	1109	1.51532921682648	2.00167078317355
117	WGN63	1.76441666666668	0.123933599307177	1109	1.52124588349314	2.00758744984021
118	WGN63	1.45344444444446	0.123933599307177	1109	1.21027366127092	1.69661522761799
119	WGN63	1.87277777777779	0.123933599307177	1109	1.62960699460426	2.11594856095133
121	WGN63	2.28677272727274	0.123933599307177	1109	2.0436019440992	2.52994351044627
122	WGN63	1.69700000000001	0.123933599307177	1109	1.45382921682648	1.94017078317355
123	WGN63	1.22285714285716	0.123933599307177	1109	0.979686359683619	1.46602792603069
124	WGN63	2.0629090909091	0.123933599307177	1109	1.81973830773557	2.30607987408264
125	WGN63	1.88478990308228	0.175308047434275	1109	1.54081703834238	2.22876276782217
126	WGN63	1.97050000000001	0.123933599307177	1109	1.72732921682648	2.21367078317355
127	WGN63	1.85250000000001	0.123933599307177	1109	1.60932921682648	2.09567078317355
128	WGN63	2.05314285714287	0.123933599307177	1109	1.80997207396933	2.2963136403164
129	WGN63	1.80550000000001	0.123933599307177	1109	1.56232921682648	2.04867078317355
130	WGN63	1.70681818181819	0.123933599307177	1109	1.46364739864466	1.94998896499173
