plantID3	famID	emmean	SE	df	lower.CL	upper.CL
1	WGN07	7.45000000000156	0.30775543698985	1108	6.84615080292376	8.05384919707936
2	WGN07	8.0999999999989	0.307755436990086	1108	7.49615080292063	8.70384919707716
3	WGN07	7.70000000000002	0.307755436990092	1108	7.09615080292174	8.3038491970783
4	WGN07	8.05000000000012	0.307755436990074	1108	7.44615080292187	8.65384919707836
5	WGN07	8.75000000000011	0.307755436990065	1108	8.14615080292189	9.35384919707833
6	WGN07	6.30000000000002	0.307755436990069	1108	5.69615080292179	6.90384919707825
7	WGN07	7.60000000000002	0.307755436990079	1108	6.99615080292177	8.20384919707827
8	WGN07	8.35000000000002	0.307755436990074	1108	7.74615080292178	8.95384919707826
9	WGN07	8.79999999999998	0.30775543699007	1108	8.19615080292175	9.40384919707821
10	WGN07	6.95	0.307755436990071	1108	6.34615080292176	7.55384919707823
11	WGN07	7.75000000000001	0.307755436990062	1108	7.1461508029218	8.35384919707823
12	WGN07	7.50000000000004	0.307755436990062	1108	6.89615080292182	8.10384919707826
13	WGN07	7.70000000000005	0.307755436990077	1108	7.0961508029218	8.3038491970783
14	WGN07	8.09999999999999	0.30775543699007	1108	7.49615080292176	8.70384919707823
15	WGN07	8.25	0.307755436990077	1108	7.64615080292176	8.85384919707825
16	WGN07	8.05000000000003	0.307755436990077	1108	7.44615080292179	8.65384919707828
17	WGN07	8.10000000000002	0.307755436990076	1108	7.49615080292177	8.70384919707826
18	WGN07	9.05000000000002	0.307755436990069	1108	8.44615080292179	9.65384919707825
20	WGN07	6.90000000000002	0.307755436990066	1108	6.29615080292179	7.50384919707824
21	WGN07	8.45000000000002	0.307755436990077	1108	7.84615080292177	9.05384919707827
22	WGN07	7.35000000000001	0.307755436990078	1108	6.74615080292176	7.95384919707826
23	WGN07	7.85000000000004	0.307755436990076	1108	7.24615080292179	8.45384919707829
24	WGN07	8.35000000000007	0.307755436990077	1108	7.74615080292182	8.95384919707832
25	WGN07	7.35000000000001	0.307755436990076	1108	6.74615080292176	7.95384919707825
26	WGN07	7.7	0.307755436990078	1108	7.09615080292176	8.30384919707825
27	WGN07	9.49999999999997	0.307755436990067	1108	8.89615080292174	10.1038491970782
28	WGN07	7.84999999999998	0.307755436990071	1108	7.24615080292174	8.45384919707821
29	WGN07	7.40000000000001	0.307755436990073	1108	6.79615080292177	8.00384919707825
30	WGN07	7.70000000000002	0.307755436990077	1108	7.09615080292177	8.30384919707826
31	WGN07	7.64999999999997	0.307755436990072	1108	7.04615080292173	8.25384919707821
32	WGN07	7.90000000000002	0.307755436990073	1108	7.29615080292178	8.50384919707826
33	WGN07	7.55000000000002	0.307755436990077	1108	6.94615080292177	8.15384919707826
34	WGN07	8.9	0.30775543699007	1108	8.29615080292176	9.50384919707823
35	WGN07	8.25	0.307755436990077	1108	7.64615080292176	8.85384919707825
36	WGN07	7.34999999999999	0.307755436990079	1108	6.74615080292174	7.95384919707824
37	WGN07	7.10000000000005	0.307755436990075	1108	6.49615080292181	7.70384919707829
38	WGN07	8.09999999999998	0.307755436990071	1108	7.49615080292175	8.70384919707822
39	WGN07	7.10000000000002	0.30775543699007	1108	6.49615080292179	7.70384919707825
40	WGN07	7.10000000000003	0.307755436990072	1108	6.49615080292179	7.70384919707827
41	WGN07	8.24999999999999	0.307755436990074	1108	7.64615080292175	8.85384919707824
42	WGN07	8.30000000000003	0.307755436990079	1108	7.69615080292178	8.90384919707828
44	WGN07	7.45	0.307755436990073	1108	6.84615080292177	8.05384919707824
46	WGN07	7.34999999999999	0.307755436990074	1108	6.74615080292175	7.95384919707824
47	WGN07	7.15	0.307755436990068	1108	6.54615080292178	7.75384919707823
48	WGN07	7.24999999999999	0.307755436990071	1108	6.64615080292175	7.85384919707822
49	WGN07	8.20000000000003	0.307755436990078	1108	7.59615080292178	8.80384919707828
50	WGN07	8.20000000000003	0.307755436990077	1108	7.59615080292178	8.80384919707828
51	WGN07	7.60450856627594	0.435330015425346	1108	6.75034435442765	8.45867277812423
52	WGN07	7.75000000000004	0.307755436990077	1108	7.14615080292179	8.35384919707829
53	WGN07	7.34999999999999	0.307755436990073	1108	6.74615080292175	7.95384919707823
54	WGN07	8.2954914337241	0.435330015425355	1108	7.44132722187579	9.14965564557241
55	WGN07	7.39999999999999	0.307755436990068	1108	6.79615080292176	8.00384919707822
56	WGN07	7.85000000000001	0.307755436990075	1108	7.24615080292177	8.45384919707825
57	WGN07	8.09999999999997	0.307755436990067	1108	7.49615080292174	8.70384919707819
58	WGN07	8.19999999999998	0.307755436990061	1108	7.59615080292176	8.8038491970782
59	WGN07	7.44999999999999	0.307755436990076	1108	6.84615080292175	8.05384919707824
60	WGN07	7.84999999999998	0.307755436990068	1108	7.24615080292175	8.45384919707821
61	WGN07	8.40000000000001	0.307755436990075	1108	7.79615080292177	9.00384919707825
63	WGN07	7.00000000000001	0.307755436990073	1108	6.39615080292177	7.60384919707825
64	WGN07	7.85000000000001	0.307755436990077	1108	7.24615080292176	8.45384919707826
66	WGN07	7.55	0.307755436990075	1108	6.94615080292176	8.15384919707825
67	WGN07	7.75000000000003	0.307755436990078	1108	7.14615080292178	8.35384919707828
68	WGN07	6.94999999999999	0.307755436990074	1108	6.34615080292175	7.55384919707823
69	WGN07	8.64999999999999	0.307755436990074	1108	8.04615080292175	9.25384919707823
71	WGN07	8.80000000000004	0.307755436990075	1108	8.1961508029218	9.40384919707829
73	WGN07	7.29999999999999	0.307755436990069	1108	6.69615080292176	7.90384919707822
74	WGN07	8.44999999999998	0.307755436990074	1108	7.84615080292174	9.05384919707822
75	WGN07	8.10000000000001	0.307755436990073	1108	7.49615080292177	8.70384919707825
76	WGN07	7.15	0.307755436990064	1108	6.54615080292178	7.75384919707823
77	WGN07	7.89999999999996	0.307755436990075	1108	7.29615080292172	8.50384919707821
78	WGN07	8.60000000000002	0.307755436990079	1108	7.99615080292177	9.20384919707827
79	WGN07	8.25	0.307755436990074	1108	7.64615080292175	8.85384919707824
80	WGN07	8.5	0.30775543699008	1108	7.89615080292174	9.10384919707825
81	WGN07	7.05000000000001	0.30775543699007	1108	6.44615080292178	7.65384919707824
82	WGN07	8.09999999999999	0.307755436990078	1108	7.49615080292175	8.70384919707824
83	WGN07	7.70000000000002	0.307755436990072	1108	7.09615080292178	8.30384919707826
84	WGN07	8.39999999999997	0.307755436990063	1108	7.79615080292175	9.00384919707819
85	WGN07	8	0.307755436990089	1108	7.39615080292173	8.60384919707827
86	WGN07	8.25	0.307755436990069	1108	7.64615080292177	8.85384919707823
87	WGN07	7.80000000000001	0.307755436990071	1108	7.19615080292178	8.40384919707825
88	WGN07	7.40000000000002	0.307755436990065	1108	6.7961508029218	8.00384919707825
89	WGN07	8.19999999999997	0.307755436990069	1108	7.59615080292174	8.8038491970782
90	WGN07	8.19999999999999	0.307755436990066	1108	7.59615080292176	8.80384919707822
91	WGN07	8.94999999999997	0.307755436990071	1108	8.34615080292173	9.5538491970782
92	WGN07	8.05000000000001	0.307755436990068	1108	7.44615080292178	8.65384919707824
93	WGN07	7.59999999999999	0.307755436990076	1108	6.99615080292175	8.20384919707824
94	WGN07	7.64999999999999	0.30775543699008	1108	7.04615080292174	8.25384919707824
95	WGN07	7.99999999999999	0.307755436990069	1108	7.39615080292176	8.60384919707822
96	WGN07	8.05	0.307755436990067	1108	7.44615080292177	8.65384919707822
97	WGN07	8.35	0.307755436990078	1108	7.74615080292175	8.95384919707825
98	WGN07	8.04999999999999	0.307755436990075	1108	7.44615080292175	8.65384919707823
99	WGN07	8.74999999999996	0.30775543699007	1108	8.14615080292173	9.3538491970782
100	WGN07	7.55000000000002	0.307755436990069	1108	6.94615080292179	8.15384919707825
101	WGN07	8.65000000000001	0.307755436990072	1108	8.04615080292177	9.25384919707825
102	WGN07	8.6	0.307755436990074	1108	7.99615080292176	9.20384919707825
103	WGN07	7.75	0.307755436990074	1108	7.14615080292176	8.35384919707824
104	WGN07	7.64999999999997	0.307755436990065	1108	7.04615080292175	8.2538491970782
105	WGN07	7.8	0.307755436990073	1108	7.19615080292176	8.40384919707824
106	WGN07	8.25000000000002	0.307755436990073	1108	7.64615080292178	8.85384919707826
107	WGN07	8.35	0.307755436990072	1108	7.74615080292176	8.95384919707823
108	WGN07	7.85000000000003	0.307755436990063	1108	7.24615080292181	8.45384919707825
109	WGN07	8.35	0.307755436990077	1108	7.74615080292175	8.95384919707825
110	WGN07	8.04999999999999	0.307755436990073	1108	7.44615080292175	8.65384919707823
111	WGN07	8.4	0.30775543699007	1108	7.79615080292176	9.00384919707823
112	WGN07	8.2	0.307755436990077	1108	7.59615080292175	8.80384919707825
113	WGN07	7.64999999999997	0.307755436990077	1108	7.04615080292172	8.25384919707822
114	WGN07	6.9	0.307755436990077	1108	6.29615080292175	7.50384919707824
115	WGN07	8.45000000000002	0.307755436990077	1108	7.84615080292177	9.05384919707827
116	WGN07	8.24999999999999	0.307755436990074	1108	7.64615080292175	8.85384919707824
117	WGN07	7.39999999999998	0.307755436990067	1108	6.79615080292176	8.00384919707821
118	WGN07	8.14999999999993	0.307755436990078	1108	7.54615080292168	8.75384919707818
119	WGN07	7.70000000000001	0.307755436990073	1108	7.09615080292177	8.30384919707825
120	WGN07	7.45	0.307755436990074	1108	6.84615080292176	8.05384919707824
121	WGN07	6.95000000000001	0.307755436990069	1108	6.34615080292177	7.55384919707824
122	WGN07	6.90450856627593	0.43533001542535	1108	6.05034435442763	7.75867277812423
123	WGN07	7.2	0.307755436990072	1108	6.59615080292177	7.80384919707824
124	WGN07	8.40000000000001	0.307755436990066	1108	7.79615080292179	9.00384919707824
125	WGN07	8	0.307755436990072	1108	7.39615080292177	8.60384919707824
126	WGN07	7.89999999999999	0.307755436990063	1108	7.29615080292177	8.50384919707821
127	WGN07	9.00000000000001	0.307755436990073	1108	8.39615080292177	9.60384919707825
128	WGN07	7.34999999999999	0.307755436990071	1108	6.74615080292176	7.95384919707823
129	WGN07	8.3	0.307755436990068	1108	7.69615080292177	8.90384919707823
130	WGN07	7.90000000000001	0.307755436990072	1108	7.29615080292177	8.50384919707824
1	WGN15	9.34999999999993	0.307755436990041	1108	8.74615080292176	9.95384919707811
2	WGN15	8.19999999999984	0.307755436990072	1108	7.5961508029216	8.80384919707808
3	WGN15	8.19999999999978	0.307755436990075	1108	7.59615080292154	8.80384919707802
4	WGN15	8.44999999999986	0.307755436990064	1108	7.84615080292163	9.05384919707808
5	WGN15	9.19999999999981	0.30775543699007	1108	8.59615080292157	9.80384919707804
7	WGN15	8.69999999999979	0.307755436990076	1108	8.09615080292154	9.30384919707803
8	WGN15	9.4499999999998	0.307755436990068	1108	8.84615080292157	10.053849197078
9	WGN15	9.34999999999982	0.307755436990084	1108	8.74615080292156	9.95384919707808
10	WGN15	8.74999999999978	0.307755436990079	1108	8.14615080292153	9.35384919707803
11	WGN15	8.69999999999976	0.307755436990077	1108	8.09615080292151	9.30384919707801
12	WGN15	9.24999999999984	0.307755436990065	1108	8.64615080292161	9.85384919707806
13	WGN15	10.0999999999998	0.307755436990071	1108	9.49615080292156	10.703849197078
14	WGN15	8.84999999999981	0.30775543699007	1108	8.24615080292158	9.45384919707804
15	WGN15	8.99999999999979	0.30775543699008	1108	8.39615080292153	9.60384919707804
16	WGN15	8.14999999999984	0.307755436990068	1108	7.54615080292161	8.75384919707807
17	WGN15	8.80450856627577	0.435330015425339	1108	7.95034435442749	9.65867277812405
18	WGN15	8.54999999999984	0.307755436990071	1108	7.94615080292161	9.15384919707808
19	WGN15	8.59999999999981	0.307755436990075	1108	7.99615080292156	9.20384919707805
20	WGN15	8.34999999999982	0.307755436990069	1108	7.74615080292159	8.95384919707805
21	WGN15	9.34999999999979	0.307755436990072	1108	8.74615080292156	9.95384919707803
22	WGN15	8.84999999999979	0.30775543699008	1108	8.24615080292154	9.45384919707804
23	WGN15	8.79999999999983	0.307755436990066	1108	8.1961508029216	9.40384919707806
24	WGN15	6.50450856627589	0.435330015425341	1108	5.6503443544276	7.35867277812417
25	WGN15	8.9499999999998	0.307755436990071	1108	8.34615080292156	9.55384919707803
26	WGN15	8.29999999999979	0.307755436990075	1108	7.69615080292155	8.90384919707803
27	WGN15	8.09999999999978	0.307755436990076	1108	7.49615080292154	8.70384919707802
28	WGN15	8.59999999999982	0.30775543699007	1108	7.99615080292159	9.20384919707806
29	WGN15	8.84999999999977	0.307755436990078	1108	8.24615080292152	9.45384919707802
30	WGN15	8.6499999999998	0.307755436990074	1108	8.04615080292156	9.25384919707805
31	WGN15	9.10450856627574	0.435330015425346	1108	8.25034435442745	9.95867277812404
32	WGN15	9.84999999999981	0.307755436990073	1108	9.24615080292157	10.453849197078
33	WGN15	8.64999999999981	0.30775543699007	1108	8.04615080292158	9.25384919707804
34	WGN15	8.29999999999978	0.307755436990075	1108	7.69615080292154	8.90384919707802
35	WGN15	8.54999999999981	0.307755436990075	1108	7.94615080292156	9.15384919707805
36	WGN15	8.49999999999982	0.307755436990072	1108	7.89615080292158	9.10384919707806
37	WGN15	9.04999999999982	0.307755436990067	1108	8.4461508029216	9.65384919707805
38	WGN15	6.64999999999979	0.307755436990074	1108	6.04615080292155	7.25384919707803
39	WGN15	8.69999999999979	0.307755436990071	1108	8.09615080292155	9.30384919707802
40	WGN15	8.44999999999981	0.307755436990074	1108	7.84615080292157	9.05384919707805
41	WGN15	9.4999999999998	0.307755436990083	1108	8.89615080292154	10.1038491970781
43	WGN15	8.39999999999977	0.307755436990079	1108	7.79615080292152	9.00384919707802
44	WGN15	8.14999999999977	0.30775543699008	1108	7.54615080292152	8.75384919707803
45	WGN15	9.8999999999998	0.307755436990074	1108	9.29615080292156	10.503849197078
46	WGN15	8.04999999999981	0.307755436990072	1108	7.44615080292157	8.65384919707805
47	WGN15	8.2499999999998	0.307755436990076	1108	7.64615080292155	8.85384919707804
48	WGN15	8.79999999999982	0.307755436990073	1108	8.19615080292158	9.40384919707805
50	WGN15	9.94999999999973	0.307755436990075	1108	9.34615080292149	10.553849197078
51	WGN15	8.04999999999979	0.307755436990071	1108	7.44615080292156	8.65384919707803
52	WGN15	8.14999999999982	0.307755436990071	1108	7.54615080292159	8.75384919707806
53	WGN15	8.44999999999975	0.307755436990082	1108	7.84615080292149	9.05384919707801
54	WGN15	8.50450856627574	0.435330015425355	1108	7.65034435442743	9.35867277812405
55	WGN15	9.09999999999981	0.30775543699007	1108	8.49615080292157	9.70384919707804
56	WGN15	8.29999999999979	0.307755436990074	1108	7.69615080292155	8.90384919707803
57	WGN15	8.19999999999979	0.307755436990071	1108	7.59615080292156	8.80384919707803
58	WGN15	8.14999999999981	0.307755436990073	1108	7.54615080292157	8.75384919707805
59	WGN15	8.44999999999982	0.307755436990073	1108	7.84615080292158	9.05384919707805
60	WGN15	8.29999999999982	0.307755436990069	1108	7.69615080292159	8.90384919707805
61	WGN15	9.09999999999984	0.30775543699007	1108	8.4961508029216	9.70384919707807
62	WGN15	9.39999999999981	0.307755436990072	1108	8.79615080292157	10.003849197078
63	WGN15	8.3999999999998	0.307755436990073	1108	7.79615080292157	9.00384919707804
64	WGN15	7.64999999999983	0.307755436990069	1108	7.0461508029216	8.25384919707806
65	WGN15	8.14999999999982	0.307755436990072	1108	7.54615080292159	8.75384919707806
66	WGN15	7.89999999999979	0.307755436990074	1108	7.29615080292155	8.50384919707803
67	WGN15	8.84999999999981	0.307755436990073	1108	8.24615080292157	9.45384919707805
69	WGN15	8.6499999999998	0.307755436990072	1108	8.04615080292156	9.25384919707803
70	WGN15	8.1499999999998	0.307755436990074	1108	7.54615080292156	8.75384919707804
71	WGN15	8.59999999999981	0.307755436990069	1108	7.99615080292158	9.20384919707804
72	WGN15	8.80450856627574	0.435330015425346	1108	7.95034435442744	9.65867277812403
73	WGN15	8.8999999999998	0.307755436990079	1108	8.29615080292155	9.50384919707805
74	WGN15	9.0999999999998	0.307755436990071	1108	8.49615080292157	9.70384919707804
75	WGN15	9.20450856627571	0.435330015425345	1108	8.35034435442742	10.058672778124
77	WGN15	8.04999999999983	0.307755436990068	1108	7.4461508029216	8.65384919707806
78	WGN15	7.74999999999979	0.307755436990072	1108	7.14615080292156	8.35384919707803
79	WGN15	8.69999999999977	0.307755436990078	1108	8.09615080292152	9.30384919707802
80	WGN15	8.79999999999979	0.307755436990075	1108	8.19615080292155	9.40384919707803
81	WGN15	9.1999999999998	0.307755436990075	1108	8.59615080292156	9.80384919707804
82	WGN15	8.04999999999981	0.307755436990074	1108	7.44615080292157	8.65384919707805
83	WGN15	8.94999999999982	0.307755436990073	1108	8.34615080292158	9.55384919707806
84	WGN15	8.29999999999977	0.307755436990074	1108	7.69615080292153	8.90384919707802
85	WGN15	9.2999999999998	0.307755436990071	1108	8.69615080292157	9.90384919707804
86	WGN15	8.54999999999981	0.307755436990072	1108	7.94615080292157	9.15384919707805
87	WGN15	8.7499999999998	0.307755436990074	1108	8.14615080292156	9.35384919707804
88	WGN15	8.79999999999986	0.30775543699007	1108	8.19615080292163	9.4038491970781
89	WGN15	8.74999999999981	0.307755436990073	1108	8.14615080292157	9.35384919707805
90	WGN15	8.94999999999979	0.307755436990067	1108	8.34615080292156	9.55384919707802
91	WGN15	7.94999999999978	0.307755436990075	1108	7.34615080292154	8.55384919707802
92	WGN15	8.74999999999976	0.30775543699008	1108	8.14615080292151	9.35384919707802
93	WGN15	8.6999999999998	0.307755436990073	1108	8.09615080292156	9.30384919707804
94	WGN15	8.29999999999982	0.307755436990071	1108	7.69615080292159	8.90384919707806
95	WGN15	8.49999999999979	0.307755436990069	1108	7.89615080292156	9.10384919707802
96	WGN15	8.5999999999998	0.307755436990073	1108	7.99615080292157	9.20384919707804
97	WGN15	8.44999999999979	0.307755436990073	1108	7.84615080292155	9.05384919707803
98	WGN15	8.9999999999998	0.307755436990071	1108	8.39615080292157	9.60384919707804
99	WGN15	8.5999999999998	0.30775543699007	1108	7.99615080292157	9.20384919707803
100	WGN15	8.84999999999983	0.307755436990074	1108	8.24615080292159	9.45384919707807
101	WGN15	9.04999999999979	0.307755436990073	1108	8.44615080292155	9.65384919707803
102	WGN15	8.29999999999981	0.307755436990078	1108	7.69615080292156	8.90384919707806
103	WGN15	8.44999999999981	0.307755436990072	1108	7.84615080292157	9.05384919707804
104	WGN15	8.8499999999998	0.307755436990072	1108	8.24615080292157	9.45384919707804
106	WGN15	7.4499999999998	0.307755436990073	1108	6.84615080292156	8.05384919707804
107	WGN15	9.5999999999998	0.307755436990076	1108	8.99615080292156	10.203849197078
108	WGN15	10.1999999999998	0.307755436990075	1108	9.59615080292158	10.8038491970781
109	WGN15	8.99999999999982	0.307755436990071	1108	8.39615080292158	9.60384919707805
110	WGN15	8.19999999999978	0.307755436990074	1108	7.59615080292154	8.80384919707802
111	WGN15	9.94999999999979	0.307755436990071	1108	9.34615080292156	10.553849197078
112	WGN15	8.94999999999979	0.307755436990074	1108	8.34615080292155	9.55384919707803
113	WGN15	9.19999999999982	0.307755436990073	1108	8.59615080292158	9.80384919707806
114	WGN15	10.3999999999998	0.307755436990071	1108	9.79615080292155	11.003849197078
115	WGN15	7.5999999999998	0.307755436990072	1108	6.99615080292156	8.20384919707803
116	WGN15	8.3999999999998	0.307755436990071	1108	7.79615080292157	9.00384919707804
117	WGN15	8.0999999999998	0.307755436990076	1108	7.49615080292155	8.70384919707804
118	WGN15	8.39999999999981	0.307755436990075	1108	7.79615080292157	9.00384919707806
119	WGN15	9.0999999999998	0.307755436990071	1108	8.49615080292156	9.70384919707803
120	WGN15	9.5999999999998	0.307755436990073	1108	8.99615080292157	10.203849197078
121	WGN15	8.7499999999998	0.30775543699007	1108	8.14615080292157	9.35384919707804
122	WGN15	8.69999999999983	0.307755436990072	1108	8.09615080292159	9.30384919707807
123	WGN15	8.69999999999979	0.307755436990073	1108	8.09615080292155	9.30384919707803
124	WGN15	8.04999999999979	0.307755436990073	1108	7.44615080292155	8.65384919707803
125	WGN15	7.9999999999998	0.307755436990073	1108	7.39615080292156	8.60384919707804
126	WGN15	8.6999999999998	0.307755436990074	1108	8.09615080292156	9.30384919707805
127	WGN15	8.9499999999998	0.307755436990073	1108	8.34615080292156	9.55384919707804
128	WGN15	8.69999999999979	0.307755436990074	1108	8.09615080292155	9.30384919707803
129	WGN15	8.24999999999979	0.307755436990076	1108	7.64615080292154	8.85384919707803
130	WGN15	8.69999999999981	0.307755436990075	1108	8.09615080292156	9.30384919707805
3	WGN26	8.45000000000019	0.30775543699007	1108	7.84615080292195	9.05384919707842
4	WGN26	10.1500000000002	0.307755436990076	1108	9.54615080292195	10.7538491970784
5	WGN26	8.80000000000019	0.307755436990071	1108	8.19615080292195	9.40384919707842
6	WGN26	8.70000000000019	0.30775543699007	1108	8.09615080292195	9.30384919707842
7	WGN26	9.45000000000017	0.307755436990082	1108	8.84615080292191	10.0538491970784
9	WGN26	7.85000000000019	0.30775543699007	1108	7.24615080292196	8.45384919707843
10	WGN26	10.0500000000002	0.307755436990076	1108	9.44615080292195	10.6538491970784
11	WGN26	9.70450856627612	0.435330015425358	1108	8.8503443544278	10.5586727781244
12	WGN26	10.2000000000002	0.307755436990072	1108	9.59615080292195	10.8038491970784
13	WGN26	9.65000000000018	0.307755436990076	1108	9.04615080292194	10.2538491970784
14	WGN26	9.70000000000018	0.307755436990078	1108	9.09615080292193	10.3038491970784
15	WGN26	8.15000000000021	0.307755436990067	1108	7.54615080292198	8.75384919707843
17	WGN26	9.75000000000018	0.307755436990073	1108	9.14615080292194	10.3538491970784
18	WGN26	9.60450856627611	0.435330015425353	1108	8.7503443544278	10.4586727781244
19	WGN26	8.89549143372427	0.435330015425346	1108	8.04132722187597	9.74965564557256
20	WGN26	10.3045085662761	0.435330015425349	1108	9.45034435442776	11.1586727781244
21	WGN26	9.00000000000018	0.307755436990072	1108	8.39615080292194	9.60384919707841
22	WGN26	8.85000000000017	0.30775543699007	1108	8.24615080292193	9.4538491970784
23	WGN26	9.40000000000018	0.307755436990075	1108	8.79615080292193	10.0038491970784
25	WGN26	8.75000000000016	0.307755436990075	1108	8.14615080292191	9.3538491970784
26	WGN26	10.1500000000002	0.307755436990075	1108	9.54615080292195	10.7538491970784
27	WGN26	10.0500000000002	0.307755436990069	1108	9.44615080292193	10.6538491970784
28	WGN26	10.4500000000002	0.307755436990076	1108	9.84615080292195	11.0538491970784
29	WGN26	9.10000000000017	0.307755436990074	1108	8.49615080292193	9.70384919707841
30	WGN26	9.15000000000016	0.307755436990075	1108	8.54615080292191	9.7538491970784
31	WGN26	9.20000000000016	0.30775543699008	1108	8.5961508029219	9.80384919707841
32	WGN26	8.85000000000017	0.307755436990074	1108	8.24615080292193	9.45384919707841
33	WGN26	9.90450856627611	0.435330015425353	1108	9.0503443544278	10.7586727781244
34	WGN26	9.75000000000018	0.307755436990073	1108	9.14615080292194	10.3538491970784
35	WGN26	9.70000000000017	0.307755436990071	1108	9.09615080292193	10.3038491970784
36	WGN26	10.3000000000002	0.307755436990074	1108	9.69615080292193	10.9038491970784
38	WGN26	9.55000000000018	0.307755436990073	1108	8.94615080292194	10.1538491970784
39	WGN26	9.85000000000018	0.307755436990074	1108	9.24615080292194	10.4538491970784
40	WGN26	9.75000000000017	0.307755436990075	1108	9.14615080292193	10.3538491970784
41	WGN26	9.49549143372425	0.435330015425344	1108	8.64132722187596	10.3496556455725
42	WGN26	10.4000000000002	0.307755436990071	1108	9.79615080292193	11.0038491970784
43	WGN26	8.15000000000021	0.307755436990069	1108	7.54615080292198	8.75384919707844
44	WGN26	10.7000000000002	0.307755436990077	1108	10.096150802922	11.3038491970785
45	WGN26	10.2500000000002	0.307755436990069	1108	9.64615080292192	10.8538491970784
46	WGN26	10.2500000000002	0.30775543699007	1108	9.64615080292193	10.8538491970784
47	WGN26	8.50000000000018	0.307755436990071	1108	7.89615080292194	9.10384919707841
48	WGN26	10.4000000000002	0.30775543699007	1108	9.79615080292192	11.0038491970784
49	WGN26	9.45000000000018	0.307755436990071	1108	8.84615080292194	10.0538491970784
50	WGN26	10.2000000000002	0.307755436990071	1108	9.59615080292195	10.8038491970784
51	WGN26	8.65000000000018	0.307755436990071	1108	8.04615080292195	9.25384919707842
52	WGN26	8.80000000000017	0.307755436990074	1108	8.19615080292193	9.40384919707841
53	WGN26	9.10000000000017	0.30775543699007	1108	8.49615080292194	9.70384919707841
54	WGN26	8.80000000000017	0.307755436990074	1108	8.19615080292193	9.40384919707841
55	WGN26	8.79549143372428	0.435330015425345	1108	7.94132722187599	9.64965564557257
56	WGN26	9.45000000000017	0.307755436990072	1108	8.84615080292193	10.0538491970784
57	WGN26	8.70000000000016	0.307755436990075	1108	8.09615080292192	9.3038491970784
58	WGN26	10.0500000000002	0.307755436990071	1108	9.44615080292193	10.6538491970784
59	WGN26	9.79549143372424	0.43533001542535	1108	8.94132722187594	10.6496556455725
60	WGN26	8.4500000000002	0.30775543699007	1108	7.84615080292197	9.05384919707844
61	WGN26	9.30000000000017	0.307755436990071	1108	8.69615080292194	9.90384919707841
62	WGN26	9.40000000000019	0.307755436990074	1108	8.79615080292195	10.0038491970784
64	WGN26	8.55000000000017	0.307755436990072	1108	7.94615080292193	9.15384919707841
65	WGN26	10.2000000000002	0.30775543699007	1108	9.59615080292195	10.8038491970784
66	WGN26	9.50000000000016	0.307755436990072	1108	8.89615080292192	10.1038491970784
67	WGN26	9.10000000000018	0.307755436990071	1108	8.49615080292194	9.70384919707842
68	WGN26	9.70000000000018	0.307755436990074	1108	9.09615080292193	10.3038491970784
69	WGN26	8.45000000000019	0.307755436990069	1108	7.84615080292196	9.05384919707842
70	WGN26	9.20000000000017	0.307755436990072	1108	8.59615080292193	9.80384919707841
71	WGN26	9.80000000000018	0.307755436990072	1108	9.19615080292194	10.4038491970784
73	WGN26	9.85000000000016	0.307755436990069	1108	9.24615080292193	10.4538491970784
74	WGN26	9.55000000000016	0.307755436990073	1108	8.94615080292192	10.1538491970784
75	WGN26	10.6000000000002	0.307755436990075	1108	9.99615080292194	11.2038491970784
76	WGN26	8.95000000000018	0.307755436990069	1108	8.34615080292195	9.55384919707841
77	WGN26	8.99549143372425	0.435330015425356	1108	8.14132722187593	9.84965564557256
78	WGN26	9.60000000000018	0.307755436990072	1108	8.99615080292194	10.2038491970784
79	WGN26	9.6045085662761	0.435330015425352	1108	8.7503443544278	10.4586727781244
80	WGN26	8.85000000000017	0.307755436990074	1108	8.24615080292193	9.45384919707841
81	WGN26	8.55000000000017	0.307755436990073	1108	7.94615080292193	9.15384919707841
82	WGN26	8.75000000000017	0.307755436990075	1108	8.14615080292192	9.35384919707841
83	WGN26	9.20000000000017	0.30775543699007	1108	8.59615080292193	9.8038491970784
85	WGN26	9.59549143372425	0.435330015425363	1108	8.74132722187593	10.4496556455726
86	WGN26	8.29549143372424	0.435330015425348	1108	7.44132722187594	9.14965564557253
87	WGN26	9.05000000000018	0.307755436990073	1108	8.44615080292194	9.65384919707842
88	WGN26	8.4500000000002	0.307755436990068	1108	7.84615080292197	9.05384919707843
89	WGN26	10.0000000000002	0.307755436990073	1108	9.39615080292193	10.6038491970784
90	WGN26	8.70000000000017	0.307755436990071	1108	8.09615080292194	9.30384919707841
91	WGN26	8.75000000000017	0.307755436990074	1108	8.14615080292192	9.35384919707841
92	WGN26	8.70000000000017	0.307755436990072	1108	8.09615080292193	9.30384919707841
93	WGN26	9.00000000000017	0.307755436990072	1108	8.39615080292193	9.60384919707841
94	WGN26	9.15000000000017	0.307755436990071	1108	8.54615080292194	9.75384919707841
95	WGN26	9.90000000000016	0.307755436990075	1108	9.29615080292192	10.5038491970784
96	WGN26	9.30000000000017	0.307755436990073	1108	8.69615080292193	9.90384919707841
97	WGN26	8.80000000000017	0.307755436990069	1108	8.19615080292194	9.4038491970784
98	WGN26	9.65000000000018	0.307755436990074	1108	9.04615080292194	10.2538491970784
99	WGN26	10.5000000000002	0.307755436990072	1108	9.89615080292193	11.1038491970784
101	WGN26	8.45000000000018	0.307755436990072	1108	7.84615080292194	9.05384919707841
102	WGN26	9.30000000000018	0.307755436990073	1108	8.69615080292194	9.90384919707842
103	WGN26	10.0500000000002	0.307755436990074	1108	9.44615080292193	10.6538491970784
104	WGN26	9.75000000000018	0.307755436990072	1108	9.14615080292194	10.3538491970784
105	WGN26	9.10000000000018	0.307755436990072	1108	8.49615080292195	9.70384919707842
106	WGN26	9.65000000000018	0.307755436990072	1108	9.04615080292194	10.2538491970784
108	WGN26	10.0500000000002	0.307755436990074	1108	9.44615080292194	10.6538491970784
109	WGN26	9.65000000000018	0.307755436990071	1108	9.04615080292194	10.2538491970784
111	WGN26	10.7000000000002	0.307755436990071	1108	10.0961508029219	11.3038491970784
112	WGN26	8.90000000000016	0.30775543699007	1108	8.29615080292193	9.5038491970784
113	WGN26	7.55000000000018	0.307755436990072	1108	6.94615080292194	8.15384919707842
115	WGN26	9.40000000000018	0.307755436990075	1108	8.79615080292193	10.0038491970784
116	WGN26	7.65000000000018	0.307755436990073	1108	7.04615080292194	8.25384919707842
117	WGN26	8.89549143372425	0.435330015425347	1108	8.04132722187595	9.74965564557254
118	WGN26	8.85000000000015	0.307755436990075	1108	8.24615080292191	9.4538491970784
119	WGN26	8.95000000000017	0.307755436990073	1108	8.34615080292193	9.55384919707841
121	WGN26	7.95000000000016	0.307755436990075	1108	7.34615080292192	8.5538491970784
122	WGN26	10.3500000000002	0.307755436990072	1108	9.74615080292194	10.9538491970784
123	WGN26	8.60000000000017	0.307755436990072	1108	7.99615080292193	9.2038491970784
125	WGN26	9.20000000000018	0.307755436990072	1108	8.59615080292194	9.80384919707842
127	WGN26	8.90000000000017	0.307755436990073	1108	8.29615080292194	9.50384919707841
128	WGN26	10.4500000000002	0.307755436990073	1108	9.84615080292194	11.0538491970784
129	WGN26	8.50450856627611	0.435330015425354	1108	7.6503443544278	9.35867277812442
130	WGN26	9.44999999999977	0.307755436990113	1108	8.84615080292145	10.0538491970781
1	WGN36	8.89999999999979	0.307755436990063	1108	8.29615080292157	9.50384919707801
2	WGN36	7.99999999999995	0.307755436990071	1108	7.39615080292172	8.60384919707819
4	WGN36	8.64999999999995	0.307755436990077	1108	8.04615080292171	9.2538491970782
5	WGN36	8.84999999999996	0.307755436990067	1108	8.24615080292173	9.45384919707818
6	WGN36	10.1	0.307755436990076	1108	9.49615080292174	10.7038491970782
7	WGN36	9.54999999999996	0.307755436990074	1108	8.94615080292171	10.1538491970782
8	WGN36	9.04999999999996	0.307755436990069	1108	8.44615080292173	9.65384919707819
9	WGN36	8.70450856627589	0.435330015425348	1108	7.85034435442759	9.55867277812419
10	WGN36	8.79999999999995	0.307755436990074	1108	8.19615080292171	9.40384919707819
11	WGN36	8.54999999999996	0.307755436990071	1108	7.94615080292173	9.1538491970782
12	WGN36	9.00450856627587	0.43533001542536	1108	8.15034435442755	9.85867277812419
13	WGN36	8.94999999999995	0.307755436990064	1108	8.34615080292173	9.55384919707817
14	WGN36	8.79999999999995	0.307755436990069	1108	8.19615080292172	9.40384919707819
15	WGN36	9.34999999999997	0.307755436990077	1108	8.74615080292172	9.95384919707821
16	WGN36	8.59999999999998	0.307755436990067	1108	7.99615080292175	9.20384919707821
17	WGN36	8.59999999999994	0.307755436990073	1108	7.99615080292171	9.20384919707818
18	WGN36	8.84999999999996	0.307755436990073	1108	8.24615080292172	9.4538491970782
19	WGN36	8.24999999999994	0.307755436990075	1108	7.64615080292169	8.85384919707818
20	WGN36	8.99999999999996	0.307755436990076	1108	8.39615080292171	9.6038491970782
21	WGN36	8.89999999999995	0.307755436990072	1108	8.29615080292172	9.50384919707819
22	WGN36	9.24999999999996	0.307755436990076	1108	8.64615080292171	9.8538491970782
23	WGN36	8.94999999999995	0.307755436990064	1108	8.34615080292173	9.55384919707817
24	WGN36	7.99999999999995	0.307755436990072	1108	7.39615080292172	8.60384919707819
26	WGN36	9.24999999999994	0.307755436990071	1108	8.6461508029217	9.85384919707817
27	WGN36	8.69999999999996	0.307755436990069	1108	8.09615080292173	9.30384919707819
28	WGN36	8.89999999999996	0.307755436990072	1108	8.29615080292173	9.5038491970782
30	WGN36	9.34999999999997	0.307755436990075	1108	8.74615080292173	9.95384919707822
31	WGN36	9.79999999999996	0.307755436990074	1108	9.19615080292172	10.4038491970782
32	WGN36	8.05	0.307755436990065	1108	7.44615080292177	8.65384919707822
33	WGN36	8.49999999999995	0.307755436990074	1108	7.89615080292171	9.10384919707819
34	WGN36	8.54999999999996	0.30775543699007	1108	7.94615080292173	9.15384919707819
35	WGN36	8.79999999999998	0.307755436990072	1108	8.19615080292174	9.40384919707821
36	WGN36	8.69999999999997	0.307755436990067	1108	8.09615080292174	9.3038491970782
37	WGN36	9.50450856627588	0.435330015425352	1108	8.65034435442757	10.3586727781242
38	WGN36	7.60450856627587	0.435330015425354	1108	6.75034435442756	8.45867277812418
39	WGN36	8.49999999999996	0.307755436990072	1108	7.89615080292172	9.10384919707819
40	WGN36	8.64999999999996	0.307755436990074	1108	8.04615080292171	9.2538491970782
41	WGN36	8.74999999999995	0.307755436990073	1108	8.14615080292171	9.35384919707819
42	WGN36	8.99999999999996	0.30775543699007	1108	8.39615080292172	9.60384919707819
43	WGN36	8.64999999999996	0.307755436990072	1108	8.04615080292172	9.25384919707819
44	WGN36	8.54999999999995	0.307755436990074	1108	7.94615080292171	9.15384919707819
45	WGN36	9.29999999999996	0.307755436990074	1108	8.69615080292172	9.9038491970782
46	WGN36	9.04999999999996	0.307755436990074	1108	8.44615080292171	9.6538491970782
47	WGN36	8.29999999999996	0.307755436990071	1108	7.69615080292173	8.9038491970782
48	WGN36	9.09999999999996	0.307755436990071	1108	8.49615080292172	9.70384919707819
49	WGN36	9.24999999999995	0.307755436990073	1108	8.64615080292172	9.85384919707819
51	WGN36	7.94999999999996	0.307755436990071	1108	7.34615080292173	8.5538491970782
52	WGN36	8.94999999999995	0.30775543699007	1108	8.34615080292172	9.55384919707819
53	WGN36	8.49999999999996	0.307755436990073	1108	7.89615080292172	9.10384919707819
54	WGN36	8.64999999999996	0.307755436990071	1108	8.04615080292172	9.25384919707819
55	WGN36	8.39999999999995	0.307755436990074	1108	7.7961508029217	9.00384919707819
56	WGN36	8.79999999999995	0.307755436990073	1108	8.19615080292172	9.40384919707819
57	WGN36	8.49999999999996	0.307755436990072	1108	7.89615080292172	9.10384919707819
58	WGN36	7.84999999999996	0.307755436990072	1108	7.24615080292172	8.45384919707819
59	WGN36	9.09999999999995	0.307755436990071	1108	8.49615080292172	9.70384919707819
60	WGN36	7.59999999999997	0.307755436990071	1108	6.99615080292173	8.2038491970782
62	WGN36	8.74999999999996	0.307755436990072	1108	8.14615080292172	9.3538491970782
64	WGN36	8.49999999999995	0.307755436990074	1108	7.89615080292171	9.10384919707819
65	WGN36	8.84999999999995	0.307755436990073	1108	8.24615080292171	9.45384919707819
66	WGN36	10.25	0.307755436990074	1108	9.64615080292173	10.8538491970782
68	WGN36	9.49999999999996	0.307755436990073	1108	8.89615080292172	10.1038491970782
69	WGN36	9.09999999999996	0.307755436990073	1108	8.49615080292171	9.7038491970782
70	WGN36	8.04999999999995	0.307755436990073	1108	7.44615080292171	8.65384919707819
71	WGN36	8.79999999999995	0.307755436990072	1108	8.19615080292172	9.40384919707819
72	WGN36	10.7499999999999	0.307755436990072	1108	10.1461508029217	11.3538491970782
74	WGN36	9.74999999999995	0.307755436990071	1108	9.14615080292171	10.3538491970782
75	WGN36	9.04999999999996	0.307755436990073	1108	8.44615080292172	9.65384919707819
76	WGN36	7.99999999999996	0.307755436990072	1108	7.39615080292172	8.6038491970782
77	WGN36	8.59999999999996	0.307755436990071	1108	7.99615080292172	9.2038491970782
78	WGN36	9.24999999999995	0.307755436990072	1108	8.64615080292171	9.85384919707819
79	WGN36	9.64999999999996	0.307755436990072	1108	9.04615080292172	10.2538491970782
80	WGN36	8.49999999999996	0.307755436990071	1108	7.89615080292172	9.10384919707819
81	WGN36	9.04999999999996	0.307755436990073	1108	8.44615080292172	9.65384919707819
82	WGN36	8.89999999999995	0.307755436990071	1108	8.29615080292172	9.50384919707819
83	WGN36	8.74999999999995	0.307755436990072	1108	8.14615080292172	9.35384919707819
84	WGN36	8.19999999999996	0.307755436990072	1108	7.59615080292172	8.80384919707819
85	WGN36	8.54999999999996	0.307755436990072	1108	7.94615080292172	9.15384919707819
86	WGN36	9.29999999999995	0.307755436990071	1108	8.69615080292171	9.90384919707818
87	WGN36	8.19999999999996	0.307755436990072	1108	7.59615080292172	8.8038491970782
88	WGN36	8.99999999999995	0.307755436990073	1108	8.39615080292172	9.60384919707819
89	WGN36	7.94999999999994	0.307755436990075	1108	7.3461508029217	8.55384919707818
90	WGN36	7.04999999999996	0.307755436990072	1108	6.44615080292172	7.6538491970782
92	WGN36	8.09999999999996	0.307755436990072	1108	7.49615080292172	8.7038491970782
93	WGN36	10.55	0.307755436990072	1108	9.94615080292172	11.1538491970782
94	WGN36	9.29999999999995	0.307755436990073	1108	8.69615080292171	9.90384919707819
95	WGN36	8.49999999999996	0.307755436990075	1108	7.89615080292171	9.1038491970782
96	WGN36	9.94999999999995	0.307755436990072	1108	9.34615080292171	10.5538491970782
97	WGN36	8.59999999999995	0.307755436990074	1108	7.99615080292171	9.20384919707819
98	WGN36	7.79999999999995	0.307755436990073	1108	7.19615080292171	8.40384919707819
99	WGN36	7.39999999999996	0.307755436990073	1108	6.79615080292172	8.00384919707819
100	WGN36	8.19999999999996	0.307755436990073	1108	7.59615080292172	8.8038491970782
102	WGN36	10.15	0.307755436990073	1108	9.54615080292172	10.7538491970782
104	WGN36	8.79999999999996	0.307755436990072	1108	8.19615080292172	9.4038491970782
105	WGN36	8.04999999999995	0.307755436990073	1108	7.44615080292171	8.65384919707819
106	WGN36	9.69999999999995	0.307755436990072	1108	9.09615080292172	10.3038491970782
107	WGN36	8.44999999999996	0.30775543699007	1108	7.84615080292173	9.0538491970782
108	WGN36	8.84999999999996	0.307755436990074	1108	8.24615080292171	9.4538491970782
109	WGN36	9.14999999999995	0.307755436990072	1108	8.54615080292172	9.75384919707819
110	WGN36	8.09999999999996	0.307755436990073	1108	7.49615080292172	8.7038491970782
112	WGN36	7.99999999999996	0.307755436990071	1108	7.39615080292173	8.6038491970782
114	WGN36	8.84999999999995	0.307755436990073	1108	8.24615080292171	9.45384919707819
116	WGN36	9.24999999999996	0.307755436990074	1108	8.64615080292172	9.8538491970782
117	WGN36	8.44999999999995	0.307755436990072	1108	7.84615080292172	9.05384919707819
118	WGN36	8.59999999999996	0.30775543699007	1108	7.99615080292172	9.20384919707819
119	WGN36	10.15	0.307755436990073	1108	9.54615080292171	10.7538491970782
120	WGN36	8.39999999999995	0.307755436990072	1108	7.79615080292171	9.00384919707818
121	WGN36	8.04999999999995	0.307755436990072	1108	7.44615080292172	8.65384919707819
122	WGN36	9.84999999999995	0.307755436990074	1108	9.24615080292171	10.4538491970782
123	WGN36	8.69999999999996	0.307755436990072	1108	8.09615080292172	9.3038491970782
124	WGN36	7.84999999999996	0.307755436990072	1108	7.24615080292172	8.4538491970782
125	WGN36	9.14999999999996	0.307755436990073	1108	8.54615080292172	9.7538491970782
126	WGN36	8.49999999999996	0.307755436990073	1108	7.89615080292172	9.10384919707819
127	WGN36	8.89999999999995	0.307755436990073	1108	8.29615080292171	9.50384919707819
128	WGN36	8.39999999999996	0.307755436990072	1108	7.79615080292172	9.00384919707819
129	WGN36	9.44999999999996	0.307755436990073	1108	8.84615080292172	10.0538491970782
130	WGN36	9.04999999999996	0.307755436990072	1108	8.44615080292172	9.65384919707819
1	WGN38	9.4000000000001	0.307755436990083	1108	8.79615080292184	10.0038491970784
2	WGN38	7.05000000000009	0.307755436990072	1108	6.44615080292186	7.65384919707833
3	WGN38	8.70000000000005	0.307755436990076	1108	8.09615080292181	9.3038491970783
4	WGN38	7.9500000000001	0.307755436990072	1108	7.34615080292187	8.55384919707834
5	WGN38	8.20000000000003	0.307755436990078	1108	7.59615080292179	8.80384919707828
6	WGN38	8.40450856627596	0.435330015425359	1108	7.55034435442764	9.25867277812428
7	WGN38	9.00000000000007	0.30775543699007	1108	8.39615080292184	9.6038491970783
8	WGN38	7.95000000000017	0.307755436990064	1108	7.34615080292195	8.55384919707839
10	WGN38	8.60000000000009	0.307755436990069	1108	7.99615080292185	9.20384919707832
11	WGN38	9.20000000000008	0.307755436990075	1108	8.59615080292183	9.80384919707832
12	WGN38	7.80450856627602	0.435330015425349	1108	6.95034435442772	8.65867277812432
13	WGN38	8.90000000000008	0.307755436990073	1108	8.29615080292184	9.50384919707832
14	WGN38	8.55000000000007	0.307755436990075	1108	7.94615080292182	9.15384919707831
16	WGN38	8.70000000000009	0.307755436990071	1108	8.09615080292185	9.30384919707832
18	WGN38	9.20000000000008	0.307755436990073	1108	8.59615080292184	9.80384919707831
19	WGN38	9.00000000000009	0.307755436990071	1108	8.39615080292185	9.60384919707832
20	WGN38	8.65000000000009	0.30775543699007	1108	8.04615080292186	9.25384919707833
21	WGN38	8.50000000000008	0.307755436990072	1108	7.89615080292185	9.10384919707832
22	WGN38	8.40000000000007	0.307755436990074	1108	7.79615080292183	9.00384919707831
23	WGN38	9.05000000000008	0.307755436990073	1108	8.44615080292184	9.65384919707832
24	WGN38	9.00000000000008	0.30775543699007	1108	8.39615080292185	9.60384919707831
26	WGN38	9.65000000000008	0.307755436990072	1108	9.04615080292184	10.2538491970783
27	WGN38	8.40000000000006	0.307755436990074	1108	7.79615080292182	9.00384919707831
28	WGN38	8.90000000000008	0.307755436990074	1108	8.29615080292183	9.50384919707832
29	WGN38	9.45000000000008	0.307755436990074	1108	8.84615080292184	10.0538491970783
30	WGN38	9.35000000000009	0.307755436990071	1108	8.74615080292185	9.95384919707832
32	WGN38	8.90000000000009	0.307755436990071	1108	8.29615080292185	9.50384919707832
33	WGN38	8.55000000000008	0.307755436990073	1108	7.94615080292184	9.15384919707831
34	WGN38	7.95000000000008	0.307755436990071	1108	7.34615080292184	8.55384919707832
35	WGN38	9.05000000000007	0.30775543699007	1108	8.44615080292184	9.65384919707831
36	WGN38	8.20000000000006	0.307755436990073	1108	7.59615080292182	8.8038491970783
37	WGN38	9.75000000000007	0.307755436990071	1108	9.14615080292183	10.3538491970783
38	WGN38	8.30000000000007	0.307755436990074	1108	7.69615080292183	8.90384919707831
39	WGN38	8.90000000000008	0.307755436990072	1108	8.29615080292184	9.50384919707832
40	WGN38	8.80000000000008	0.307755436990072	1108	8.19615080292184	9.40384919707832
41	WGN38	9.00000000000008	0.307755436990073	1108	8.39615080292184	9.60384919707832
42	WGN38	7.10000000000009	0.307755436990071	1108	6.49615080292186	7.70384919707833
45	WGN38	8.55000000000008	0.307755436990071	1108	7.94615080292185	9.15384919707832
46	WGN38	8.55000000000007	0.307755436990072	1108	7.94615080292184	9.15384919707831
47	WGN38	8.20000000000008	0.307755436990071	1108	7.59615080292185	8.80384919707832
48	WGN38	8.75000000000007	0.307755436990073	1108	8.14615080292183	9.35384919707831
49	WGN38	10.1500000000001	0.307755436990071	1108	9.54615080292183	10.7538491970783
50	WGN38	8.95000000000007	0.307755436990073	1108	8.34615080292183	9.55384919707831
51	WGN38	8.00000000000007	0.307755436990073	1108	7.39615080292183	8.60384919707831
52	WGN38	9.90000000000008	0.307755436990073	1108	9.29615080292184	10.5038491970783
53	WGN38	8.70000000000008	0.307755436990072	1108	8.09615080292185	9.30384919707832
54	WGN38	8.40000000000008	0.307755436990072	1108	7.79615080292184	9.00384919707832
55	WGN38	8.90000000000008	0.307755436990071	1108	8.29615080292185	9.50384919707832
56	WGN38	8.65000000000009	0.307755436990073	1108	8.04615080292185	9.25384919707832
59	WGN38	8.65000000000007	0.307755436990072	1108	8.04615080292183	9.25384919707831
61	WGN38	8.20000000000007	0.307755436990073	1108	7.59615080292183	8.80384919707831
63	WGN38	8.40000000000009	0.307755436990072	1108	7.79615080292185	9.00384919707832
64	WGN38	8.65000000000008	0.307755436990074	1108	8.04615080292184	9.25384919707832
65	WGN38	9.10000000000008	0.307755436990072	1108	8.49615080292184	9.70384919707832
66	WGN38	9.05000000000008	0.307755436990072	1108	8.44615080292185	9.65384919707832
67	WGN38	8.25000000000008	0.307755436990072	1108	7.64615080292184	8.85384919707832
68	WGN38	8.50000000000008	0.307755436990073	1108	7.89615080292184	9.10384919707832
69	WGN38	8.30000000000008	0.307755436990073	1108	7.69615080292184	8.90384919707832
70	WGN38	10.1000000000001	0.307755436990073	1108	9.49615080292184	10.7038491970783
72	WGN38	8.70000000000008	0.307755436990073	1108	8.09615080292184	9.30384919707832
73	WGN38	8.25000000000009	0.307755436990072	1108	7.64615080292185	8.85384919707832
74	WGN38	9.35000000000009	0.307755436990071	1108	8.74615080292185	9.95384919707832
76	WGN38	7.65000000000009	0.307755436990072	1108	7.04615080292186	8.25384919707833
77	WGN38	7.85000000000009	0.307755436990072	1108	7.24615080292185	8.45384919707832
78	WGN38	8.30000000000009	0.307755436990072	1108	7.69615080292185	8.90384919707833
80	WGN38	8.60000000000008	0.307755436990073	1108	7.99615080292184	9.20384919707832
81	WGN38	8.85000000000008	0.307755436990072	1108	8.24615080292184	9.45384919707832
82	WGN38	8.60000000000008	0.307755436990072	1108	7.99615080292185	9.20384919707832
83	WGN38	9.40000000000008	0.307755436990072	1108	8.79615080292184	10.0038491970783
84	WGN38	10.0000000000001	0.307755436990072	1108	9.39615080292185	10.6038491970783
85	WGN38	7.90000000000009	0.307755436990072	1108	7.29615080292185	8.50384919707833
86	WGN38	8.35000000000008	0.307755436990073	1108	7.74615080292184	8.95384919707832
87	WGN38	8.50000000000009	0.307755436990072	1108	7.89615080292185	9.10384919707832
88	WGN38	8.15000000000008	0.307755436990073	1108	7.54615080292184	8.75384919707832
89	WGN38	8.70000000000008	0.307755436990072	1108	8.09615080292184	9.30384919707832
90	WGN38	9.05000000000008	0.307755436990072	1108	8.44615080292185	9.65384919707832
91	WGN38	8.00000000000008	0.307755436990073	1108	7.39615080292184	8.60384919707832
92	WGN38	8.65000000000008	0.307755436990073	1108	8.04615080292184	9.25384919707832
93	WGN38	8.05000000000008	0.307755436990073	1108	7.44615080292185	8.65384919707832
94	WGN38	9.15000000000008	0.307755436990072	1108	8.54615080292184	9.75384919707832
95	WGN38	9.20000000000008	0.307755436990072	1108	8.59615080292185	9.80384919707832
96	WGN38	8.80000000000008	0.307755436990072	1108	8.19615080292185	9.40384919707832
97	WGN38	7.95000000000008	0.307755436990072	1108	7.34615080292184	8.55384919707832
98	WGN38	8.70000000000008	0.307755436990072	1108	8.09615080292185	9.30384919707832
99	WGN38	8.70000000000008	0.307755436990072	1108	8.09615080292185	9.30384919707832
100	WGN38	8.40000000000008	0.307755436990072	1108	7.79615080292185	9.00384919707832
101	WGN38	8.25000000000008	0.307755436990073	1108	7.64615080292184	8.85384919707832
102	WGN38	8.70000000000008	0.307755436990073	1108	8.09615080292184	9.30384919707832
103	WGN38	8.20000000000009	0.307755436990072	1108	7.59615080292185	8.80384919707833
104	WGN38	8.40000000000009	0.307755436990071	1108	7.79615080292185	9.00384919707832
106	WGN38	7.204508566276	0.435330015425353	1108	6.35034435442769	8.05867277812431
107	WGN38	8.95000000000008	0.307755436990072	1108	8.34615080292185	9.55384919707832
108	WGN38	8.09549143372415	0.435330015425352	1108	7.24132722187585	8.94965564557246
109	WGN38	9.69549143372415	0.435330015425351	1108	8.84132722187585	10.5496556455725
110	WGN38	8.70000000000008	0.307755436990073	1108	8.09615080292184	9.30384919707832
111	WGN38	8.05000000000008	0.307755436990073	1108	7.44615080292184	8.65384919707832
112	WGN38	9.40450856627601	0.435330015425352	1108	8.5503443544277	10.2586727781243
113	WGN38	8.00000000000008	0.307755436990073	1108	7.39615080292184	8.60384919707831
114	WGN38	8.45000000000009	0.307755436990072	1108	7.84615080292185	9.05384919707832
115	WGN38	8.55000000000008	0.307755436990072	1108	7.94615080292185	9.15384919707832
1	WGN39	8.59999999999991	0.307755436990058	1108	7.9961508029217	9.20384919707812
2	WGN39	9.6999999999999	0.307755436990073	1108	9.09615080292166	10.3038491970781
3	WGN39	9.19999999999992	0.307755436990075	1108	8.59615080292167	9.80384919707816
4	WGN39	9.29999999999992	0.307755436990079	1108	8.69615080292167	9.90384919707817
5	WGN39	10.35	0.307755436990077	1108	9.74615080292171	10.9538491970782
6	WGN39	9.04999999999989	0.307755436990072	1108	8.44615080292166	9.65384919707813
7	WGN39	9.2999999999999	0.30775543699007	1108	8.69615080292167	9.90384919707813
8	WGN39	10.2499999999999	0.307755436990075	1108	9.64615080292167	10.8538491970782
9	WGN39	8.34999999999991	0.307755436990072	1108	7.74615080292167	8.95384919707815
10	WGN39	9.24999999999991	0.307755436990076	1108	8.64615080292166	9.85384919707815
11	WGN39	8.99999999999988	0.307755436990069	1108	8.39615080292165	9.60384919707811
12	WGN39	8.34999999999991	0.307755436990071	1108	7.74615080292167	8.95384919707814
13	WGN39	9.29999999999988	0.30775543699007	1108	8.69615080292164	9.90384919707811
14	WGN39	8.34999999999989	0.307755436990075	1108	7.74615080292164	8.95384919707813
15	WGN39	8.24999999999991	0.307755436990067	1108	7.64615080292168	8.85384919707814
16	WGN39	10.3499999999999	0.30775543699007	1108	9.74615080292164	10.9538491970781
17	WGN39	8.39999999999989	0.307755436990077	1108	7.79615080292164	9.00384919707813
18	WGN39	8.84999999999992	0.307755436990065	1108	8.2461508029217	9.45384919707814
19	WGN39	9.6499999999999	0.307755436990074	1108	9.04615080292166	10.2538491970781
20	WGN39	9.49999999999991	0.307755436990071	1108	8.89615080292168	10.1038491970781
21	WGN39	8.9999999999999	0.307755436990075	1108	8.39615080292166	9.60384919707815
22	WGN39	9.29999999999989	0.307755436990073	1108	8.69615080292165	9.90384919707813
24	WGN39	9.3499999999999	0.307755436990076	1108	8.74615080292165	9.95384919707815
25	WGN39	9.69999999999991	0.307755436990076	1108	9.09615080292166	10.3038491970782
26	WGN39	7.7999999999999	0.30775543699007	1108	7.19615080292167	8.40384919707813
27	WGN39	9.89999999999989	0.307755436990073	1108	9.29615080292165	10.5038491970781
28	WGN39	6.89999999999988	0.307755436990073	1108	6.29615080292164	7.50384919707812
29	WGN39	8.79999999999988	0.307755436990072	1108	8.19615080292165	9.40384919707812
30	WGN39	11.2499999999999	0.307755436990072	1108	10.6461508029217	11.8538491970781
31	WGN39	10.1999999999998	0.307755436990068	1108	9.59615080292162	10.8038491970781
32	WGN39	9.14999999999991	0.307755436990077	1108	8.54615080292166	9.75384919707816
34	WGN39	8.89999999999988	0.307755436990072	1108	8.29615080292164	9.50384919707811
35	WGN39	8.59999999999989	0.307755436990069	1108	7.99615080292166	9.20384919707812
36	WGN39	10.0999999999998	0.307755436990069	1108	9.49615080292159	10.7038491970781
37	WGN39	8.24999999999989	0.307755436990075	1108	7.64615080292165	8.85384919707813
38	WGN39	6.90450856627576	0.435330015425361	1108	6.05034435442743	7.75867277812408
39	WGN39	9.4999999999999	0.307755436990075	1108	8.89615080292166	10.1038491970781
40	WGN39	8.84999999999989	0.307755436990073	1108	8.24615080292165	9.45384919707813
41	WGN39	9.69999999999991	0.307755436990075	1108	9.09615080292167	10.3038491970782
42	WGN39	9.24999999999988	0.30775543699007	1108	8.64615080292164	9.85384919707811
43	WGN39	9.14999999999988	0.307755436990073	1108	8.54615080292165	9.75384919707812
44	WGN39	10.6499999999999	0.307755436990071	1108	10.0461508029216	11.2538491970781
45	WGN39	9.54999999999987	0.30775543699007	1108	8.94615080292164	10.1538491970781
46	WGN39	8.79999999999989	0.307755436990072	1108	8.19615080292165	9.40384919707812
47	WGN39	8.14999999999989	0.307755436990074	1108	7.54615080292165	8.75384919707813
48	WGN39	6.19999999999988	0.307755436990073	1108	5.59615080292164	6.80384919707812
49	WGN39	9.49999999999988	0.30775543699007	1108	8.89615080292164	10.1038491970781
50	WGN39	7.84999999999989	0.307755436990072	1108	7.24615080292166	8.45384919707813
51	WGN39	9.2999999999999	0.307755436990074	1108	8.69615080292166	9.90384919707814
52	WGN39	8.69999999999989	0.307755436990074	1108	8.09615080292165	9.30384919707813
53	WGN39	10.4499999999999	0.307755436990074	1108	9.84615080292167	11.0538491970782
54	WGN39	9.94999999999988	0.307755436990071	1108	9.34615080292164	10.5538491970781
55	WGN39	9.49999999999988	0.307755436990071	1108	8.89615080292165	10.1038491970781
56	WGN39	9.09999999999989	0.307755436990073	1108	8.49615080292165	9.70384919707813
57	WGN39	8.09999999999989	0.307755436990071	1108	7.49615080292166	8.70384919707813
58	WGN39	7.9499999999999	0.307755436990071	1108	7.34615080292167	8.55384919707813
59	WGN39	9.14999999999989	0.307755436990073	1108	8.54615080292165	9.75384919707813
60	WGN39	8.74999999999989	0.307755436990071	1108	8.14615080292165	9.35384919707812
61	WGN39	9.7499999999999	0.307755436990074	1108	9.14615080292166	10.3538491970781
62	WGN39	7.84999999999989	0.307755436990072	1108	7.24615080292165	8.45384919707813
63	WGN39	9.84999999999989	0.307755436990072	1108	9.24615080292165	10.4538491970781
64	WGN39	9.94999999999989	0.307755436990072	1108	9.34615080292165	10.5538491970781
65	WGN39	7.64999999999989	0.307755436990071	1108	7.04615080292166	8.25384919707813
66	WGN39	9.99999999999988	0.307755436990071	1108	9.39615080292164	10.6038491970781
67	WGN39	9.54999999999989	0.307755436990072	1108	8.94615080292165	10.1538491970781
68	WGN39	9.2999999999999	0.307755436990074	1108	8.69615080292166	9.90384919707814
69	WGN39	8.59999999999989	0.307755436990073	1108	7.99615080292165	9.20384919707813
70	WGN39	8.89999999999989	0.307755436990074	1108	8.29615080292165	9.50384919707813
71	WGN39	10.1999999999999	0.307755436990073	1108	9.59615080292166	10.8038491970781
72	WGN39	7.39999999999988	0.307755436990073	1108	6.79615080292164	8.00384919707812
73	WGN39	8.64999999999989	0.307755436990073	1108	8.04615080292165	9.25384919707813
74	WGN39	9.89999999999989	0.307755436990072	1108	9.29615080292165	10.5038491970781
75	WGN39	9.59999999999989	0.307755436990072	1108	8.99615080292165	10.2038491970781
76	WGN39	9.14999999999989	0.307755436990071	1108	8.54615080292165	9.75384919707812
77	WGN39	9.94999999999989	0.307755436990073	1108	9.34615080292165	10.5538491970781
78	WGN39	9.24999999999989	0.307755436990072	1108	8.64615080292165	9.85384919707812
79	WGN39	9.14999999999989	0.307755436990073	1108	8.54615080292165	9.75384919707813
80	WGN39	9.34999999999989	0.307755436990072	1108	8.74615080292165	9.95384919707813
81	WGN39	9.7499999999999	0.307755436990073	1108	9.14615080292165	10.3538491970781
82	WGN39	8.84999999999989	0.307755436990071	1108	8.24615080292165	9.45384919707812
83	WGN39	9.24999999999989	0.307755436990072	1108	8.64615080292165	9.85384919707812
84	WGN39	9.74999999999989	0.307755436990072	1108	9.14615080292165	10.3538491970781
85	WGN39	8.94999999999989	0.307755436990073	1108	8.34615080292165	9.55384919707813
86	WGN39	9.04999999999989	0.307755436990072	1108	8.44615080292165	9.65384919707813
87	WGN39	8.84999999999989	0.307755436990073	1108	8.24615080292165	9.45384919707813
88	WGN39	8.89999999999989	0.307755436990073	1108	8.29615080292165	9.50384919707813
89	WGN39	7.7499999999999	0.307755436990071	1108	7.14615080292166	8.35384919707813
90	WGN39	10.2999999999999	0.307755436990073	1108	9.69615080292166	10.9038491970781
91	WGN39	7.7999999999999	0.307755436990071	1108	7.19615080292166	8.40384919707813
92	WGN39	9.29549143372396	0.435330015425351	1108	8.44132722187565	10.1496556455723
93	WGN39	10.6499999999999	0.307755436990073	1108	10.0461508029217	11.2538491970781
94	WGN39	8.89999999999988	0.307755436990072	1108	8.29615080292164	9.50384919707812
95	WGN39	9.29999999999989	0.307755436990072	1108	8.69615080292165	9.90384919707812
96	WGN39	9.14999999999989	0.307755436990073	1108	8.54615080292165	9.75384919707813
97	WGN39	7.59999999999988	0.307755436990074	1108	6.99615080292164	8.20384919707812
98	WGN39	9.59999999999989	0.307755436990072	1108	8.99615080292165	10.2038491970781
99	WGN39	8.74999999999989	0.307755436990072	1108	8.14615080292165	9.35384919707813
100	WGN39	9.34999999999989	0.307755436990072	1108	8.74615080292165	9.95384919707813
101	WGN39	8.49999999999989	0.307755436990072	1108	7.89615080292165	9.10384919707812
102	WGN39	9.54999999999988	0.307755436990071	1108	8.94615080292164	10.1538491970781
104	WGN39	8.44999999999989	0.307755436990072	1108	7.84615080292165	9.05384919707813
105	WGN39	10.0999999999999	0.307755436990072	1108	9.49615080292164	10.7038491970781
106	WGN39	9.09999999999989	0.307755436990073	1108	8.49615080292165	9.70384919707813
107	WGN39	8.44999999999989	0.307755436990073	1108	7.84615080292165	9.05384919707813
108	WGN39	9.60450856627581	0.435330015425351	1108	8.75034435442751	10.4586727781241
109	WGN39	9.39999999999989	0.307755436990072	1108	8.79615080292165	10.0038491970781
110	WGN39	8.89999999999989	0.307755436990073	1108	8.29615080292165	9.50384919707813
111	WGN39	10.3999999999999	0.307755436990072	1108	9.79615080292165	11.0038491970781
112	WGN39	9.94999999999989	0.307755436990072	1108	9.34615080292165	10.5538491970781
113	WGN39	9.29999999999989	0.307755436990073	1108	8.69615080292165	9.90384919707813
114	WGN39	9.09999999999989	0.307755436990072	1108	8.49615080292165	9.70384919707813
115	WGN39	9.59999999999989	0.307755436990072	1108	8.99615080292165	10.2038491970781
116	WGN39	8.64999999999989	0.307755436990073	1108	8.04615080292165	9.25384919707813
117	WGN39	8.79999999999989	0.307755436990073	1108	8.19615080292165	9.40384919707813
118	WGN39	9.99999999999988	0.307755436990072	1108	9.39615080292165	10.6038491970781
120	WGN39	9.89999999999989	0.307755436990073	1108	9.29615080292165	10.5038491970781
121	WGN39	10.2045085662758	0.435330015425352	1108	9.3503443544275	11.0586727781241
122	WGN39	8.54999999999989	0.307755436990073	1108	7.94615080292165	9.15384919707813
123	WGN39	8.39999999999989	0.307755436990072	1108	7.79615080292165	9.00384919707813
124	WGN39	8.24999999999989	0.307755436990073	1108	7.64615080292165	8.85384919707813
125	WGN39	9.29999999999989	0.307755436990073	1108	8.69615080292165	9.90384919707813
126	WGN39	10.2499999999999	0.307755436990073	1108	9.64615080292165	10.8538491970781
127	WGN39	8.99999999999989	0.307755436990073	1108	8.39615080292165	9.60384919707813
128	WGN39	9.29549143372397	0.435330015425352	1108	8.44132722187566	10.1496556455723
129	WGN39	8.4999999999999	0.307755436990072	1108	7.89615080292166	9.10384919707813
130	WGN39	9.19999999999989	0.307755436990073	1108	8.59615080292165	9.80384919707813
1	WGN45	8.65000000000003	0.307755436990063	1108	8.0461508029218	9.25384919707825
2	WGN45	9.04999999999995	0.307755436990073	1108	8.44615080292171	9.65384919707819
3	WGN45	7.60000000000001	0.307755436990067	1108	6.99615080292178	8.20384919707824
4	WGN45	8.34999999999997	0.307755436990074	1108	7.74615080292173	8.95384919707822
5	WGN45	8.59999999999997	0.307755436990072	1108	7.99615080292173	9.2038491970782
6	WGN45	9.34999999999994	0.307755436990067	1108	8.74615080292172	9.95384919707817
7	WGN45	8.64999999999997	0.307755436990073	1108	8.04615080292173	9.25384919707821
8	WGN45	8.39999999999997	0.30775543699007	1108	7.79615080292173	9.0038491970782
9	WGN45	8.3	0.307755436990064	1108	7.69615080292178	8.90384919707822
10	WGN45	7.95	0.307755436990068	1108	7.34615080292177	8.55384919707823
11	WGN45	7.74999999999996	0.307755436990073	1108	7.14615080292172	8.3538491970782
12	WGN45	8.99999999999997	0.307755436990077	1108	8.39615080292173	9.60384919707822
13	WGN45	8.39999999999998	0.307755436990069	1108	7.79615080292175	9.00384919707821
14	WGN45	8.15	0.307755436990067	1108	7.54615080292177	8.75384919707822
15	WGN45	8.89999999999999	0.307755436990067	1108	8.29615080292176	9.50384919707822
16	WGN45	8.49999999999997	0.307755436990072	1108	7.89615080292173	9.10384919707821
17	WGN45	8.19999999999996	0.307755436990076	1108	7.59615080292171	8.80384919707821
18	WGN45	8.54999999999996	0.307755436990076	1108	7.94615080292172	9.15384919707821
19	WGN45	8.54999999999997	0.307755436990073	1108	7.94615080292173	9.15384919707821
20	WGN45	10.05	0.307755436990073	1108	9.44615080292172	10.6538491970782
22	WGN45	8.54999999999998	0.307755436990072	1108	7.94615080292174	9.15384919707821
23	WGN45	8.39999999999999	0.307755436990069	1108	7.79615080292176	9.00384919707822
24	WGN45	7.89549143372404	0.43533001542535	1108	7.04132722187574	8.74965564557235
26	WGN45	8.00450856627591	0.435330015425353	1108	7.1503443544276	8.85867277812422
28	WGN45	7.64999999999999	0.307755436990069	1108	7.04615080292176	8.25384919707822
29	WGN45	8.09999999999997	0.307755436990073	1108	7.49615080292173	8.70384919707821
31	WGN45	8.54999999999997	0.307755436990071	1108	7.94615080292174	9.15384919707821
32	WGN45	8.99999999999996	0.307755436990073	1108	8.39615080292172	9.6038491970782
33	WGN45	7.14999999999998	0.307755436990072	1108	6.54615080292174	7.75384919707822
34	WGN45	7.74999999999998	0.307755436990071	1108	7.14615080292175	8.35384919707822
35	WGN45	8.69999999999997	0.307755436990072	1108	8.09615080292173	9.30384919707821
36	WGN45	8.89999999999996	0.307755436990073	1108	8.29615080292172	9.50384919707819
37	WGN45	8.74999999999997	0.307755436990071	1108	8.14615080292173	9.35384919707821
40	WGN45	8.54999999999996	0.307755436990074	1108	7.94615080292172	9.1538491970782
41	WGN45	8.19999999999995	0.307755436990074	1108	7.59615080292171	8.8038491970782
42	WGN45	8.24999999999996	0.307755436990076	1108	7.64615080292171	8.8538491970782
43	WGN45	8.44999999999997	0.307755436990074	1108	7.84615080292172	9.05384919707821
44	WGN45	9.54999999999998	0.307755436990075	1108	8.94615080292173	10.1538491970782
45	WGN45	8.79999999999998	0.307755436990076	1108	8.19615080292173	9.40384919707822
46	WGN45	8.14999999999996	0.307755436990073	1108	7.54615080292172	8.75384919707821
49	WGN45	9.64999999999999	0.307755436990075	1108	9.04615080292175	10.2538491970782
50	WGN45	6.70450856627593	0.435330015425348	1108	5.85034435442764	7.55867277812423
52	WGN45	8.69549143372404	0.435330015425349	1108	7.84132722187574	9.54965564557234
53	WGN45	8.34999999999997	0.30775543699007	1108	7.74615080292174	8.9538491970782
54	WGN45	6.94999999999993	0.307755436990076	1108	6.34615080292169	7.55384919707818
55	WGN45	8.24999999999998	0.30775543699007	1108	7.64615080292175	8.85384919707821
56	WGN45	8.09999999999996	0.307755436990073	1108	7.49615080292171	8.7038491970782
57	WGN45	8.64999999999997	0.30775543699007	1108	8.04615080292174	9.2538491970782
58	WGN45	8.84999999999997	0.307755436990073	1108	8.24615080292173	9.45384919707821
59	WGN45	7.39999999999996	0.307755436990074	1108	6.79615080292171	8.0038491970782
60	WGN45	7.39549143372405	0.43533001542535	1108	6.54132722187575	8.24965564557236
61	WGN45	8.19999999999996	0.307755436990075	1108	7.59615080292172	8.80384919707821
62	WGN45	8.44999999999997	0.307755436990072	1108	7.84615080292173	9.05384919707821
64	WGN45	8.94999999999997	0.307755436990074	1108	8.34615080292173	9.55384919707821
65	WGN45	8.74999999999996	0.307755436990069	1108	8.14615080292173	9.35384919707819
66	WGN45	7.89999999999996	0.307755436990074	1108	7.29615080292172	8.5038491970782
68	WGN45	8.49999999999997	0.307755436990069	1108	7.89615080292174	9.1038491970782
69	WGN45	8.14999999999997	0.307755436990073	1108	7.54615080292173	8.75384919707821
70	WGN45	8.39999999999998	0.307755436990069	1108	7.79615080292175	9.00384919707821
71	WGN45	8.49999999999997	0.307755436990072	1108	7.89615080292173	9.1038491970782
72	WGN45	7.64999999999997	0.307755436990073	1108	7.04615080292173	8.25384919707821
73	WGN45	8.29549143372405	0.435330015425353	1108	7.44132722187574	9.14965564557236
74	WGN45	8.5045085662759	0.435330015425354	1108	7.65034435442759	9.3586727781242
75	WGN45	8.0045085662759	0.435330015425351	1108	7.1503443544276	8.85867277812421
76	WGN45	8.94999999999996	0.307755436990069	1108	8.34615080292173	9.55384919707819
78	WGN45	7.79549143372403	0.435330015425353	1108	6.94132722187573	8.64965564557234
80	WGN45	8.39999999999997	0.307755436990071	1108	7.79615080292173	9.00384919707821
81	WGN45	8.24999999999997	0.307755436990073	1108	7.64615080292173	8.8538491970782
82	WGN45	7.79549143372405	0.435330015425352	1108	6.94132722187574	8.64965564557235
84	WGN45	7.89999999999998	0.307755436990071	1108	7.29615080292174	8.50384919707821
85	WGN45	9.79999999999997	0.307755436990072	1108	9.19615080292173	10.4038491970782
86	WGN45	8.69999999999997	0.307755436990071	1108	8.09615080292173	9.3038491970782
88	WGN45	8.79999999999997	0.307755436990073	1108	8.19615080292173	9.40384919707821
89	WGN45	8.34999999999997	0.307755436990072	1108	7.74615080292173	8.95384919707821
90	WGN45	8.74999999999997	0.307755436990071	1108	8.14615080292173	9.3538491970782
92	WGN45	8.89999999999997	0.307755436990071	1108	8.29615080292173	9.5038491970782
93	WGN45	6.49549143372404	0.435330015425352	1108	5.64132722187574	7.34965564557235
94	WGN45	8.29999999999997	0.307755436990073	1108	7.69615080292173	8.90384919707821
95	WGN45	8.84999999999997	0.307755436990071	1108	8.24615080292173	9.4538491970782
96	WGN45	7.79549143372404	0.435330015425352	1108	6.94132722187573	8.64965564557234
98	WGN45	8.34999999999997	0.307755436990071	1108	7.74615080292173	8.95384919707821
99	WGN45	7.3045085662759	0.435330015425352	1108	6.45034435442759	8.1586727781242
100	WGN45	8.44999999999997	0.307755436990072	1108	7.84615080292173	9.05384919707821
101	WGN45	8.74999999999997	0.307755436990073	1108	8.14615080292173	9.35384919707821
102	WGN45	9.59999999999997	0.307755436990072	1108	8.99615080292173	10.2038491970782
103	WGN45	8.89999999999997	0.307755436990072	1108	8.29615080292173	9.50384919707821
104	WGN45	7.74999999999997	0.307755436990072	1108	7.14615080292173	8.35384919707821
105	WGN45	8.99999999999997	0.307755436990073	1108	8.39615080292173	9.60384919707821
106	WGN45	8.49999999999997	0.307755436990073	1108	7.89615080292173	9.10384919707821
107	WGN45	9.89999999999996	0.307755436990072	1108	9.29615080292173	10.5038491970782
108	WGN45	8.34999999999997	0.307755436990073	1108	7.74615080292173	8.95384919707821
109	WGN45	9.39999999999997	0.307755436990072	1108	8.79615080292173	10.0038491970782
110	WGN45	8.79999999999997	0.307755436990073	1108	8.19615080292173	9.40384919707821
111	WGN45	8.64999999999997	0.307755436990072	1108	8.04615080292173	9.25384919707821
114	WGN45	8.59999999999997	0.307755436990072	1108	7.99615080292173	9.20384919707821
116	WGN45	8.54999999999997	0.307755436990072	1108	7.94615080292173	9.15384919707821
117	WGN45	8.6045085662759	0.435330015425352	1108	7.75034435442759	9.4586727781242
118	WGN45	8.54999999999997	0.307755436990072	1108	7.94615080292173	9.15384919707821
119	WGN45	8.49999999999997	0.307755436990072	1108	7.89615080292173	9.10384919707821
120	WGN45	8.64999999999997	0.307755436990072	1108	8.04615080292173	9.25384919707821
121	WGN45	7.44999999999997	0.307755436990072	1108	6.84615080292173	8.05384919707821
122	WGN45	8.69549143372404	0.435330015425352	1108	7.84132722187574	9.54965564557235
123	WGN45	9.2045085662759	0.435330015425351	1108	8.35034435442759	10.0586727781242
124	WGN45	9.24999999999997	0.307755436990072	1108	8.64615080292173	9.85384919707821
126	WGN45	8.89999999999997	0.307755436990072	1108	8.29615080292173	9.50384919707821
127	WGN45	7.99999999999997	0.307755436990072	1108	7.39615080292173	8.60384919707821
128	WGN45	9.29999999999997	0.307755436990072	1108	8.69615080292173	9.90384919707821
129	WGN45	8.29999999999997	0.307755436990072	1108	7.69615080292173	8.90384919707821
1	WGN46	9.09999999999998	0.307755436990073	1108	8.49615080292174	9.70384919707822
2	WGN46	8.1	0.307755436990072	1108	7.49615080292176	8.70384919707823
3	WGN46	8.14999999999998	0.307755436990074	1108	7.54615080292173	8.75384919707822
4	WGN46	8.44999999999999	0.307755436990074	1108	7.84615080292175	9.05384919707823
6	WGN46	8.29999999999998	0.307755436990075	1108	7.69615080292174	8.90384919707822
7	WGN46	8.49999999999999	0.307755436990074	1108	7.89615080292175	9.10384919707823
8	WGN46	7.89999999999998	0.307755436990073	1108	7.29615080292174	8.50384919707822
9	WGN46	8.14999999999999	0.307755436990073	1108	7.54615080292175	8.75384919707823
10	WGN46	8.04999999999999	0.307755436990072	1108	7.44615080292175	8.65384919707823
11	WGN46	8.90000000000001	0.307755436990067	1108	8.29615080292178	9.50384919707824
12	WGN46	7.49999999999998	0.307755436990074	1108	6.89615080292174	8.10384919707822
13	WGN46	7.70000000000005	0.307755436990066	1108	7.09615080292182	8.30384919707827
14	WGN46	7.94999999999999	0.307755436990074	1108	7.34615080292175	8.55384919707823
15	WGN46	8.7	0.30775543699007	1108	8.09615080292177	9.30384919707824
16	WGN46	8.54999999999998	0.307755436990077	1108	7.94615080292173	9.15384919707823
17	WGN46	9.49549143372407	0.435330015425354	1108	8.64132722187576	10.3496556455724
18	WGN46	8.49999999999999	0.307755436990076	1108	7.89615080292175	9.10384919707823
19	WGN46	9.44999999999999	0.307755436990071	1108	8.84615080292176	10.0538491970782
20	WGN46	7.94999999999999	0.307755436990073	1108	7.34615080292175	8.55384919707823
21	WGN46	7.89549143372406	0.435330015425353	1108	7.04132722187575	8.74965564557237
22	WGN46	8.4	0.307755436990072	1108	7.79615080292176	9.00384919707824
23	WGN46	8.80450856627593	0.435330015425351	1108	7.95034435442763	9.65867277812423
24	WGN46	8.8	0.307755436990072	1108	8.19615080292177	9.40384919707824
25	WGN46	8.45000000000001	0.307755436990072	1108	7.84615080292177	9.05384919707824
26	WGN46	8.8	0.307755436990074	1108	8.19615080292175	9.40384919707824
27	WGN46	7.80000000000003	0.307755436990069	1108	7.1961508029218	8.40384919707826
28	WGN46	8.09999999999998	0.307755436990075	1108	7.49615080292174	8.70384919707822
29	WGN46	7.29999999999997	0.307755436990075	1108	6.69615080292173	7.90384919707821
30	WGN46	7.99999999999999	0.307755436990073	1108	7.39615080292175	8.60384919707823
31	WGN46	8.60000000000001	0.307755436990071	1108	7.99615080292177	9.20384919707824
32	WGN46	8.40000000000001	0.307755436990071	1108	7.79615080292177	9.00384919707824
33	WGN46	8.5	0.307755436990073	1108	7.89615080292176	9.10384919707824
34	WGN46	8.04999999999999	0.307755436990074	1108	7.44615080292175	8.65384919707823
36	WGN46	9	0.307755436990075	1108	8.39615080292176	9.60384919707824
37	WGN46	8.75000000000001	0.307755436990073	1108	8.14615080292177	9.35384919707825
38	WGN46	7.89999999999998	0.307755436990075	1108	7.29615080292173	8.50384919707822
39	WGN46	7.45000000000002	0.30775543699007	1108	6.84615080292179	8.05384919707826
40	WGN46	8.04999999999999	0.307755436990073	1108	7.44615080292176	8.65384919707823
41	WGN46	9.45	0.307755436990071	1108	8.84615080292177	10.0538491970782
42	WGN46	8.40000000000001	0.307755436990069	1108	7.79615080292178	9.00384919707824
43	WGN46	8.25000000000001	0.307755436990071	1108	7.64615080292177	8.85384919707824
44	WGN46	8.5	0.307755436990074	1108	7.89615080292176	9.10384919707824
45	WGN46	9.25	0.307755436990073	1108	8.64615080292176	9.85384919707824
46	WGN46	8.35000000000002	0.30775543699007	1108	7.74615080292179	8.95384919707825
47	WGN46	9.40000000000001	0.307755436990072	1108	8.79615080292177	10.0038491970782
48	WGN46	8.59999999999999	0.307755436990074	1108	7.99615080292175	9.20384919707824
49	WGN46	8.85	0.307755436990074	1108	8.24615080292176	9.45384919707824
50	WGN46	8.24999999999999	0.307755436990074	1108	7.64615080292175	8.85384919707823
51	WGN46	8.50450856627593	0.43533001542535	1108	7.65034435442763	9.35867277812423
52	WGN46	8.30000000000002	0.30775543699007	1108	7.69615080292179	8.90384919707826
53	WGN46	7.90000000000001	0.307755436990071	1108	7.29615080292178	8.50384919707825
54	WGN46	8.39999999999998	0.307755436990075	1108	7.79615080292174	9.00384919707822
55	WGN46	8.65	0.307755436990072	1108	8.04615080292176	9.25384919707824
56	WGN46	9.80000000000001	0.307755436990072	1108	9.19615080292178	10.4038491970783
57	WGN46	8.05000000000001	0.307755436990072	1108	7.44615080292177	8.65384919707825
58	WGN46	8.05	0.307755436990072	1108	7.44615080292176	8.65384919707823
59	WGN46	10.15	0.307755436990073	1108	9.54615080292176	10.7538491970782
60	WGN46	8.95	0.307755436990073	1108	8.34615080292176	9.55384919707824
61	WGN46	9.14999999999999	0.307755436990069	1108	8.54615080292176	9.75384919707822
62	WGN46	9.2	0.307755436990074	1108	8.59615080292176	9.80384919707824
63	WGN46	8.25	0.307755436990073	1108	7.64615080292176	8.85384919707823
64	WGN46	8.2	0.307755436990072	1108	7.59615080292176	8.80384919707824
65	WGN46	8.90450856627591	0.435330015425354	1108	8.05034435442761	9.75867277812422
66	WGN46	8.45	0.307755436990071	1108	7.84615080292176	9.05384919707824
67	WGN46	8.95000000000001	0.30775543699007	1108	8.34615080292177	9.55384919707824
68	WGN46	8.34999999999999	0.307755436990073	1108	7.74615080292175	8.95384919707823
69	WGN46	8.44999999999999	0.307755436990074	1108	7.84615080292175	9.05384919707823
70	WGN46	8.35000000000001	0.307755436990072	1108	7.74615080292177	8.95384919707825
71	WGN46	9.1	0.30775543699007	1108	8.49615080292177	9.70384919707824
72	WGN46	8.04999999999999	0.307755436990074	1108	7.44615080292175	8.65384919707824
73	WGN46	7.89999999999998	0.307755436990074	1108	7.29615080292174	8.50384919707822
74	WGN46	8.10000000000002	0.30775543699007	1108	7.49615080292179	8.70384919707825
75	WGN46	7.79999999999999	0.307755436990074	1108	7.19615080292175	8.40384919707823
76	WGN46	7.7	0.307755436990072	1108	7.09615080292177	8.30384919707824
78	WGN46	8.3	0.307755436990071	1108	7.69615080292177	8.90384919707824
79	WGN46	9.05	0.307755436990071	1108	8.44615080292177	9.65384919707824
80	WGN46	7.75000000000001	0.307755436990071	1108	7.14615080292178	8.35384919707825
81	WGN46	8.49999999999999	0.307755436990073	1108	7.89615080292175	9.10384919707823
82	WGN46	8.95000000000001	0.307755436990071	1108	8.34615080292177	9.55384919707824
83	WGN46	8.10000000000001	0.307755436990071	1108	7.49615080292177	8.70384919707824
84	WGN46	8.55	0.307755436990073	1108	7.94615080292176	9.15384919707824
85	WGN46	8.7	0.307755436990072	1108	8.09615080292176	9.30384919707824
86	WGN46	8.8	0.307755436990073	1108	8.19615080292176	9.40384919707824
87	WGN46	9.2	0.307755436990072	1108	8.59615080292176	9.80384919707824
88	WGN46	7.69999999999999	0.307755436990073	1108	7.09615080292175	8.30384919707823
89	WGN46	7.75	0.307755436990072	1108	7.14615080292176	8.35384919707824
90	WGN46	8.6	0.307755436990072	1108	7.99615080292177	9.20384919707824
91	WGN46	7.79549143372407	0.435330015425353	1108	6.94132722187576	8.64965564557238
93	WGN46	8.3	0.307755436990073	1108	7.69615080292176	8.90384919707824
94	WGN46	9.15	0.307755436990072	1108	8.54615080292177	9.75384919707824
95	WGN46	8.90000000000001	0.307755436990072	1108	8.29615080292177	9.50384919707824
96	WGN46	10.15	0.307755436990072	1108	9.54615080292177	10.7538491970782
98	WGN46	8.25000000000001	0.307755436990071	1108	7.64615080292178	8.85384919707825
100	WGN46	8.9	0.307755436990072	1108	8.29615080292177	9.50384919707824
101	WGN46	8.2	0.307755436990072	1108	7.59615080292176	8.80384919707824
102	WGN46	7.60000000000001	0.307755436990072	1108	6.99615080292177	8.20384919707825
103	WGN46	8.65	0.307755436990073	1108	8.04615080292176	9.25384919707824
104	WGN46	8.50000000000001	0.307755436990071	1108	7.89615080292177	9.10384919707824
106	WGN46	7.85	0.307755436990072	1108	7.24615080292177	8.45384919707824
107	WGN46	9.70000000000001	0.307755436990073	1108	9.09615080292177	10.3038491970782
108	WGN46	7.74999999999999	0.307755436990073	1108	7.14615080292175	8.35384919707823
109	WGN46	8.4	0.307755436990072	1108	7.79615080292176	9.00384919707824
110	WGN46	8.45	0.307755436990072	1108	7.84615080292176	9.05384919707824
111	WGN46	9.9	0.307755436990072	1108	9.29615080292177	10.5038491970782
112	WGN46	8.7	0.307755436990072	1108	8.09615080292177	9.30384919707824
113	WGN46	8.6	0.307755436990073	1108	7.99615080292177	9.20384919707824
114	WGN46	8.5	0.307755436990072	1108	7.89615080292176	9.10384919707824
115	WGN46	8.05	0.307755436990072	1108	7.44615080292176	8.65384919707824
116	WGN46	8	0.307755436990073	1108	7.39615080292176	8.60384919707824
117	WGN46	8	0.307755436990072	1108	7.39615080292176	8.60384919707824
118	WGN46	7.99549143372407	0.435330015425353	1108	7.14132722187577	8.84965564557238
119	WGN46	8.85	0.307755436990072	1108	8.24615080292176	9.45384919707824
120	WGN46	9.65	0.307755436990072	1108	9.04615080292176	10.2538491970782
121	WGN46	8.25	0.307755436990073	1108	7.64615080292176	8.85384919707824
122	WGN46	8.55	0.307755436990073	1108	7.94615080292176	9.15384919707824
123	WGN46	8.2	0.307755436990073	1108	7.59615080292176	8.80384919707824
124	WGN46	7.85	0.307755436990073	1108	7.24615080292176	8.45384919707824
125	WGN46	8.15	0.307755436990073	1108	7.54615080292176	8.75384919707824
126	WGN46	8.25	0.307755436990073	1108	7.64615080292176	8.85384919707824
127	WGN46	8.75	0.307755436990073	1108	8.14615080292176	9.35384919707824
128	WGN46	9.5	0.307755436990073	1108	8.89615080292177	10.1038491970782
129	WGN46	8.95	0.307755436990073	1108	8.34615080292176	9.55384919707824
130	WGN46	8.25	0.307755436990073	1108	7.64615080292176	8.85384919707824
1	WGN55	8.3999999999999	0.307755436990067	1108	7.79615080292167	9.00384919707813
2	WGN55	8.39999999999997	0.307755436990071	1108	7.79615080292173	9.0038491970782
3	WGN55	7.25000000000001	0.30775543699007	1108	6.64615080292177	7.85384919707824
4	WGN55	8.7	0.307755436990075	1108	8.09615080292175	9.30384919707824
5	WGN55	8.64999999999999	0.307755436990069	1108	8.04615080292175	9.25384919707822
6	WGN55	9.39999999999998	0.30775543699007	1108	8.79615080292175	10.0038491970782
7	WGN55	8.15000000000001	0.307755436990072	1108	7.54615080292177	8.75384919707825
8	WGN55	8.49999999999999	0.307755436990068	1108	7.89615080292176	9.10384919707822
9	WGN55	9.09999999999999	0.307755436990075	1108	8.49615080292175	9.70384919707823
10	WGN55	9.74999999999997	0.307755436990071	1108	9.14615080292173	10.3538491970782
11	WGN55	8.94999999999999	0.307755436990074	1108	8.34615080292175	9.55384919707823
12	WGN55	8.80450856627592	0.435330015425355	1108	7.95034435442761	9.65867277812423
13	WGN55	7.54999999999998	0.307755436990073	1108	6.94615080292174	8.15384919707822
14	WGN55	9.44999999999999	0.307755436990074	1108	8.84615080292175	10.0538491970782
15	WGN55	8.89999999999998	0.307755436990072	1108	8.29615080292174	9.50384919707822
16	WGN55	8.44999999999999	0.307755436990073	1108	7.84615080292175	9.05384919707823
17	WGN55	9.70450856627587	0.435330015425347	1108	8.85034435442758	10.5586727781242
18	WGN55	8.84999999999999	0.307755436990073	1108	8.24615080292175	9.45384919707822
19	WGN55	9.04999999999998	0.307755436990071	1108	8.44615080292175	9.65384919707822
20	WGN55	8.89999999999999	0.307755436990071	1108	8.29615080292175	9.50384919707822
21	WGN55	7.69999999999999	0.307755436990073	1108	7.09615080292175	8.30384919707823
22	WGN55	8.24999999999999	0.307755436990071	1108	7.64615080292175	8.85384919707822
23	WGN55	8.49999999999998	0.307755436990069	1108	7.89615080292175	9.10384919707822
24	WGN55	9.19999999999998	0.307755436990073	1108	8.59615080292174	9.80384919707822
25	WGN55	8.84999999999998	0.307755436990072	1108	8.24615080292175	9.45384919707822
26	WGN55	7.84999999999999	0.307755436990073	1108	7.24615080292175	8.45384919707822
27	WGN55	8.39999999999998	0.30775543699007	1108	7.79615080292175	9.00384919707821
28	WGN55	7.80450856627591	0.435330015425352	1108	6.95034435442761	8.65867277812422
29	WGN55	8.94999999999999	0.307755436990075	1108	8.34615080292174	9.55384919707823
30	WGN55	8.19999999999997	0.307755436990076	1108	7.59615080292173	8.80384919707822
31	WGN55	9.19999999999999	0.307755436990073	1108	8.59615080292175	9.80384919707823
32	WGN55	9.15	0.307755436990075	1108	8.54615080292176	9.75384919707824
33	WGN55	7.54999999999998	0.307755436990073	1108	6.94615080292174	8.15384919707822
34	WGN55	8.74999999999998	0.307755436990074	1108	8.14615080292174	9.35384919707823
35	WGN55	9.09999999999997	0.307755436990073	1108	8.49615080292174	9.70384919707821
36	WGN55	8.34999999999998	0.307755436990074	1108	7.74615080292174	8.95384919707822
37	WGN55	9.24999999999998	0.307755436990071	1108	8.64615080292175	9.85384919707822
38	WGN55	7.74999999999997	0.307755436990077	1108	7.14615080292173	8.35384919707822
40	WGN55	9.04999999999998	0.307755436990073	1108	8.44615080292174	9.65384919707822
41	WGN55	9.29999999999998	0.307755436990074	1108	8.69615080292174	9.90384919707822
42	WGN55	8.39999999999999	0.307755436990072	1108	7.79615080292175	9.00384919707822
43	WGN55	9.39999999999999	0.307755436990073	1108	8.79615080292175	10.0038491970782
44	WGN55	8.24999999999999	0.307755436990072	1108	7.64615080292175	8.85384919707823
45	WGN55	8.09999999999999	0.307755436990074	1108	7.49615080292175	8.70384919707824
46	WGN55	7.35000000000001	0.30775543699007	1108	6.74615080292177	7.95384919707824
47	WGN55	8.09999999999998	0.307755436990074	1108	7.49615080292174	8.70384919707822
48	WGN55	8.44999999999997	0.307755436990078	1108	7.84615080292172	9.05384919707822
49	WGN55	8.94999999999998	0.307755436990072	1108	8.34615080292174	9.55384919707822
50	WGN55	8.49999999999999	0.307755436990073	1108	7.89615080292175	9.10384919707823
52	WGN55	8.99999999999999	0.307755436990073	1108	8.39615080292175	9.60384919707823
53	WGN55	8.44999999999998	0.307755436990071	1108	7.84615080292175	9.05384919707822
54	WGN55	8.24999999999998	0.307755436990075	1108	7.64615080292174	8.85384919707823
55	WGN55	8.94999999999999	0.307755436990071	1108	8.34615080292175	9.55384919707822
56	WGN55	8.84999999999998	0.307755436990071	1108	8.24615080292175	9.45384919707822
57	WGN55	8.29999999999998	0.307755436990071	1108	7.69615080292174	8.90384919707821
58	WGN55	8.74999999999999	0.307755436990074	1108	8.14615080292175	9.35384919707823
59	WGN55	9.09999999999999	0.307755436990074	1108	8.49615080292175	9.70384919707823
60	WGN55	8.09999999999999	0.307755436990072	1108	7.49615080292175	8.70384919707823
61	WGN55	7.74999999999997	0.307755436990073	1108	7.14615080292173	8.35384919707821
62	WGN55	8.89999999999998	0.307755436990073	1108	8.29615080292175	9.50384919707822
63	WGN55	9.04999999999999	0.307755436990073	1108	8.44615080292175	9.65384919707823
64	WGN55	8.64999999999999	0.307755436990075	1108	8.04615080292175	9.25384919707824
65	WGN55	8.44999999999999	0.307755436990072	1108	7.84615080292175	9.05384919707822
66	WGN55	8.34999999999999	0.307755436990072	1108	7.74615080292175	8.95384919707823
67	WGN55	8.14999999999999	0.307755436990072	1108	7.54615080292175	8.75384919707823
68	WGN55	8.34999999999999	0.307755436990073	1108	7.74615080292175	8.95384919707823
69	WGN55	9	0.307755436990074	1108	8.39615080292176	9.60384919707824
70	WGN55	8.39999999999998	0.307755436990072	1108	7.79615080292175	9.00384919707822
71	WGN55	8.24999999999999	0.307755436990073	1108	7.64615080292175	8.85384919707823
72	WGN55	7.14999999999999	0.307755436990072	1108	6.54615080292175	7.75384919707823
73	WGN55	9.19999999999999	0.307755436990075	1108	8.59615080292174	9.80384919707823
74	WGN55	9.09999999999998	0.307755436990071	1108	8.49615080292175	9.70384919707822
75	WGN55	9.49999999999998	0.307755436990072	1108	8.89615080292175	10.1038491970782
76	WGN55	7.94999999999999	0.307755436990071	1108	7.34615080292176	8.55384919707823
77	WGN55	7.29999999999998	0.307755436990074	1108	6.69615080292174	7.90384919707822
78	WGN55	7.99999999999999	0.307755436990074	1108	7.39615080292175	8.60384919707823
80	WGN55	8.54999999999998	0.307755436990072	1108	7.94615080292175	9.15384919707822
81	WGN55	7.94999999999999	0.307755436990073	1108	7.34615080292175	8.55384919707823
82	WGN55	7.94999999999999	0.307755436990072	1108	7.34615080292175	8.55384919707822
83	WGN55	8.79999999999998	0.307755436990072	1108	8.19615080292174	9.40384919707822
84	WGN55	9.19999999999999	0.307755436990073	1108	8.59615080292175	9.80384919707823
85	WGN55	9.09999999999999	0.307755436990073	1108	8.49615080292175	9.70384919707822
86	WGN55	7.89999999999999	0.307755436990073	1108	7.29615080292175	8.50384919707822
87	WGN55	8.69999999999999	0.307755436990073	1108	8.09615080292175	9.30384919707823
88	WGN55	8.44999999999999	0.307755436990073	1108	7.84615080292175	9.05384919707823
89	WGN55	8.19999999999998	0.307755436990072	1108	7.59615080292174	8.80384919707822
90	WGN55	7.74999999999999	0.307755436990073	1108	7.14615080292175	8.35384919707822
91	WGN55	9.69999999999999	0.307755436990073	1108	9.09615080292175	10.3038491970782
92	WGN55	7.94999999999999	0.307755436990073	1108	7.34615080292175	8.55384919707823
93	WGN55	9.34999999999999	0.307755436990073	1108	8.74615080292175	9.95384919707823
94	WGN55	8.24999999999998	0.307755436990072	1108	7.64615080292175	8.85384919707822
95	WGN55	9.25	0.307755436990074	1108	8.64615080292176	9.85384919707824
96	WGN55	8.59999999999999	0.307755436990073	1108	7.99615080292175	9.20384919707823
97	WGN55	8.29999999999999	0.307755436990072	1108	7.69615080292175	8.90384919707822
98	WGN55	8.14999999999999	0.307755436990074	1108	7.54615080292175	8.75384919707823
99	WGN55	8.19999999999998	0.307755436990073	1108	7.59615080292174	8.80384919707822
100	WGN55	8.59999999999999	0.307755436990072	1108	7.99615080292175	9.20384919707822
101	WGN55	8.44999999999999	0.307755436990073	1108	7.84615080292175	9.05384919707823
102	WGN55	7.94999999999999	0.307755436990073	1108	7.34615080292175	8.55384919707822
103	WGN55	8.34999999999999	0.307755436990072	1108	7.74615080292175	8.95384919707823
104	WGN55	8.59549143372406	0.435330015425351	1108	7.74132722187575	9.44965564557236
105	WGN55	8.04999999999999	0.307755436990073	1108	7.44615080292175	8.65384919707822
106	WGN55	8.24999999999999	0.307755436990073	1108	7.64615080292175	8.85384919707823
107	WGN55	9.39999999999998	0.307755436990072	1108	8.79615080292174	10.0038491970782
108	WGN55	9.19999999999999	0.307755436990073	1108	8.59615080292175	9.80384919707823
109	WGN55	9.39999999999998	0.307755436990072	1108	8.79615080292175	10.0038491970782
110	WGN55	8.84999999999999	0.307755436990073	1108	8.24615080292175	9.45384919707822
111	WGN55	9.19999999999999	0.307755436990073	1108	8.59615080292175	9.80384919707823
112	WGN55	9.24999999999999	0.307755436990073	1108	8.64615080292175	9.85384919707822
113	WGN55	8.64999999999999	0.307755436990073	1108	8.04615080292175	9.25384919707823
114	WGN55	8.24999999999999	0.307755436990073	1108	7.64615080292175	8.85384919707822
115	WGN55	8.14999999999999	0.307755436990073	1108	7.54615080292175	8.75384919707822
116	WGN55	7.99549143372406	0.435330015425352	1108	7.14132722187575	8.84965564557236
117	WGN55	9.29999999999999	0.307755436990073	1108	8.69615080292175	9.90384919707823
118	WGN55	8.09999999999999	0.307755436990073	1108	7.49615080292175	8.70384919707822
119	WGN55	8.89999999999999	0.307755436990073	1108	8.29615080292175	9.50384919707823
120	WGN55	9.34999999999999	0.307755436990073	1108	8.74615080292175	9.95384919707823
121	WGN55	7.49999999999999	0.307755436990073	1108	6.89615080292175	8.10384919707822
122	WGN55	8.59999999999999	0.307755436990073	1108	7.99615080292175	9.20384919707822
123	WGN55	8.49999999999999	0.307755436990073	1108	7.89615080292175	9.10384919707823
124	WGN55	9.94999999999999	0.307755436990073	1108	9.34615080292175	10.5538491970782
125	WGN55	8.39999999999999	0.307755436990073	1108	7.79615080292175	9.00384919707822
126	WGN55	7.69999999999999	0.307755436990073	1108	7.09615080292175	8.30384919707823
128	WGN55	7.94999999999999	0.307755436990073	1108	7.34615080292175	8.55384919707823
129	WGN55	9.09999999999999	0.307755436990073	1108	8.49615080292175	9.70384919707823
130	WGN55	8.39999999999999	0.307755436990073	1108	7.79615080292175	9.00384919707823
1	WGN63	9.39999999999999	0.307755436990074	1108	8.79615080292174	10.0038491970782
2	WGN63	10	0.307755436990071	1108	9.39615080292177	10.6038491970782
3	WGN63	9.69999999999999	0.307755436990072	1108	9.09615080292175	10.3038491970782
4	WGN63	9.90000000000002	0.307755436990072	1108	9.29615080292178	10.5038491970783
5	WGN63	10.25	0.307755436990071	1108	9.64615080292176	10.8538491970782
6	WGN63	9.10450856627593	0.435330015425349	1108	8.25034435442763	9.95867277812423
7	WGN63	9.00000000000001	0.307755436990072	1108	8.39615080292178	9.60384919707825
8	WGN63	8.94999999999998	0.307755436990074	1108	8.34615080292174	9.55384919707823
9	WGN63	9.5	0.307755436990072	1108	8.89615080292176	10.1038491970782
10	WGN63	9.7	0.307755436990074	1108	9.09615080292176	10.3038491970782
12	WGN63	9.7	0.307755436990073	1108	9.09615080292176	10.3038491970782
13	WGN63	10.0954914337241	0.435330015425352	1108	9.24132722187577	10.9496556455724
14	WGN63	8.34999999999999	0.307755436990074	1108	7.74615080292175	8.95384919707823
16	WGN63	9.04999999999999	0.307755436990074	1108	8.44615080292175	9.65384919707823
17	WGN63	8.70450856627594	0.435330015425352	1108	7.85034435442763	9.55867277812424
18	WGN63	9.5	0.307755436990073	1108	8.89615080292176	10.1038491970782
19	WGN63	8.9	0.307755436990074	1108	8.29615080292176	9.50384919707824
20	WGN63	9.05	0.307755436990073	1108	8.44615080292176	9.65384919707824
21	WGN63	9.5	0.307755436990072	1108	8.89615080292176	10.1038491970782
22	WGN63	8.99999999999999	0.307755436990072	1108	8.39615080292175	9.60384919707823
23	WGN63	10.05	0.307755436990073	1108	9.44615080292176	10.6538491970782
24	WGN63	9.09999999999999	0.307755436990073	1108	8.49615080292176	9.70384919707823
25	WGN63	9.45	0.307755436990073	1108	8.84615080292176	10.0538491970782
26	WGN63	10.3	0.307755436990071	1108	9.69615080292175	10.9038491970782
27	WGN63	9.55	0.307755436990069	1108	8.94615080292177	10.1538491970782
28	WGN63	10.55	0.307755436990071	1108	9.94615080292175	11.1538491970782
29	WGN63	9.50000000000001	0.307755436990074	1108	8.89615080292177	10.1038491970782
30	WGN63	9.89999999999999	0.30775543699007	1108	9.29615080292176	10.5038491970782
31	WGN63	8.69999999999999	0.307755436990074	1108	8.09615080292175	9.30384919707823
32	WGN63	9.5	0.307755436990072	1108	8.89615080292176	10.1038491970782
33	WGN63	9.10000000000002	0.30775543699007	1108	8.49615080292179	9.70384919707826
34	WGN63	9	0.307755436990073	1108	8.39615080292176	9.60384919707823
35	WGN63	8.85000000000001	0.307755436990072	1108	8.24615080292177	9.45384919707825
36	WGN63	9.15	0.307755436990074	1108	8.54615080292175	9.75384919707824
37	WGN63	9.79999999999999	0.307755436990072	1108	9.19615080292175	10.4038491970782
38	WGN63	11.4	0.30775543699007	1108	10.7961508029217	12.0038491970782
39	WGN63	9.94999999999999	0.307755436990072	1108	9.34615080292176	10.5538491970782
40	WGN63	7.74999999999997	0.307755436990074	1108	7.14615080292173	8.35384919707821
41	WGN63	9.40450856627593	0.43533001542535	1108	8.55034435442763	10.2586727781242
42	WGN63	9.15	0.30775543699007	1108	8.54615080292177	9.75384919707824
43	WGN63	8.6	0.307755436990072	1108	7.99615080292177	9.20384919707824
44	WGN63	8.64999999999998	0.307755436990074	1108	8.04615080292174	9.25384919707823
45	WGN63	9.95	0.307755436990074	1108	9.34615080292176	10.5538491970782
46	WGN63	9.8	0.30775543699007	1108	9.19615080292176	10.4038491970782
47	WGN63	8.95	0.307755436990072	1108	8.34615080292176	9.55384919707824
48	WGN63	9.3	0.307755436990074	1108	8.69615080292176	9.90384919707824
49	WGN63	8.74999999999999	0.307755436990074	1108	8.14615080292174	9.35384919707823
50	WGN63	9.3	0.307755436990074	1108	8.69615080292176	9.90384919707824
51	WGN63	10.4954914337241	0.43533001542535	1108	9.64132722187578	11.3496556455724
52	WGN63	10.65	0.307755436990072	1108	10.0461508029218	11.2538491970782
53	WGN63	10.25	0.307755436990072	1108	9.64615080292176	10.8538491970782
54	WGN63	9.8	0.307755436990073	1108	9.19615080292176	10.4038491970782
55	WGN63	9.6	0.307755436990072	1108	8.99615080292176	10.2038491970782
56	WGN63	9.65	0.307755436990072	1108	9.04615080292176	10.2538491970782
57	WGN63	10.9	0.307755436990073	1108	10.2961508029218	11.5038491970782
58	WGN63	9.75	0.307755436990073	1108	9.14615080292176	10.3538491970782
59	WGN63	8.80000000000001	0.307755436990073	1108	8.19615080292177	9.40384919707824
60	WGN63	9.9	0.307755436990071	1108	9.29615080292177	10.5038491970782
61	WGN63	9.75	0.307755436990073	1108	9.14615080292177	10.3538491970782
62	WGN63	9.1	0.307755436990071	1108	8.49615080292176	9.70384919707824
63	WGN63	9.65	0.307755436990073	1108	9.04615080292176	10.2538491970782
64	WGN63	8.85	0.307755436990074	1108	8.24615080292176	9.45384919707824
65	WGN63	10.2	0.307755436990074	1108	9.59615080292176	10.8038491970782
66	WGN63	8.65	0.307755436990073	1108	8.04615080292176	9.25384919707824
67	WGN63	8.75	0.307755436990072	1108	8.14615080292177	9.35384919707824
68	WGN63	8.65	0.307755436990073	1108	8.04615080292176	9.25384919707824
69	WGN63	10.45	0.307755436990071	1108	9.84615080292175	11.0538491970782
70	WGN63	9.90000000000001	0.307755436990074	1108	9.29615080292177	10.5038491970782
72	WGN63	8.5	0.307755436990072	1108	7.89615080292176	9.10384919707824
73	WGN63	8.8	0.307755436990071	1108	8.19615080292177	9.40384919707824
74	WGN63	10.3	0.307755436990072	1108	9.69615080292175	10.9038491970782
75	WGN63	10.05	0.307755436990072	1108	9.44615080292176	10.6538491970782
76	WGN63	9.3	0.307755436990071	1108	8.69615080292177	9.90384919707824
77	WGN63	10.75	0.307755436990073	1108	10.1461508029218	11.3538491970782
78	WGN63	9.3	0.307755436990072	1108	8.69615080292176	9.90384919707824
79	WGN63	9.65	0.307755436990072	1108	9.04615080292176	10.2538491970782
80	WGN63	10.15	0.307755436990071	1108	9.54615080292176	10.7538491970782
81	WGN63	8.7	0.307755436990072	1108	8.09615080292176	9.30384919707824
82	WGN63	8.15	0.307755436990073	1108	7.54615080292176	8.75384919707824
83	WGN63	10.35	0.307755436990073	1108	9.74615080292176	10.9538491970782
84	WGN63	9.25	0.307755436990072	1108	8.64615080292177	9.85384919707824
85	WGN63	10.65	0.307755436990072	1108	10.0461508029218	11.2538491970782
86	WGN63	10.35	0.307755436990072	1108	9.74615080292176	10.9538491970782
87	WGN63	9.85	0.307755436990072	1108	9.24615080292176	10.4538491970782
88	WGN63	9.6	0.307755436990073	1108	8.99615080292176	10.2038491970782
89	WGN63	9.4	0.307755436990072	1108	8.79615080292177	10.0038491970782
90	WGN63	9.09549143372407	0.435330015425352	1108	8.24132722187577	9.94965564557238
91	WGN63	9.4	0.307755436990073	1108	8.79615080292176	10.0038491970782
92	WGN63	9.6	0.307755436990072	1108	8.99615080292176	10.2038491970782
93	WGN63	9.5	0.307755436990072	1108	8.89615080292176	10.1038491970782
94	WGN63	9.65	0.307755436990072	1108	9.04615080292176	10.2538491970782
95	WGN63	9.70450856627592	0.435330015425351	1108	8.85034435442762	10.5586727781242
96	WGN63	9.25	0.307755436990072	1108	8.64615080292176	9.85384919707824
97	WGN63	9.4	0.307755436990072	1108	8.79615080292176	10.0038491970782
98	WGN63	9.3	0.307755436990072	1108	8.69615080292176	9.90384919707824
99	WGN63	8.75	0.307755436990073	1108	8.14615080292176	9.35384919707824
100	WGN63	9.35	0.307755436990072	1108	8.74615080292176	9.95384919707824
101	WGN63	10.45	0.307755436990073	1108	9.84615080292176	11.0538491970782
102	WGN63	10.55	0.307755436990073	1108	9.94615080292176	11.1538491970782
103	WGN63	9.7	0.307755436990073	1108	9.09615080292176	10.3038491970782
105	WGN63	8.85	0.307755436990072	1108	8.24615080292176	9.45384919707824
106	WGN63	8.50450856627593	0.435330015425352	1108	7.65034435442762	9.35867277812423
107	WGN63	10.3	0.307755436990073	1108	9.69615080292176	10.9038491970782
109	WGN63	8.4	0.307755436990073	1108	7.79615080292176	9.00384919707824
110	WGN63	8.9	0.307755436990072	1108	8.29615080292176	9.50384919707824
111	WGN63	9.65	0.307755436990072	1108	9.04615080292176	10.2538491970782
112	WGN63	9.3	0.307755436990072	1108	8.69615080292176	9.90384919707824
114	WGN63	9.1	0.307755436990073	1108	8.49615080292176	9.70384919707824
115	WGN63	10.5	0.307755436990072	1108	9.89615080292176	11.1038491970782
116	WGN63	9.45	0.307755436990072	1108	8.84615080292176	10.0538491970782
117	WGN63	9.25	0.307755436990072	1108	8.64615080292176	9.85384919707824
118	WGN63	9.4	0.307755436990072	1108	8.79615080292176	10.0038491970782
119	WGN63	10.1	0.307755436990072	1108	9.49615080292176	10.7038491970782
121	WGN63	8.9	0.307755436990072	1108	8.29615080292176	9.50384919707824
122	WGN63	8.35	0.307755436990073	1108	7.74615080292176	8.95384919707824
123	WGN63	10.3	0.307755436990072	1108	9.69615080292176	10.9038491970782
124	WGN63	10.75	0.307755436990073	1108	10.1461508029218	11.3538491970782
125	WGN63	9.45	0.307755436990073	1108	8.84615080292176	10.0538491970782
126	WGN63	9.6	0.307755436990073	1108	8.99615080292176	10.2038491970782
127	WGN63	10.35	0.307755436990072	1108	9.74615080292176	10.9538491970782
128	WGN63	8.85	0.307755436990072	1108	8.24615080292176	9.45384919707824
129	WGN63	10	0.307755436990072	1108	9.39615080292176	10.6038491970782
130	WGN63	10.95	0.307755436990072	1108	10.3461508029218	11.5538491970782
