plantID3	famID	emmean	SE	df	lower.CL	upper.CL
1	WGN07	6.29999999999887	0.269376398908408	1136	5.7714688403938	6.82853115960395
2	WGN07	7.35000000000156	0.269376398908256	1136	6.82146884039678	7.87853115960634
3	WGN07	7.60000000000022	0.269376398908258	1136	7.07146884039544	8.128531159605
4	WGN07	6.69999999999993	0.269376398908259	1136	6.17146884039515	7.22853115960471
5	WGN07	7.40000000000004	0.269376398908249	1136	6.87146884039528	7.92853115960481
6	WGN07	5.95	0.269376398908248	1136	5.42146884039524	6.47853115960476
7	WGN07	7.04999999999994	0.269376398908256	1136	6.52146884039516	7.57853115960472
8	WGN07	7.39999999999997	0.269376398908242	1136	6.87146884039522	7.92853115960472
9	WGN07	7.75000000000003	0.269376398908255	1136	7.22146884039525	8.2785311596048
10	WGN07	6.59999999999999	0.269376398908249	1136	6.07146884039523	7.12853115960475
11	WGN07	6.84999999999997	0.269376398908246	1136	6.32146884039522	7.37853115960473
12	WGN07	6.60000000000001	0.26937639890825	1136	6.07146884039525	7.12853115960478
13	WGN07	6.59999999999997	0.269376398908241	1136	6.07146884039522	7.12853115960472
14	WGN07	7.35	0.26937639890825	1136	6.82146884039524	7.87853115960477
15	WGN07	7.30000000000002	0.269376398908257	1136	6.77146884039524	7.8285311596048
16	WGN07	7.20000000000006	0.269376398908257	1136	6.67146884039528	7.72853115960484
17	WGN07	7.50000000000005	0.269376398908249	1136	6.97146884039528	8.02853115960481
18	WGN07	8.04999999999997	0.269376398908249	1136	7.52146884039521	8.57853115960474
20	WGN07	6.05	0.269376398908254	1136	5.52146884039523	6.57853115960477
21	WGN07	7.09999999999997	0.269376398908256	1136	6.57146884039519	7.62853115960475
22	WGN07	6.90000000000009	0.269376398908254	1136	6.37146884039531	7.42853115960486
23	WGN07	6.84999999999999	0.26937639890825	1136	6.32146884039522	7.37853115960475
24	WGN07	7.04999999999998	0.269376398908249	1136	6.52146884039521	7.57853115960474
25	WGN07	6.6	0.26937639890825	1136	6.07146884039523	7.12853115960476
26	WGN07	7.15000000000001	0.269376398908246	1136	6.62146884039525	7.67853115960477
27	WGN07	8.00000000000002	0.269376398908254	1136	7.47146884039525	8.52853115960479
28	WGN07	6.69999999999998	0.269376398908247	1136	6.17146884039523	7.22853115960474
29	WGN07	6.4	0.269376398908245	1136	5.87146884039524	6.92853115960476
30	WGN07	6.89999999999999	0.269376398908248	1136	6.37146884039523	7.42853115960475
31	WGN07	6.6	0.269376398908261	1136	6.07146884039521	7.12853115960478
32	WGN07	6.89999999999996	0.269376398908248	1136	6.3714688403952	7.42853115960473
33	WGN07	6.85000000000004	0.269376398908246	1136	6.32146884039529	7.3785311596048
34	WGN07	8.24999999999998	0.269376398908249	1136	7.72146884039522	8.77853115960475
35	WGN07	7.64999999999999	0.269376398908248	1136	7.12146884039523	8.17853115960475
36	WGN07	6.99999999999997	0.269376398908258	1136	6.47146884039519	7.52853115960475
37	WGN07	6.34999999999997	0.269376398908248	1136	5.82146884039521	6.87853115960473
38	WGN07	7.49999999999995	0.269376398908249	1136	6.97146884039519	8.02853115960472
39	WGN07	6.14999999999999	0.269376398908251	1136	5.62146884039522	6.67853115960476
40	WGN07	6.54999999999996	0.269376398908244	1136	6.0214688403952	7.07853115960471
41	WGN07	7.44999999999997	0.269376398908249	1136	6.92146884039521	7.97853115960474
42	WGN07	6.6	0.269376398908249	1136	6.07146884039524	7.12853115960476
44	WGN07	6.39999999999999	0.269376398908254	1136	5.87146884039521	6.92853115960476
46	WGN07	7.14999999999996	0.269376398908245	1136	6.6214688403952	7.67853115960471
47	WGN07	6.44999999999996	0.269376398908247	1136	5.9214688403952	6.97853115960472
48	WGN07	7.35000000000002	0.269376398908257	1136	6.82146884039524	7.8785311596048
49	WGN07	8.44999999999998	0.269376398908249	1136	7.92146884039522	8.97853115960474
50	WGN07	7.14999999999998	0.26937639890825	1136	6.62146884039521	7.67853115960474
51	WGN07	6.49999999999998	0.269376398908248	1136	5.97146884039521	7.02853115960474
52	WGN07	7.04999999999997	0.26937639890825	1136	6.5214688403952	7.57853115960473
53	WGN07	6.69999999999999	0.269376398908244	1136	6.17146884039524	7.22853115960474
54	WGN07	6.94665787159189	0.381039510871473	1136	6.19903760733583	7.69427813584796
55	WGN07	6.69999999999998	0.26937639890825	1136	6.17146884039521	7.22853115960474
56	WGN07	7.34999999999997	0.269376398908249	1136	6.8214688403952	7.87853115960473
57	WGN07	7.09999999999993	0.269376398908243	1136	6.57146884039518	7.62853115960468
58	WGN07	8.14999999999995	0.269376398908241	1136	7.6214688403952	8.6785311596047
59	WGN07	6.49999999999999	0.269376398908255	1136	5.97146884039522	7.02853115960477
60	WGN07	6.65	0.269376398908253	1136	6.12146884039523	7.17853115960477
61	WGN07	7.00000000000001	0.269376398908253	1136	6.47146884039524	7.52853115960478
62	WGN07	7.55334212840811	0.381039510871495	1136	6.805721864152	8.30096239266421
63	WGN07	6.4	0.269376398908245	1136	5.87146884039524	6.92853115960475
64	WGN07	7	0.269376398908251	1136	6.47146884039523	7.52853115960477
66	WGN07	7.19999999999999	0.269376398908248	1136	6.67146884039523	7.72853115960476
67	WGN07	7.10000000000001	0.269376398908251	1136	6.57146884039524	7.62853115960478
68	WGN07	6.09999999999999	0.269376398908252	1136	5.57146884039522	6.62853115960476
69	WGN07	7.14999999999998	0.269376398908241	1136	6.62146884039523	7.67853115960472
71	WGN07	7.94999999999999	0.269376398908249	1136	7.42146884039523	8.47853115960475
73	WGN07	6.84999999999998	0.269376398908246	1136	6.32146884039523	7.37853115960474
74	WGN07	7.09999999999999	0.269376398908249	1136	6.57146884039522	7.62853115960475
75	WGN07	6.8	0.269376398908248	1136	6.27146884039524	7.32853115960476
76	WGN07	6.75000000000001	0.269376398908246	1136	6.22146884039526	7.27853115960477
77	WGN07	7.15	0.269376398908246	1136	6.62146884039524	7.67853115960476
78	WGN07	6.89999999999998	0.269376398908248	1136	6.37146884039522	7.42853115960474
79	WGN07	7.24999999999994	0.269376398908246	1136	6.72146884039518	7.77853115960469
80	WGN07	7.55000000000003	0.269376398908246	1136	7.02146884039527	8.07853115960478
81	WGN07	6.49999999999999	0.269376398908246	1136	5.97146884039523	7.02853115960475
82	WGN07	6.79999999999998	0.269376398908246	1136	6.27146884039522	7.32853115960474
83	WGN07	6.49999999999999	0.269376398908253	1136	5.97146884039522	7.02853115960476
84	WGN07	7.59999999999994	0.269376398908239	1136	7.0714688403952	8.12853115960468
85	WGN07	7.70000000000001	0.269376398908254	1136	7.17146884039524	8.22853115960478
86	WGN07	7.24999999999997	0.269376398908248	1136	6.72146884039521	7.77853115960473
87	WGN07	7.34999999999998	0.26937639890825	1136	6.82146884039521	7.87853115960474
88	WGN07	6.94999999999999	0.26937639890825	1136	6.42146884039522	7.47853115960475
89	WGN07	7.05000000000007	0.269376398908255	1136	6.52146884039529	7.57853115960484
90	WGN07	7.49999999999998	0.269376398908245	1136	6.97146884039522	8.02853115960473
91	WGN07	7.39999999999999	0.269376398908249	1136	6.87146884039522	7.92853115960475
92	WGN07	6.89999999999997	0.269376398908248	1136	6.37146884039521	7.42853115960473
93	WGN07	7.39999999999999	0.269376398908249	1136	6.87146884039523	7.92853115960475
94	WGN07	6.94999999999996	0.269376398908248	1136	6.4214688403952	7.47853115960472
95	WGN07	7.34999999999996	0.26937639890825	1136	6.8214688403952	7.87853115960473
96	WGN07	6.85	0.269376398908256	1136	6.32146884039522	7.37853115960478
97	WGN07	7.39999999999999	0.269376398908249	1136	6.87146884039523	7.92853115960476
98	WGN07	6.94999999999994	0.269376398908241	1136	6.42146884039519	7.47853115960469
99	WGN07	7.6	0.26937639890825	1136	7.07146884039524	8.12853115960477
100	WGN07	6.75	0.269376398908249	1136	6.22146884039523	7.27853115960476
101	WGN07	7.14999999999998	0.26937639890825	1136	6.62146884039521	7.67853115960474
102	WGN07	7.24999999999998	0.269376398908245	1136	6.72146884039522	7.77853115960473
103	WGN07	7.00000000000003	0.269376398908259	1136	6.47146884039525	7.52853115960482
104	WGN07	7.3	0.26937639890825	1136	6.77146884039524	7.82853115960477
105	WGN07	6.69999999999998	0.269376398908252	1136	6.17146884039522	7.22853115960475
106	WGN07	7.19999999999998	0.26937639890825	1136	6.67146884039522	7.72853115960475
107	WGN07	7.14999999999994	0.269376398908239	1136	6.6214688403952	7.67853115960468
108	WGN07	7.09999999999995	0.269376398908246	1136	6.57146884039519	7.6285311596047
109	WGN07	6.94999999999999	0.269376398908252	1136	6.42146884039522	7.47853115960475
110	WGN07	7.29999999999998	0.269376398908253	1136	6.77146884039521	7.82853115960475
111	WGN07	7.19999999999999	0.269376398908248	1136	6.67146884039523	7.72853115960475
112	WGN07	7.1	0.269376398908257	1136	6.57146884039522	7.62853115960478
113	WGN07	7.09999999999998	0.26937639890825	1136	6.57146884039522	7.62853115960475
114	WGN07	6.34999999999998	0.269376398908247	1136	5.82146884039522	6.87853115960474
115	WGN07	7.19999999999996	0.269376398908247	1136	6.6714688403952	7.72853115960472
116	WGN07	7.24999999999998	0.269376398908247	1136	6.72146884039522	7.77853115960474
117	WGN07	6.25000000000001	0.269376398908263	1136	5.72146884039522	6.77853115960481
118	WGN07	6.84999999999998	0.269376398908251	1136	6.32146884039521	7.37853115960474
119	WGN07	7.05	0.26937639890825	1136	6.52146884039523	7.57853115960476
120	WGN07	6.84999999999998	0.269376398908245	1136	6.32146884039523	7.37853115960474
121	WGN07	6.24999999999998	0.269376398908248	1136	5.72146884039522	6.77853115960475
122	WGN07	6.25334212840807	0.381039510871478	1136	5.505721864152	7.00096239266414
123	WGN07	6.79999999999997	0.269376398908252	1136	6.2714688403952	7.32853115960474
124	WGN07	7.44999999999997	0.269376398908248	1136	6.92146884039521	7.97853115960474
125	WGN07	6.54999999999998	0.26937639890825	1136	6.02146884039522	7.07853115960475
126	WGN07	7.04999999999999	0.269376398908253	1136	6.52146884039521	7.57853115960476
127	WGN07	8.19999999999999	0.269376398908247	1136	7.67146884039523	8.72853115960475
128	WGN07	6.84999999999999	0.269376398908256	1136	6.32146884039522	7.37853115960477
129	WGN07	7.69999999999999	0.269376398908251	1136	7.17146884039522	8.22853115960475
130	WGN07	6.74999999999997	0.26937639890825	1136	6.2214688403952	7.27853115960473
1	WGN15	6.85000000000002	0.269376398908291	1136	6.32146884039518	7.37853115960487
2	WGN15	7.84999999999982	0.269376398908239	1136	7.32146884039508	8.37853115960456
3	WGN15	8.64999999999993	0.26937639890825	1136	8.12146884039517	9.1785311596047
4	WGN15	6.94999999999992	0.269376398908246	1136	6.42146884039516	7.47853115960467
5	WGN15	8.39999999999993	0.269376398908251	1136	7.87146884039517	8.9285311596047
7	WGN15	7.49999999999988	0.269376398908243	1136	6.97146884039513	8.02853115960463
8	WGN15	9.2999999999999	0.269376398908247	1136	8.77146884039514	9.82853115960466
9	WGN15	7.74999999999991	0.269376398908251	1136	7.22146884039515	8.27853115960468
10	WGN15	7.69999999999996	0.269376398908257	1136	7.17146884039518	8.22853115960474
11	WGN15	7.4999999999999	0.26937639890825	1136	6.97146884039514	8.02853115960467
12	WGN15	8.74999999999998	0.269376398908254	1136	8.22146884039521	9.27853115960475
13	WGN15	8.84999999999993	0.269376398908252	1136	8.32146884039516	9.3785311596047
14	WGN15	8.1499999999999	0.269376398908251	1136	7.62146884039513	8.67853115960467
15	WGN15	7.74999999999994	0.269376398908252	1136	7.22146884039517	8.27853115960471
16	WGN15	7.59999999999993	0.269376398908253	1136	7.07146884039516	8.12853115960471
17	WGN15	7.35334212840798	0.381039510871482	1136	6.6057218641519	8.10096239266406
18	WGN15	8.04999999999995	0.269376398908254	1136	7.52146884039517	8.57853115960472
19	WGN15	7.39999999999991	0.26937639890825	1136	6.87146884039515	7.92853115960468
20	WGN15	7.84999999999995	0.269376398908254	1136	7.32146884039518	8.37853115960472
21	WGN15	8.04999999999988	0.269376398908246	1136	7.52146884039512	8.57853115960463
22	WGN15	7.54999999999989	0.26937639890825	1136	7.02146884039513	8.07853115960466
23	WGN15	7.39999999999989	0.269376398908249	1136	6.87146884039513	7.92853115960465
24	WGN15	6.153342128408	0.381039510871473	1136	5.40572186415193	6.90096239266406
25	WGN15	8.14999999999985	0.269376398908245	1136	7.62146884039509	8.6785311596046
26	WGN15	7.44999999999996	0.269376398908251	1136	6.9214688403952	7.97853115960473
27	WGN15	7.14999999999993	0.269376398908255	1136	6.62146884039516	7.67853115960471
28	WGN15	8.44999999999995	0.269376398908253	1136	7.92146884039518	8.97853115960472
29	WGN15	7.34999999999989	0.269376398908249	1136	6.82146884039513	7.87853115960465
30	WGN15	8.19999999999992	0.26937639890825	1136	7.67146884039516	8.72853115960469
31	WGN15	7.95334212840795	0.38103951087147	1136	7.20572186415189	8.70096239266401
32	WGN15	8.09999999999992	0.269376398908252	1136	7.57146884039515	8.62853115960469
33	WGN15	7.79999999999988	0.269376398908248	1136	7.27146884039512	8.32853115960464
34	WGN15	7.44999999999994	0.269376398908255	1136	6.92146884039516	7.97853115960471
35	WGN15	7.89999999999993	0.269376398908251	1136	7.37146884039516	8.4285311596047
36	WGN15	7.69999999999989	0.269376398908248	1136	7.17146884039513	8.22853115960466
37	WGN15	8.69999999999986	0.269376398908245	1136	8.17146884039511	9.22853115960462
38	WGN15	6.54999999999993	0.269376398908248	1136	6.02146884039517	7.0785311596047
39	WGN15	7.49999999999997	0.269376398908244	1136	6.97146884039521	8.02853115960472
40	WGN15	7.4999999999999	0.269376398908249	1136	6.97146884039513	8.02853115960466
41	WGN15	8.24999999999989	0.269376398908248	1136	7.72146884039513	8.77853115960465
43	WGN15	7.94999999999988	0.269376398908248	1136	7.42146884039512	8.47853115960464
44	WGN15	7.44999999999989	0.269376398908249	1136	6.92146884039512	7.97853115960465
45	WGN15	7.64999999999995	0.269376398908252	1136	7.12146884039518	8.17853115960472
46	WGN15	7.6999999999999	0.269376398908249	1136	7.17146884039513	8.22853115960466
47	WGN15	7.3999999999999	0.269376398908251	1136	6.87146884039514	7.92853115960467
48	WGN15	7.79999999999989	0.269376398908249	1136	7.27146884039512	8.32853115960465
50	WGN15	8.1999999999999	0.269376398908249	1136	7.67146884039513	8.72853115960466
51	WGN15	6.9499999999999	0.269376398908248	1136	6.42146884039514	7.47853115960466
52	WGN15	7.74999999999989	0.269376398908248	1136	7.22146884039513	8.27853115960465
53	WGN15	7.69999999999991	0.269376398908248	1136	7.17146884039515	8.22853115960467
54	WGN15	8.45334212840799	0.381039510871483	1136	7.7057218641519	9.20096239266407
55	WGN15	7.4999999999999	0.26937639890825	1136	6.97146884039513	8.02853115960466
56	WGN15	7.64999999999989	0.269376398908245	1136	7.12146884039514	8.17853115960465
57	WGN15	7.1499999999999	0.269376398908247	1136	6.62146884039514	7.67853115960466
58	WGN15	7.7499999999999	0.269376398908249	1136	7.22146884039514	8.27853115960466
59	WGN15	7.84999999999993	0.269376398908253	1136	7.32146884039515	8.3785311596047
60	WGN15	8.19999999999989	0.269376398908245	1136	7.67146884039513	8.72853115960465
61	WGN15	7.7499999999999	0.269376398908248	1136	7.22146884039514	8.27853115960466
62	WGN15	8.2999999999999	0.269376398908248	1136	7.77146884039514	8.82853115960467
63	WGN15	7.54999999999991	0.269376398908249	1136	7.02146884039515	8.07853115960467
64	WGN15	6.79999999999993	0.26937639890825	1136	6.27146884039517	7.3285311596047
65	WGN15	7.29999999999992	0.269376398908247	1136	6.77146884039516	7.82853115960468
66	WGN15	7.2499999999999	0.269376398908251	1136	6.72146884039513	7.77853115960467
67	WGN15	8.0999999999999	0.269376398908249	1136	7.57146884039514	8.62853115960466
69	WGN15	7.6999999999999	0.269376398908249	1136	7.17146884039514	8.22853115960467
70	WGN15	7.4499999999999	0.269376398908248	1136	6.92146884039514	7.97853115960467
71	WGN15	7.1499999999999	0.269376398908248	1136	6.62146884039514	7.67853115960466
72	WGN15	7.84999999999991	0.26937639890825	1136	7.32146884039515	8.37853115960468
73	WGN15	7.74999999999993	0.269376398908248	1136	7.22146884039517	8.27853115960469
74	WGN15	7.79999999999991	0.269376398908249	1136	7.27146884039515	8.32853115960467
75	WGN15	7.6999999999999	0.269376398908247	1136	7.17146884039514	8.22853115960466
77	WGN15	7.1999999999999	0.269376398908247	1136	6.67146884039514	7.72853115960466
78	WGN15	7.54999999999991	0.269376398908248	1136	7.02146884039514	8.07853115960467
79	WGN15	7.84999999999989	0.269376398908246	1136	7.32146884039514	8.37853115960465
80	WGN15	8.09999999999989	0.269376398908245	1136	7.57146884039514	8.62853115960465
81	WGN15	8.1499999999999	0.269376398908248	1136	7.62146884039513	8.67853115960466
82	WGN15	7.09999999999991	0.269376398908252	1136	6.57146884039514	7.62853115960468
83	WGN15	8.74999999999991	0.26937639890825	1136	8.22146884039514	9.27853115960468
84	WGN15	7.44999999999991	0.26937639890825	1136	6.92146884039515	7.97853115960468
85	WGN15	8.1999999999999	0.269376398908248	1136	7.67146884039513	8.72853115960466
86	WGN15	8.1999999999999	0.26937639890825	1136	7.67146884039513	8.72853115960466
87	WGN15	7.3999999999999	0.269376398908247	1136	6.87146884039514	7.92853115960466
88	WGN15	7.6499999999999	0.269376398908249	1136	7.12146884039514	8.17853115960467
89	WGN15	8.09999999999992	0.269376398908249	1136	7.57146884039515	8.62853115960468
90	WGN15	8.54999999999993	0.26937639890825	1136	8.02146884039516	9.0785311596047
91	WGN15	8.19999999999989	0.269376398908249	1136	7.67146884039513	8.72853115960466
92	WGN15	7.69999999999989	0.269376398908247	1136	7.17146884039513	8.22853115960465
93	WGN15	7.94999999999989	0.269376398908247	1136	7.42146884039513	8.47853115960465
94	WGN15	7.99999999999991	0.269376398908251	1136	7.47146884039514	8.52853115960467
95	WGN15	7.8499999999999	0.269376398908249	1136	7.32146884039514	8.37853115960466
96	WGN15	8.2499999999999	0.269376398908249	1136	7.72146884039514	8.77853115960466
97	WGN15	7.14999999999991	0.26937639890825	1136	6.62146884039514	7.67853115960467
98	WGN15	7.24999999999991	0.269376398908252	1136	6.72146884039514	7.77853115960467
99	WGN15	7.79999999999991	0.269376398908251	1136	7.27146884039514	8.32853115960467
100	WGN15	7.99999999999992	0.269376398908251	1136	7.47146884039516	8.52853115960469
101	WGN15	8.04999999999991	0.26937639890825	1136	7.52146884039514	8.57853115960467
102	WGN15	7.69999999999991	0.26937639890825	1136	7.17146884039514	8.22853115960467
103	WGN15	7.24999999999988	0.269376398908251	1136	6.72146884039512	7.77853115960465
104	WGN15	7.94999999999988	0.269376398908247	1136	7.42146884039512	8.47853115960464
106	WGN15	7.3999999999999	0.269376398908247	1136	6.87146884039514	7.92853115960466
107	WGN15	7.3999999999999	0.269376398908245	1136	6.87146884039515	7.92853115960466
108	WGN15	8.79999999999991	0.269376398908249	1136	8.27146884039514	9.32853115960467
109	WGN15	7.0999999999999	0.269376398908248	1136	6.57146884039514	7.62853115960466
110	WGN15	8.09999999999988	0.269376398908245	1136	7.57146884039512	8.62853115960464
111	WGN15	8.3999999999999	0.269376398908247	1136	7.87146884039514	8.92853115960466
112	WGN15	8.04999999999989	0.269376398908248	1136	7.52146884039513	8.57853115960465
113	WGN15	8.04999999999989	0.269376398908246	1136	7.52146884039514	8.57853115960465
114	WGN15	8.4999999999999	0.269376398908247	1136	7.97146884039513	9.02853115960466
115	WGN15	7.19999999999991	0.269376398908248	1136	6.67146884039515	7.72853115960467
116	WGN15	7.49999999999992	0.269376398908251	1136	6.97146884039516	8.02853115960469
117	WGN15	7.59999999999993	0.269376398908251	1136	7.07146884039517	8.1285311596047
118	WGN15	7.64999999999987	0.269376398908247	1136	7.12146884039511	8.17853115960463
119	WGN15	7.44999999999992	0.269376398908251	1136	6.92146884039516	7.97853115960469
120	WGN15	7.84999999999991	0.269376398908249	1136	7.32146884039514	8.37853115960467
121	WGN15	7.39999999999991	0.269376398908249	1136	6.87146884039514	7.92853115960467
122	WGN15	7.99999999999993	0.269376398908254	1136	7.47146884039516	8.5285311596047
123	WGN15	8.1999999999999	0.269376398908249	1136	7.67146884039514	8.72853115960467
124	WGN15	7.5999999999999	0.269376398908247	1136	7.07146884039514	8.12853115960466
125	WGN15	7.79999999999992	0.269376398908251	1136	7.27146884039515	8.32853115960469
126	WGN15	7.4999999999999	0.269376398908254	1136	6.97146884039513	8.02853115960468
127	WGN15	8.6499999999999	0.269376398908252	1136	8.12146884039513	9.17853115960467
128	WGN15	9.59999999999992	0.269376398908249	1136	9.07146884039516	10.1285311596047
129	WGN15	7.4499999999999	0.26937639890825	1136	6.92146884039514	7.97853115960467
130	WGN15	6.99999999999992	0.269376398908246	1136	6.47146884039516	7.52853115960468
3	WGN26	7.89999999999978	0.269376398908254	1136	7.37146884039501	8.42853115960456
4	WGN26	8.99999999999983	0.269376398908241	1136	8.47146884039508	9.52853115960457
5	WGN26	8.24999999999986	0.269376398908243	1136	7.72146884039511	8.77853115960462
6	WGN26	7.64999999999988	0.269376398908245	1136	7.12146884039513	8.17853115960464
7	WGN26	8.99999999999981	0.269376398908243	1136	8.47146884039506	9.52853115960456
8	WGN26	8.44999999999986	0.26937639890824	1136	7.92146884039511	8.9785311596046
9	WGN26	6.84999999999979	0.269376398908253	1136	6.32146884039502	7.37853115960456
10	WGN26	9.49999999999979	0.269376398908246	1136	8.97146884039503	10.0285311596046
11	WGN26	9.09999999999982	0.26937639890825	1136	8.57146884039506	9.62853115960459
12	WGN26	8.44999999999982	0.269376398908254	1136	7.92146884039505	8.97853115960459
13	WGN26	8.79999999999982	0.269376398908248	1136	8.27146884039506	9.32853115960458
14	WGN26	8.29999999999981	0.269376398908252	1136	7.77146884039504	8.82853115960457
15	WGN26	7.69999999999982	0.269376398908249	1136	7.17146884039505	8.22853115960458
17	WGN26	9.2499999999998	0.269376398908249	1136	8.72146884039504	9.77853115960456
18	WGN26	8.04999999999988	0.269376398908243	1136	7.52146884039513	8.57853115960463
19	WGN26	8.3466578715917	0.381039510871486	1136	7.59903760733561	9.09427813584779
20	WGN26	8.29999999999982	0.26937639890825	1136	7.77146884039505	8.82853115960458
21	WGN26	8.04999999999982	0.26937639890825	1136	7.52146884039505	8.57853115960458
22	WGN26	8.2999999999998	0.269376398908253	1136	7.77146884039503	8.82853115960457
23	WGN26	8.29999999999982	0.269376398908252	1136	7.77146884039505	8.82853115960459
24	WGN26	8.1533421284079	0.381039510871478	1136	7.40572186415183	8.90096239266397
25	WGN26	7.84999999999984	0.269376398908247	1136	7.32146884039508	8.3785311596046
26	WGN26	7.9499999999998	0.269376398908251	1136	7.42146884039504	8.47853115960457
27	WGN26	9.69999999999983	0.269376398908251	1136	9.17146884039507	10.2285311596046
28	WGN26	9.4999999999998	0.269376398908248	1136	8.97146884039504	10.0285311596046
29	WGN26	8.54999999999981	0.269376398908248	1136	8.02146884039505	9.07853115960457
30	WGN26	9.14999999999985	0.269376398908249	1136	8.62146884039508	9.67853115960461
31	WGN26	8.74999999999983	0.269376398908252	1136	8.22146884039506	9.2785311596046
32	WGN26	8.89999999999983	0.269376398908252	1136	8.37146884039506	9.4285311596046
33	WGN26	9.05334212840792	0.381039510871483	1136	8.30572186415184	9.800962392664
34	WGN26	8.4499999999998	0.269376398908249	1136	7.92146884039503	8.97853115960456
35	WGN26	8.14999999999984	0.269376398908247	1136	7.62146884039508	8.67853115960459
36	WGN26	9.54999999999979	0.26937639890825	1136	9.02146884039503	10.0785311596046
38	WGN26	8.69999999999982	0.269376398908249	1136	8.17146884039506	9.22853115960459
39	WGN26	8.04999999999981	0.269376398908251	1136	7.52146884039504	8.57853115960457
40	WGN26	8.84999999999983	0.269376398908247	1136	8.32146884039508	9.37853115960459
41	WGN26	8.09999999999984	0.269376398908248	1136	7.57146884039508	8.6285311596046
42	WGN26	8.49999999999983	0.269376398908247	1136	7.97146884039507	9.02853115960459
43	WGN26	7.2499999999998	0.269376398908252	1136	6.72146884039503	7.77853115960457
44	WGN26	9.14999999999983	0.269376398908245	1136	8.62146884039507	9.67853115960458
45	WGN26	8.74999999999983	0.26937639890825	1136	8.22146884039507	9.2785311596046
46	WGN26	8.69999999999981	0.269376398908251	1136	8.17146884039504	9.22853115960458
47	WGN26	7.69999999999986	0.269376398908246	1136	7.1714688403951	8.22853115960462
48	WGN26	9.09999999999984	0.26937639890825	1136	8.57146884039508	9.62853115960461
49	WGN26	8.8499999999998	0.269376398908251	1136	8.32146884039503	9.37853115960457
50	WGN26	9.09999999999983	0.269376398908253	1136	8.57146884039506	9.6285311596046
51	WGN26	8.04999999999985	0.269376398908247	1136	7.52146884039509	8.57853115960461
52	WGN26	8.49999999999982	0.269376398908249	1136	7.97146884039506	9.02853115960458
53	WGN26	8.64999999999983	0.26937639890825	1136	8.12146884039507	9.1785311596046
54	WGN26	7.99999999999983	0.269376398908247	1136	7.47146884039507	8.52853115960459
55	WGN26	7.94999999999981	0.269376398908251	1136	7.42146884039505	8.47853115960458
56	WGN26	8.14999999999981	0.26937639890825	1136	7.62146884039505	8.67853115960458
57	WGN26	7.04999999999979	0.269376398908252	1136	6.52146884039502	7.57853115960456
58	WGN26	7.69999999999987	0.269376398908245	1136	7.17146884039511	8.22853115960462
59	WGN26	8.84665787159174	0.381039510871482	1136	8.09903760733566	9.59427813584782
60	WGN26	8.04999999999982	0.26937639890825	1136	7.52146884039506	8.57853115960459
61	WGN26	8.84999999999981	0.269376398908252	1136	8.32146884039504	9.37853115960458
62	WGN26	8.04999999999984	0.269376398908246	1136	7.52146884039509	8.5785311596046
64	WGN26	7.94999999999981	0.269376398908249	1136	7.42146884039505	8.47853115960458
65	WGN26	8.64999999999983	0.269376398908249	1136	8.12146884039506	9.17853115960459
66	WGN26	7.64999999999985	0.269376398908248	1136	7.12146884039509	8.17853115960462
67	WGN26	8.14999999999983	0.269376398908249	1136	7.62146884039507	8.6785311596046
68	WGN26	9.59999999999981	0.269376398908249	1136	9.07146884039505	10.1285311596046
69	WGN26	7.7499999999998	0.269376398908252	1136	7.22146884039503	8.27853115960457
70	WGN26	8.24999999999984	0.269376398908249	1136	7.72146884039508	8.7785311596046
71	WGN26	8.14999999999983	0.26937639890825	1136	7.62146884039507	8.6785311596046
72	WGN26	7.44665787159173	0.381039510871481	1136	6.69903760733565	8.19427813584781
73	WGN26	8.89999999999982	0.269376398908248	1136	8.37146884039506	9.42853115960458
74	WGN26	9.64999999999981	0.269376398908248	1136	9.12146884039505	10.1785311596046
75	WGN26	9.04999999999982	0.269376398908251	1136	8.52146884039505	9.57853115960458
76	WGN26	7.94999999999982	0.269376398908249	1136	7.42146884039506	8.47853115960459
77	WGN26	7.59999999999981	0.269376398908251	1136	7.07146884039504	8.12853115960458
78	WGN26	8.84999999999983	0.26937639890825	1136	8.32146884039506	9.37853115960459
79	WGN26	7.65334212840792	0.381039510871479	1136	6.90572186415184	8.40096239266399
80	WGN26	8.49999999999983	0.269376398908248	1136	7.97146884039507	9.02853115960459
81	WGN26	8.44999999999982	0.26937639890825	1136	7.92146884039505	8.97853115960458
82	WGN26	8.69999999999982	0.269376398908251	1136	8.17146884039505	9.22853115960459
83	WGN26	9.19999999999983	0.269376398908249	1136	8.67146884039506	9.72853115960459
85	WGN26	8.14999999999982	0.269376398908249	1136	7.62146884039506	8.67853115960459
86	WGN26	8.74665787159173	0.381039510871477	1136	7.99903760733566	9.49427813584779
87	WGN26	7.1499999999998	0.269376398908252	1136	6.62146884039503	7.67853115960457
88	WGN26	7.74999999999981	0.269376398908249	1136	7.22146884039505	8.27853115960458
89	WGN26	8.64999999999982	0.269376398908249	1136	8.12146884039505	9.17853115960458
90	WGN26	8.19999999999984	0.269376398908248	1136	7.67146884039508	8.72853115960461
91	WGN26	7.54999999999982	0.269376398908249	1136	7.02146884039506	8.07853115960459
92	WGN26	8.29999999999982	0.269376398908248	1136	7.77146884039506	8.82853115960458
93	WGN26	8.59999999999982	0.269376398908251	1136	8.07146884039505	9.12853115960458
94	WGN26	8.44999999999981	0.269376398908252	1136	7.92146884039504	8.97853115960458
95	WGN26	8.3999999999998	0.269376398908249	1136	7.87146884039504	8.92853115960457
96	WGN26	8.39999999999983	0.269376398908249	1136	7.87146884039506	8.92853115960459
97	WGN26	8.54999999999982	0.269376398908249	1136	8.02146884039506	9.07853115960459
98	WGN26	8.29999999999982	0.269376398908251	1136	7.77146884039505	8.82853115960459
99	WGN26	9.14999999999983	0.26937639890825	1136	8.62146884039506	9.67853115960459
100	WGN26	7.44665787159173	0.38103951087148	1136	6.69903760733566	8.19427813584781
101	WGN26	8.39999999999983	0.269376398908248	1136	7.87146884039507	8.92853115960459
102	WGN26	8.74999999999983	0.269376398908249	1136	8.22146884039507	9.27853115960459
103	WGN26	7.69999999999981	0.269376398908251	1136	7.17146884039505	8.22853115960458
104	WGN26	8.54999999999982	0.26937639890825	1136	8.02146884039505	9.07853115960458
105	WGN26	8.34999999999982	0.269376398908251	1136	7.82146884039505	8.87853115960458
106	WGN26	9.04999999999982	0.269376398908252	1136	8.52146884039506	9.57853115960459
108	WGN26	8.39999999999982	0.269376398908251	1136	7.87146884039505	8.92853115960458
109	WGN26	7.99999999999981	0.26937639890825	1136	7.47146884039505	8.52853115960458
111	WGN26	8.74999999999981	0.269376398908249	1136	8.22146884039505	9.27853115960457
112	WGN26	8.19999999999982	0.269376398908249	1136	7.67146884039505	8.72853115960458
113	WGN26	6.84999999999983	0.269376398908249	1136	6.32146884039506	7.37853115960459
115	WGN26	7.79999999999981	0.26937639890825	1136	7.27146884039504	8.32853115960457
116	WGN26	7.49999999999983	0.269376398908246	1136	6.97146884039507	8.02853115960459
117	WGN26	7.74665787159175	0.38103951087148	1136	6.99903760733568	8.49427813584783
118	WGN26	8.09999999999982	0.269376398908247	1136	7.57146884039506	8.62853115960458
119	WGN26	8.09999999999983	0.269376398908248	1136	7.57146884039506	8.62853115960459
120	WGN26	7.74999999999982	0.269376398908249	1136	7.22146884039506	8.27853115960458
121	WGN26	7.09999999999983	0.269376398908249	1136	6.57146884039507	7.62853115960459
122	WGN26	8.94999999999982	0.269376398908244	1136	8.42146884039507	9.47853115960458
123	WGN26	7.0999999999998	0.269376398908251	1136	6.57146884039503	7.62853115960456
124	WGN26	8.05334212840791	0.381039510871481	1136	7.30572186415183	8.80096239266399
125	WGN26	8.04999999999982	0.26937639890825	1136	7.52146884039506	8.57853115960459
126	WGN26	8.54665787159172	0.381039510871479	1136	7.79903760733565	9.2942781358478
127	WGN26	7.64999999999983	0.269376398908248	1136	7.12146884039507	8.17853115960459
128	WGN26	9.09999999999981	0.26937639890825	1136	8.57146884039505	9.62853115960458
129	WGN26	8.14665787159172	0.381039510871481	1136	7.39903760733565	8.8942781358478
130	WGN26	8.84999999999977	0.26937639890824	1136	8.32146884039502	9.37853115960451
1	WGN36	8.34999999999979	0.269376398908229	1136	7.82146884039507	8.87853115960452
2	WGN36	7.5999999999999	0.269376398908247	1136	7.07146884039514	8.12853115960466
4	WGN36	8.04999999999988	0.269376398908244	1136	7.52146884039513	8.57853115960464
5	WGN36	8.54999999999991	0.269376398908249	1136	8.02146884039514	9.07853115960467
6	WGN36	8.24999999999988	0.269376398908247	1136	7.72146884039512	8.77853115960464
7	WGN36	8.1999999999999	0.269376398908252	1136	7.67146884039513	8.72853115960467
8	WGN36	7.89999999999988	0.269376398908256	1136	7.3714688403951	8.42853115960465
9	WGN36	8.35334212840798	0.381039510871483	1136	7.6057218641519	9.10096239266406
10	WGN36	8.0499999999999	0.269376398908247	1136	7.52146884039514	8.57853115960466
11	WGN36	7.39999999999988	0.269376398908252	1136	6.87146884039511	7.92853115960465
12	WGN36	8.25334212840796	0.381039510871482	1136	7.50572186415188	9.00096239266404
13	WGN36	7.04999999999993	0.269376398908246	1136	6.52146884039518	7.57853115960469
14	WGN36	8.0999999999999	0.269376398908251	1136	7.57146884039513	8.62853115960467
15	WGN36	7.89999999999991	0.269376398908251	1136	7.37146884039514	8.42853115960467
16	WGN36	8.44999999999988	0.269376398908257	1136	7.9214688403951	8.97853115960466
17	WGN36	8.09999999999989	0.26937639890825	1136	7.57146884039512	8.62853115960465
18	WGN36	8.2499999999999	0.269376398908252	1136	7.72146884039513	8.77853115960467
19	WGN36	7.49999999999991	0.269376398908248	1136	6.97146884039514	8.02853115960467
20	WGN36	8.09999999999989	0.269376398908249	1136	7.57146884039513	8.62853115960466
21	WGN36	8.29999999999989	0.26937639890825	1136	7.77146884039512	8.82853115960466
22	WGN36	7.79999999999991	0.269376398908246	1136	7.27146884039515	8.32853115960467
23	WGN36	8.09999999999989	0.269376398908253	1136	7.57146884039512	8.62853115960466
24	WGN36	7.89999999999991	0.269376398908247	1136	7.37146884039515	8.42853115960467
26	WGN36	8.09999999999991	0.269376398908246	1136	7.57146884039515	8.62853115960467
27	WGN36	8.09999999999989	0.269376398908246	1136	7.57146884039514	8.62853115960465
28	WGN36	8.34999999999989	0.26937639890825	1136	7.82146884039512	8.87853115960466
30	WGN36	7.9999999999999	0.269376398908245	1136	7.47146884039514	8.52853115960466
31	WGN36	8.64999999999991	0.269376398908249	1136	8.12146884039515	9.17853115960467
32	WGN36	7.8499999999999	0.269376398908252	1136	7.32146884039513	8.37853115960467
33	WGN36	7.79999999999989	0.269376398908248	1136	7.27146884039513	8.32853115960465
34	WGN36	7.89999999999987	0.269376398908251	1136	7.37146884039511	8.42853115960464
35	WGN36	8.74999999999991	0.269376398908247	1136	8.22146884039515	9.27853115960467
36	WGN36	7.64999999999993	0.269376398908243	1136	7.12146884039518	8.17853115960468
37	WGN36	8.3999999999999	0.269376398908251	1136	7.87146884039513	8.92853115960467
38	WGN36	6.85334212840799	0.381039510871482	1136	6.10572186415191	7.60096239266407
39	WGN36	7.69999999999987	0.269376398908252	1136	7.1714688403951	8.22853115960464
40	WGN36	7.54999999999987	0.269376398908252	1136	7.0214688403951	8.07853115960464
41	WGN36	8.34999999999989	0.269376398908253	1136	7.82146884039512	8.87853115960466
42	WGN36	8.09999999999989	0.269376398908251	1136	7.57146884039512	8.62853115960465
43	WGN36	7.59999999999993	0.269376398908247	1136	7.07146884039517	8.12853115960469
44	WGN36	7.64999999999988	0.269376398908252	1136	7.12146884039511	8.17853115960465
45	WGN36	8.74999999999989	0.269376398908253	1136	8.22146884039512	9.27853115960466
46	WGN36	7.7499999999999	0.269376398908248	1136	7.22146884039514	8.27853115960467
47	WGN36	7.9999999999999	0.269376398908247	1136	7.47146884039514	8.52853115960466
48	WGN36	7.99999999999989	0.269376398908252	1136	7.47146884039512	8.52853115960466
49	WGN36	8.09999999999991	0.269376398908249	1136	7.57146884039514	8.62853115960467
51	WGN36	6.9999999999999	0.26937639890825	1136	6.47146884039514	7.52853115960467
52	WGN36	8.54999999999989	0.269376398908245	1136	8.02146884039514	9.07853115960465
53	WGN36	7.6999999999999	0.269376398908249	1136	7.17146884039514	8.22853115960466
54	WGN36	7.09999999999989	0.26937639890825	1136	6.57146884039513	7.62853115960466
55	WGN36	7.3999999999999	0.26937639890825	1136	6.87146884039513	7.92853115960466
56	WGN36	7.94999999999989	0.269376398908254	1136	7.42146884039511	8.47853115960466
57	WGN36	8.14999999999992	0.269376398908249	1136	7.62146884039516	8.67853115960468
58	WGN36	7.29999999999988	0.269376398908251	1136	6.77146884039511	7.82853115960465
59	WGN36	8.0499999999999	0.269376398908252	1136	7.52146884039513	8.57853115960467
60	WGN36	7.89999999999989	0.26937639890825	1136	7.37146884039512	8.42853115960466
62	WGN36	7.19999999999991	0.269376398908248	1136	6.67146884039515	7.72853115960468
64	WGN36	7.24999999999989	0.26937639890825	1136	6.72146884039513	7.77853115960466
65	WGN36	7.2999999999999	0.269376398908249	1136	6.77146884039514	7.82853115960467
66	WGN36	8.74999999999991	0.26937639890825	1136	8.22146884039514	9.27853115960467
68	WGN36	9.19999999999991	0.269376398908251	1136	8.67146884039514	9.72853115960467
69	WGN36	7.79999999999988	0.269376398908252	1136	7.27146884039512	8.32853115960465
70	WGN36	7.69999999999991	0.269376398908248	1136	7.17146884039515	8.22853115960467
71	WGN36	7.74999999999988	0.269376398908254	1136	7.2214688403951	8.27853115960465
72	WGN36	9.0999999999999	0.269376398908248	1136	8.57146884039514	9.62853115960466
74	WGN36	8.59999999999991	0.269376398908249	1136	8.07146884039514	9.12853115960467
75	WGN36	8.04999999999989	0.269376398908249	1136	7.52146884039513	8.57853115960466
76	WGN36	7.6999999999999	0.269376398908249	1136	7.17146884039514	8.22853115960467
77	WGN36	7.5999999999999	0.26937639890825	1136	7.07146884039514	8.12853115960466
78	WGN36	7.6999999999999	0.26937639890825	1136	7.17146884039513	8.22853115960466
79	WGN36	8.3499999999999	0.26937639890825	1136	7.82146884039513	8.87853115960466
80	WGN36	7.64999999999991	0.269376398908249	1136	7.12146884039514	8.17853115960467
81	WGN36	9.04999999999988	0.269376398908248	1136	8.52146884039512	9.57853115960464
82	WGN36	7.64999999999989	0.26937639890825	1136	7.12146884039513	8.17853115960466
83	WGN36	8.5499999999999	0.26937639890825	1136	8.02146884039514	9.07853115960467
84	WGN36	6.94999999999992	0.269376398908248	1136	6.42146884039516	7.47853115960468
85	WGN36	7.34999999999989	0.26937639890825	1136	6.82146884039513	7.87853115960466
86	WGN36	8.6999999999999	0.269376398908248	1136	8.17146884039514	9.22853115960466
87	WGN36	7.54999999999991	0.269376398908248	1136	7.02146884039515	8.07853115960467
88	WGN36	8.4499999999999	0.26937639890825	1136	7.92146884039514	8.97853115960467
89	WGN36	7.04999999999989	0.26937639890825	1136	6.52146884039513	7.57853115960466
90	WGN36	6.64999999999991	0.269376398908249	1136	6.12146884039514	7.17853115960467
92	WGN36	7.8499999999999	0.269376398908248	1136	7.32146884039514	8.37853115960466
93	WGN36	9.9499999999999	0.269376398908249	1136	9.42146884039513	10.4785311596047
94	WGN36	8.29999999999989	0.269376398908251	1136	7.77146884039513	8.82853115960466
95	WGN36	7.7999999999999	0.269376398908249	1136	7.27146884039514	8.32853115960467
96	WGN36	8.04999999999989	0.269376398908251	1136	7.52146884039513	8.57853115960466
97	WGN36	7.6499999999999	0.26937639890825	1136	7.12146884039514	8.17853115960467
98	WGN36	7.4499999999999	0.269376398908248	1136	6.92146884039514	7.97853115960466
99	WGN36	6.5999999999999	0.269376398908249	1136	6.07146884039514	7.12853115960467
100	WGN36	8.1999999999999	0.26937639890825	1136	7.67146884039514	8.72853115960466
102	WGN36	9.2999999999999	0.269376398908249	1136	8.77146884039514	9.82853115960467
104	WGN36	8.1499999999999	0.269376398908251	1136	7.62146884039513	8.67853115960467
105	WGN36	7.3999999999999	0.26937639890825	1136	6.87146884039513	7.92853115960466
106	WGN36	8.49999999999989	0.269376398908249	1136	7.97146884039513	9.02853115960466
107	WGN36	8.0499999999999	0.26937639890825	1136	7.52146884039513	8.57853115960466
108	WGN36	8.85334212840799	0.381039510871481	1136	8.10572186415191	9.60096239266406
109	WGN36	7.89999999999989	0.26937639890825	1136	7.37146884039513	8.42853115960466
110	WGN36	7.79999999999989	0.26937639890825	1136	7.27146884039512	8.32853115960465
112	WGN36	7.5499999999999	0.269376398908251	1136	7.02146884039513	8.07853115960466
114	WGN36	8.1999999999999	0.269376398908249	1136	7.67146884039514	8.72853115960467
116	WGN36	9.04999999999991	0.269376398908249	1136	8.52146884039514	9.57853115960467
117	WGN36	7.6999999999999	0.26937639890825	1136	7.17146884039513	8.22853115960466
118	WGN36	7.64999999999989	0.26937639890825	1136	7.12146884039513	8.17853115960466
119	WGN36	8.8999999999999	0.26937639890825	1136	8.37146884039513	9.42853115960467
120	WGN36	7.79999999999991	0.26937639890825	1136	7.27146884039514	8.32853115960467
121	WGN36	7.89999999999991	0.269376398908249	1136	7.37146884039514	8.42853115960467
122	WGN36	8.0499999999999	0.269376398908249	1136	7.52146884039513	8.57853115960466
123	WGN36	7.6499999999999	0.26937639890825	1136	7.12146884039513	8.17853115960467
124	WGN36	7.3999999999999	0.26937639890825	1136	6.87146884039513	7.92853115960466
125	WGN36	9.0999999999999	0.269376398908249	1136	8.57146884039513	9.62853115960466
126	WGN36	7.8499999999999	0.26937639890825	1136	7.32146884039513	8.37853115960466
127	WGN36	8.34999999999989	0.26937639890825	1136	7.82146884039513	8.87853115960466
128	WGN36	8.0999999999999	0.26937639890825	1136	7.57146884039513	8.62853115960466
129	WGN36	8.7999999999999	0.26937639890825	1136	8.27146884039513	9.32853115960466
130	WGN36	8.3999999999999	0.26937639890825	1136	7.87146884039513	8.92853115960466
1	WGN38	8.44999999999995	0.269376398908246	1136	7.9214688403952	8.97853115960471
2	WGN38	6.69999999999995	0.269376398908251	1136	6.17146884039518	7.22853115960472
3	WGN38	8.34999999999997	0.269376398908247	1136	7.82146884039522	8.87853115960473
4	WGN38	7.64999999999997	0.269376398908252	1136	7.1214688403952	8.17853115960473
5	WGN38	7.44999999999995	0.269376398908252	1136	6.92146884039518	7.97853115960472
6	WGN38	8.25334212840809	0.381039510871478	1136	7.50572186415202	9.00096239266416
7	WGN38	8.09999999999996	0.269376398908248	1136	7.5714688403952	8.62853115960472
8	WGN38	7.49999999999998	0.269376398908248	1136	6.97146884039522	8.02853115960474
10	WGN38	7.49999999999999	0.269376398908249	1136	6.97146884039523	8.02853115960476
11	WGN38	8.54999999999997	0.269376398908254	1136	8.0214688403952	9.07853115960474
12	WGN38	8.69999999999997	0.269376398908247	1136	8.17146884039521	9.22853115960473
13	WGN38	8.39999999999997	0.269376398908249	1136	7.87146884039521	8.92853115960473
14	WGN38	7.54999999999995	0.269376398908252	1136	7.02146884039519	8.07853115960472
16	WGN38	7.69999999999997	0.26937639890825	1136	7.1714688403952	8.22853115960474
18	WGN38	8.39999999999996	0.269376398908251	1136	7.8714688403952	8.92853115960473
19	WGN38	8.29999999999998	0.269376398908245	1136	7.77146884039522	8.82853115960473
20	WGN38	7.39999999999997	0.269376398908251	1136	6.8714688403952	7.92853115960474
21	WGN38	8.04999999999997	0.269376398908248	1136	7.52146884039521	8.57853115960473
22	WGN38	7.89999999999996	0.269376398908251	1136	7.37146884039519	8.42853115960473
23	WGN38	7.34999999999996	0.26937639890825	1136	6.82146884039519	7.87853115960472
24	WGN38	8.59999999999996	0.269376398908247	1136	8.0714688403952	9.12853115960472
26	WGN38	7.74999999999996	0.269376398908249	1136	7.2214688403952	8.27853115960472
27	WGN38	7.44999999999997	0.269376398908248	1136	6.92146884039521	7.97853115960473
28	WGN38	7.94999999999996	0.269376398908246	1136	7.42146884039521	8.47853115960472
29	WGN38	8.34999999999997	0.269376398908249	1136	7.8214688403952	8.87853115960473
30	WGN38	8.64999999999997	0.26937639890825	1136	8.1214688403952	9.17853115960473
32	WGN38	8.19999999999998	0.26937639890825	1136	7.67146884039521	8.72853115960474
33	WGN38	7.94999999999997	0.269376398908249	1136	7.4214688403952	8.47853115960473
34	WGN38	7.3999999999999	0.269376398908256	1136	6.87146884039512	7.92853115960467
35	WGN38	8.14999999999994	0.269376398908252	1136	7.62146884039517	8.67853115960471
36	WGN38	8.09999999999997	0.269376398908253	1136	7.5714688403952	8.62853115960474
37	WGN38	8.84999999999996	0.269376398908246	1136	8.32146884039521	9.37853115960472
38	WGN38	7.94999999999995	0.269376398908249	1136	7.42146884039518	8.47853115960471
39	WGN38	7.14999999999998	0.269376398908251	1136	6.62146884039521	7.67853115960475
40	WGN38	8.19999999999998	0.269376398908249	1136	7.67146884039522	8.72853115960474
41	WGN38	8.29999999999998	0.269376398908252	1136	7.77146884039521	8.82853115960475
42	WGN38	7.39999999999996	0.26937639890825	1136	6.87146884039519	7.92853115960472
43	WGN38	7.54665787159185	0.381039510871487	1136	6.79903760733576	8.29427813584794
45	WGN38	7.54999999999997	0.269376398908248	1136	7.02146884039521	8.07853115960474
46	WGN38	8.14999999999997	0.269376398908249	1136	7.62146884039521	8.67853115960474
47	WGN38	7.24999999999995	0.269376398908251	1136	6.72146884039519	7.77853115960472
48	WGN38	8.34999999999997	0.26937639890825	1136	7.8214688403952	8.87853115960473
49	WGN38	7.99999999999997	0.269376398908251	1136	7.4714688403952	8.52853115960473
50	WGN38	8.39999999999997	0.26937639890825	1136	7.8714688403952	8.92853115960474
51	WGN38	7.49999999999996	0.26937639890825	1136	6.9714688403952	8.02853115960473
52	WGN38	8.54999999999997	0.269376398908251	1136	8.0214688403952	9.07853115960473
53	WGN38	7.94999999999997	0.269376398908249	1136	7.42146884039521	8.47853115960474
54	WGN38	7.34999999999997	0.26937639890825	1136	6.82146884039521	7.87853115960474
55	WGN38	7.34999999999998	0.269376398908249	1136	6.82146884039521	7.87853115960474
56	WGN38	7.74999999999996	0.26937639890825	1136	7.2214688403952	8.27853115960473
59	WGN38	7.94999999999997	0.269376398908249	1136	7.42146884039521	8.47853115960474
61	WGN38	7.14999999999996	0.26937639890825	1136	6.6214688403952	7.67853115960473
63	WGN38	8.09999999999997	0.26937639890825	1136	7.57146884039521	8.62853115960474
64	WGN38	8.49999999999997	0.269376398908251	1136	7.97146884039521	9.02853115960474
65	WGN38	7.64999999999997	0.269376398908249	1136	7.12146884039521	8.17853115960474
66	WGN38	8.19999999999997	0.269376398908249	1136	7.6714688403952	8.72853115960473
67	WGN38	7.54999999999997	0.269376398908249	1136	7.0214688403952	8.07853115960473
68	WGN38	8.29999999999997	0.26937639890825	1136	7.7714688403952	8.82853115960473
69	WGN38	7.39999999999996	0.26937639890825	1136	6.8714688403952	7.92853115960473
70	WGN38	7.49999999999996	0.26937639890825	1136	6.9714688403952	8.02853115960473
72	WGN38	7.99999999999997	0.26937639890825	1136	7.4714688403952	8.52853115960473
73	WGN38	7.44999999999997	0.269376398908249	1136	6.92146884039521	7.97853115960474
74	WGN38	8.64999999999997	0.269376398908249	1136	8.12146884039521	9.17853115960473
76	WGN38	6.79999999999998	0.269376398908249	1136	6.27146884039521	7.32853115960474
77	WGN38	7.24999999999997	0.26937639890825	1136	6.7214688403952	7.77853115960473
78	WGN38	7.54999999999998	0.269376398908249	1136	7.02146884039521	8.07853115960474
80	WGN38	8.34999999999997	0.26937639890825	1136	7.8214688403952	8.87853115960473
81	WGN38	8.34999999999997	0.26937639890825	1136	7.82146884039521	8.87853115960473
82	WGN38	7.19999999999998	0.269376398908249	1136	6.67146884039521	7.72853115960474
83	WGN38	8.44999999999997	0.269376398908249	1136	7.92146884039521	8.97853115960474
84	WGN38	8.54999999999997	0.269376398908249	1136	8.0214688403952	9.07853115960473
85	WGN38	7.29999999999997	0.269376398908249	1136	6.77146884039521	7.82853115960474
86	WGN38	8.69999999999997	0.26937639890825	1136	8.17146884039521	9.22853115960474
87	WGN38	8.54999999999997	0.269376398908249	1136	8.0214688403952	9.07853115960473
88	WGN38	7.29999999999997	0.26937639890825	1136	6.7714688403952	7.82853115960473
89	WGN38	7.54999999999997	0.269376398908249	1136	7.02146884039521	8.07853115960473
90	WGN38	7.84999999999997	0.26937639890825	1136	7.3214688403952	8.37853115960473
91	WGN38	7.54999999999997	0.26937639890825	1136	7.0214688403952	8.07853115960473
92	WGN38	7.84999999999997	0.26937639890825	1136	7.32146884039521	8.37853115960474
93	WGN38	7.44999999999997	0.26937639890825	1136	6.9214688403952	7.97853115960473
94	WGN38	7.94999999999997	0.26937639890825	1136	7.4214688403952	8.47853115960474
95	WGN38	8.89999999999997	0.26937639890825	1136	8.37146884039521	9.42853115960474
96	WGN38	7.54999999999997	0.26937639890825	1136	7.02146884039521	8.07853115960474
97	WGN38	6.99999999999997	0.26937639890825	1136	6.47146884039521	7.52853115960473
98	WGN38	7.74999999999997	0.26937639890825	1136	7.2214688403952	8.27853115960473
99	WGN38	7.89999999999997	0.26937639890825	1136	7.3714688403952	8.42853115960473
100	WGN38	7.39999999999997	0.26937639890825	1136	6.8714688403952	7.92853115960473
101	WGN38	7.59999999999997	0.26937639890825	1136	7.0714688403952	8.12853115960473
102	WGN38	8.09999999999997	0.269376398908249	1136	7.57146884039521	8.62853115960473
103	WGN38	7.64999999999997	0.269376398908249	1136	7.12146884039521	8.17853115960474
104	WGN38	7.74999999999997	0.26937639890825	1136	7.2214688403952	8.27853115960473
106	WGN38	7.55334212840807	0.381039510871478	1136	6.805721864152	8.30096239266414
107	WGN38	7.84999999999997	0.26937639890825	1136	7.3214688403952	8.37853115960473
108	WGN38	7.24665787159187	0.381039510871481	1136	6.49903760733579	7.99427813584795
109	WGN38	9.14665787159188	0.38103951087148	1136	8.3990376073358	9.89427813584796
110	WGN38	7.64999999999997	0.26937639890825	1136	7.12146884039521	8.17853115960474
111	WGN38	7.59999999999997	0.26937639890825	1136	7.0714688403952	8.12853115960473
112	WGN38	8.15334212840806	0.38103951087148	1136	7.40572186415199	8.90096239266414
113	WGN38	7.29999999999997	0.26937639890825	1136	6.77146884039521	7.82853115960473
114	WGN38	7.74999999999997	0.269376398908249	1136	7.2214688403952	8.27853115960473
115	WGN38	8.44999999999997	0.26937639890825	1136	7.92146884039521	8.97853115960474
1	WGN39	7.74999999999994	0.269376398908246	1136	7.22146884039518	8.2785311596047
2	WGN39	8.89999999999996	0.269376398908249	1136	8.3714688403952	9.42853115960472
3	WGN39	8.74999999999999	0.269376398908253	1136	8.22146884039522	9.27853115960476
4	WGN39	8.24999999999995	0.269376398908252	1136	7.72146884039518	8.77853115960472
5	WGN39	9.59999999999996	0.269376398908248	1136	9.0714688403952	10.1285311596047
6	WGN39	7.79999999999998	0.269376398908249	1136	7.27146884039522	8.32853115960475
7	WGN39	8.60000000000004	0.269376398908259	1136	8.07146884039526	9.12853115960483
8	WGN39	9.84999999999992	0.269376398908247	1136	9.32146884039516	10.3785311596047
9	WGN39	8.09999999999999	0.269376398908253	1136	7.57146884039522	8.62853115960476
10	WGN39	8.94999999999998	0.26937639890825	1136	8.42146884039522	9.47853115960475
11	WGN39	8.34999999999995	0.269376398908248	1136	7.82146884039519	8.87853115960471
12	WGN39	7.54999999999995	0.269376398908254	1136	7.02146884039517	8.07853115960472
13	WGN39	9.05000000000001	0.269376398908251	1136	8.52146884039524	9.57853115960477
14	WGN39	7.59999999999996	0.269376398908254	1136	7.07146884039519	8.12853115960473
15	WGN39	7.74999999999997	0.269376398908256	1136	7.2214688403952	8.27853115960475
16	WGN39	8.79999999999996	0.269376398908249	1136	8.27146884039519	9.32853115960472
17	WGN39	7.69999999999995	0.26937639890825	1136	7.17146884039519	8.22853115960472
18	WGN39	8.19999999999995	0.26937639890825	1136	7.67146884039519	8.72853115960472
19	WGN39	8.79999999999999	0.269376398908252	1136	8.27146884039522	9.32853115960476
20	WGN39	8.34999999999995	0.269376398908251	1136	7.82146884039519	8.87853115960472
21	WGN39	8.59999999999997	0.269376398908249	1136	8.07146884039521	9.12853115960474
22	WGN39	8.79999999999994	0.269376398908246	1136	8.27146884039518	9.32853115960469
24	WGN39	7.94999999999996	0.269376398908247	1136	7.4214688403952	8.47853115960472
25	WGN39	8.89999999999997	0.269376398908249	1136	8.3714688403952	9.42853115960473
26	WGN39	7.24999999999998	0.269376398908246	1136	6.72146884039523	7.77853115960474
27	WGN39	9.54999999999997	0.269376398908249	1136	9.0214688403952	10.0785311596047
28	WGN39	6.69999999999995	0.26937639890825	1136	6.17146884039518	7.22853115960471
29	WGN39	7.69999999999997	0.269376398908255	1136	7.17146884039519	8.22853115960474
30	WGN39	9.99999999999997	0.26937639890825	1136	9.4714688403952	10.5285311596047
31	WGN39	9.34999999999992	0.269376398908245	1136	8.82146884039516	9.87853115960467
32	WGN39	8.24999999999998	0.269376398908251	1136	7.72146884039521	8.77853115960474
34	WGN39	7.49999999999997	0.269376398908249	1136	6.9714688403952	8.02853115960473
35	WGN39	7.74999999999996	0.269376398908249	1136	7.2214688403952	8.27853115960473
36	WGN39	9.24999999999998	0.269376398908251	1136	8.72146884039521	9.77853115960475
37	WGN39	7.44999999999996	0.269376398908249	1136	6.9214688403952	7.97853115960473
38	WGN39	7.35334212840805	0.381039510871485	1136	6.60572186415197	8.10096239266414
39	WGN39	9.09999999999998	0.269376398908251	1136	8.57146884039522	9.62853115960475
40	WGN39	8.34999999999997	0.269376398908252	1136	7.82146884039521	8.87853115960474
41	WGN39	8.79999999999996	0.26937639890825	1136	8.2714688403952	9.32853115960473
42	WGN39	8.69999999999997	0.269376398908252	1136	8.1714688403952	9.22853115960474
43	WGN39	8.89999999999996	0.269376398908248	1136	8.3714688403952	9.42853115960472
44	WGN39	8.94999999999997	0.26937639890825	1136	8.42146884039521	9.47853115960474
45	WGN39	7.84999999999997	0.269376398908248	1136	7.3214688403952	8.37853115960473
46	WGN39	7.99999999999996	0.269376398908247	1136	7.4714688403952	8.52853115960472
47	WGN39	7.69999999999996	0.269376398908249	1136	7.1714688403952	8.22853115960473
48	WGN39	5.94999999999994	0.269376398908251	1136	5.42146884039518	6.47853115960471
49	WGN39	7.89999999999997	0.26937639890825	1136	7.3714688403952	8.42853115960474
50	WGN39	6.74999999999998	0.269376398908247	1136	6.22146884039522	7.27853115960475
51	WGN39	8.09999999999996	0.269376398908249	1136	7.5714688403952	8.62853115960473
52	WGN39	7.84999999999997	0.269376398908251	1136	7.3214688403952	8.37853115960474
53	WGN39	9.49999999999999	0.269376398908251	1136	8.97146884039522	10.0285311596048
54	WGN39	9.39999999999998	0.269376398908251	1136	8.87146884039521	9.92853115960475
55	WGN39	8.89999999999996	0.269376398908248	1136	8.3714688403952	9.42853115960472
56	WGN39	8.59999999999996	0.269376398908248	1136	8.07146884039519	9.12853115960472
57	WGN39	7.79999999999997	0.26937639890825	1136	7.2714688403952	8.32853115960473
58	WGN39	7.44999999999997	0.269376398908249	1136	6.92146884039521	7.97853115960474
59	WGN39	9.69999999999994	0.269376398908248	1136	9.17146884039518	10.2285311596047
60	WGN39	8.34999999999996	0.26937639890825	1136	7.8214688403952	8.87853115960473
61	WGN39	8.94999999999995	0.269376398908248	1136	8.42146884039519	9.47853115960471
62	WGN39	7.49999999999996	0.269376398908251	1136	6.97146884039519	8.02853115960473
63	WGN39	9.44999999999997	0.26937639890825	1136	8.9214688403952	9.97853115960473
64	WGN39	8.89999999999997	0.26937639890825	1136	8.3714688403952	9.42853115960473
65	WGN39	6.94999999999997	0.26937639890825	1136	6.4214688403952	7.47853115960473
66	WGN39	8.49999999999996	0.269376398908248	1136	7.9714688403952	9.02853115960473
67	WGN39	9.04999999999996	0.269376398908248	1136	8.52146884039519	9.57853115960472
68	WGN39	8.69999999999996	0.269376398908249	1136	8.1714688403952	9.22853115960473
69	WGN39	7.94999999999997	0.269376398908251	1136	7.4214688403952	8.47853115960474
70	WGN39	8.09999999999997	0.26937639890825	1136	7.5714688403952	8.62853115960474
71	WGN39	9.09999999999995	0.269376398908248	1136	8.57146884039519	9.62853115960472
72	WGN39	6.89999999999996	0.26937639890825	1136	6.3714688403952	7.42853115960473
73	WGN39	7.59999999999997	0.26937639890825	1136	7.07146884039521	8.12853115960474
74	WGN39	8.14665787159188	0.381039510871483	1136	7.3990376073358	8.89427813584797
75	WGN39	8.34999999999995	0.269376398908247	1136	7.82146884039519	8.87853115960471
76	WGN39	8.04999999999997	0.269376398908251	1136	7.52146884039521	8.57853115960474
77	WGN39	9.04999999999996	0.269376398908249	1136	8.5214688403952	9.57853115960472
78	WGN39	7.74999999999997	0.269376398908251	1136	7.2214688403952	8.27853115960474
79	WGN39	7.54999999999997	0.269376398908248	1136	7.02146884039521	8.07853115960473
80	WGN39	8.39999999999996	0.269376398908248	1136	7.8714688403952	8.92853115960472
81	WGN39	8.54999999999998	0.269376398908252	1136	8.02146884039522	9.07853115960475
82	WGN39	8.79999999999997	0.26937639890825	1136	8.27146884039521	9.32853115960474
83	WGN39	8.19999999999997	0.26937639890825	1136	7.67146884039521	8.72853115960474
84	WGN39	9.49999999999996	0.269376398908249	1136	8.9714688403952	10.0285311596047
85	WGN39	8.44999999999997	0.269376398908249	1136	7.92146884039521	8.97853115960473
86	WGN39	8.29999999999997	0.269376398908249	1136	7.7714688403952	8.82853115960473
87	WGN39	8.64999999999998	0.269376398908252	1136	8.12146884039521	9.17853115960475
88	WGN39	9.14999999999998	0.269376398908251	1136	8.62146884039521	9.67853115960474
89	WGN39	7.34999999999997	0.26937639890825	1136	6.82146884039521	7.87853115960474
90	WGN39	8.99999999999998	0.26937639890825	1136	8.47146884039521	9.52853115960474
91	WGN39	7.54999999999997	0.269376398908247	1136	7.02146884039521	8.07853115960473
92	WGN39	8.34999999999997	0.26937639890825	1136	7.8214688403952	8.87853115960474
93	WGN39	9.04999999999996	0.269376398908249	1136	8.5214688403952	9.57853115960473
94	WGN39	8.99999999999997	0.26937639890825	1136	8.47146884039521	9.52853115960474
95	WGN39	7.89999999999997	0.269376398908248	1136	7.37146884039521	8.42853115960473
96	WGN39	8.59999999999997	0.269376398908249	1136	8.0714688403952	9.12853115960473
97	WGN39	6.79999999999997	0.26937639890825	1136	6.2714688403952	7.32853115960473
98	WGN39	9.04999999999997	0.26937639890825	1136	8.52146884039521	9.57853115960474
99	WGN39	7.74999999999996	0.26937639890825	1136	7.2214688403952	8.27853115960473
100	WGN39	8.49999999999997	0.269376398908249	1136	7.9714688403952	9.02853115960473
101	WGN39	7.59999999999997	0.269376398908249	1136	7.07146884039521	8.12853115960474
102	WGN39	8.94999999999997	0.26937639890825	1136	8.4214688403952	9.47853115960473
104	WGN39	7.74999999999997	0.26937639890825	1136	7.2214688403952	8.27853115960473
105	WGN39	8.79999999999997	0.26937639890825	1136	8.27146884039521	9.32853115960474
106	WGN39	8.49999999999997	0.26937639890825	1136	7.9714688403952	9.02853115960473
107	WGN39	7.69999999999997	0.26937639890825	1136	7.1714688403952	8.22853115960473
108	WGN39	8.34999999999996	0.26937639890825	1136	7.8214688403952	8.87853115960473
109	WGN39	8.89999999999996	0.269376398908249	1136	8.3714688403952	9.42853115960473
110	WGN39	8.24999999999997	0.26937639890825	1136	7.7214688403952	8.77853115960474
111	WGN39	8.59999999999996	0.26937639890825	1136	8.0714688403952	9.12853115960473
112	WGN39	8.44999999999997	0.26937639890825	1136	7.92146884039521	8.97853115960474
113	WGN39	8.14999999999997	0.269376398908249	1136	7.6214688403952	8.67853115960473
114	WGN39	8.04999999999997	0.26937639890825	1136	7.5214688403952	8.57853115960473
115	WGN39	8.84999999999997	0.26937639890825	1136	8.3214688403952	9.37853115960473
116	WGN39	7.99999999999996	0.26937639890825	1136	7.4714688403952	8.52853115960473
117	WGN39	7.79999999999997	0.26937639890825	1136	7.2714688403952	8.32853115960473
118	WGN39	8.54999999999997	0.26937639890825	1136	8.0214688403952	9.07853115960473
120	WGN39	9.14999999999996	0.269376398908249	1136	8.6214688403952	9.67853115960473
121	WGN39	8.35334212840806	0.381039510871481	1136	7.60572186415198	9.10096239266414
122	WGN39	7.94999999999997	0.269376398908249	1136	7.4214688403952	8.47853115960473
123	WGN39	7.69999999999997	0.269376398908249	1136	7.1714688403952	8.22853115960473
124	WGN39	7.89999999999997	0.26937639890825	1136	7.3714688403952	8.42853115960473
125	WGN39	8.14999999999997	0.269376398908249	1136	7.6214688403952	8.67853115960473
126	WGN39	9.49999999999997	0.26937639890825	1136	8.97146884039521	10.0285311596047
127	WGN39	8.79999999999997	0.26937639890825	1136	8.2714688403952	9.32853115960473
128	WGN39	7.94999999999996	0.269376398908249	1136	7.4214688403952	8.47853115960473
129	WGN39	7.54999999999997	0.269376398908249	1136	7.0214688403952	8.07853115960473
130	WGN39	8.59999999999997	0.269376398908249	1136	8.0714688403952	9.12853115960473
1	WGN45	7.59999999999998	0.269376398908249	1136	7.07146884039522	8.12853115960474
2	WGN45	7.8	0.269376398908246	1136	7.27146884039524	8.32853115960476
3	WGN45	6.85000000000001	0.26937639890825	1136	6.32146884039524	7.37853115960477
4	WGN45	7.64999999999999	0.269376398908246	1136	7.12146884039523	8.17853115960475
5	WGN45	7.5	0.269376398908249	1136	6.97146884039524	8.02853115960477
6	WGN45	8.04999999999998	0.269376398908246	1136	7.52146884039522	8.57853115960474
7	WGN45	7.84999999999999	0.269376398908246	1136	7.32146884039523	8.37853115960474
8	WGN45	7.15000000000002	0.269376398908246	1136	6.62146884039526	7.67853115960478
9	WGN45	7.59999999999999	0.26937639890825	1136	7.07146884039522	8.12853115960475
10	WGN45	7.64999999999998	0.26937639890825	1136	7.12146884039522	8.17853115960475
11	WGN45	7.35	0.269376398908245	1136	6.82146884039525	7.87853115960476
12	WGN45	7.94999999999998	0.269376398908248	1136	7.42146884039522	8.47853115960475
13	WGN45	7.5	0.269376398908247	1136	6.97146884039524	8.02853115960475
14	WGN45	6.94999999999998	0.26937639890825	1136	6.42146884039521	7.47853115960474
15	WGN45	8.14999999999999	0.269376398908249	1136	7.62146884039523	8.67853115960475
16	WGN45	7.64999999999999	0.269376398908248	1136	7.12146884039523	8.17853115960475
17	WGN45	7.39999999999999	0.269376398908248	1136	6.87146884039523	7.92853115960475
18	WGN45	7.59999999999997	0.269376398908251	1136	7.0714688403952	8.12853115960473
19	WGN45	7.6	0.269376398908247	1136	7.07146884039524	8.12853115960476
20	WGN45	8.49999999999999	0.269376398908248	1136	7.97146884039522	9.02853115960475
22	WGN45	7.64999999999997	0.26937639890825	1136	7.1214688403952	8.17853115960473
23	WGN45	7.89999999999996	0.269376398908245	1136	7.37146884039521	8.42853115960472
24	WGN45	7.15334212840809	0.381039510871484	1136	6.40572186415201	7.90096239266417
25	WGN45	7.64665787159193	0.381039510871476	1136	6.89903760733586	8.39427813584799
26	WGN45	7.50000000000001	0.26937639890825	1136	6.97146884039524	8.02853115960477
28	WGN45	7.8	0.269376398908251	1136	7.27146884039523	8.32853115960476
29	WGN45	7.15	0.269376398908246	1136	6.62146884039525	7.67853115960476
30	WGN45	5.95334212840807	0.381039510871482	1136	5.20572186415199	6.70096239266415
31	WGN45	7.89999999999999	0.269376398908247	1136	7.37146884039523	8.42853115960475
32	WGN45	8.04999999999999	0.269376398908249	1136	7.52146884039523	8.57853115960475
33	WGN45	6.64999999999999	0.269376398908251	1136	6.12146884039523	7.17853115960476
34	WGN45	7.14999999999999	0.26937639890825	1136	6.62146884039522	7.67853115960476
35	WGN45	7.74999999999999	0.269376398908247	1136	7.22146884039523	8.27853115960475
36	WGN45	8.24999999999999	0.269376398908249	1136	7.72146884039523	8.77853115960476
37	WGN45	7.54999999999999	0.269376398908251	1136	7.02146884039522	8.07853115960476
40	WGN45	7.84999999999999	0.269376398908251	1136	7.32146884039523	8.37853115960476
41	WGN45	7.59999999999999	0.269376398908251	1136	7.07146884039522	8.12853115960476
42	WGN45	7.44999999999999	0.269376398908248	1136	6.92146884039523	7.97853115960475
43	WGN45	7.84999999999999	0.269376398908248	1136	7.32146884039523	8.37853115960475
44	WGN45	8.9	0.269376398908249	1136	8.37146884039523	9.42853115960476
45	WGN45	7.79999999999999	0.269376398908248	1136	7.27146884039523	8.32853115960475
46	WGN45	6.74999999999999	0.269376398908248	1136	6.22146884039523	7.27853115960476
48	WGN45	8.14665787159191	0.381039510871478	1136	7.39903760733584	8.89427813584799
49	WGN45	8.1	0.269376398908251	1136	7.57146884039524	8.62853115960477
50	WGN45	6.8533421284081	0.381039510871476	1136	6.10572186415203	7.60096239266416
52	WGN45	7.7	0.269376398908251	1136	7.17146884039523	8.22853115960477
53	WGN45	7.59999999999999	0.269376398908249	1136	7.07146884039523	8.12853115960475
54	WGN45	6.44999999999999	0.269376398908249	1136	5.92146884039523	6.97853115960475
55	WGN45	7.69999999999999	0.269376398908249	1136	7.17146884039523	8.22853115960476
56	WGN45	7.49999999999999	0.269376398908248	1136	6.97146884039523	8.02853115960475
57	WGN45	7.79999999999999	0.269376398908248	1136	7.27146884039523	8.32853115960475
58	WGN45	7.94999999999999	0.269376398908249	1136	7.42146884039523	8.47853115960475
59	WGN45	6.84999999999998	0.269376398908251	1136	6.32146884039521	7.37853115960475
60	WGN45	6.99999999999998	0.26937639890825	1136	6.47146884039522	7.52853115960475
61	WGN45	7.54999999999999	0.269376398908248	1136	7.02146884039523	8.07853115960475
62	WGN45	8.04999999999999	0.26937639890825	1136	7.52146884039523	8.57853115960476
64	WGN45	8.2	0.26937639890825	1136	7.67146884039523	8.72853115960476
65	WGN45	7.14999999999999	0.26937639890825	1136	6.62146884039522	7.67853115960475
66	WGN45	7.29999999999999	0.269376398908249	1136	6.77146884039522	7.82853115960475
68	WGN45	7.69999999999999	0.269376398908249	1136	7.17146884039523	8.22853115960475
69	WGN45	7.24999999999999	0.269376398908249	1136	6.72146884039523	7.77853115960476
70	WGN45	7.89999999999999	0.26937639890825	1136	7.37146884039523	8.42853115960475
71	WGN45	8.34999999999999	0.269376398908249	1136	7.82146884039522	8.87853115960475
72	WGN45	7.14999999999999	0.26937639890825	1136	6.62146884039522	7.67853115960475
73	WGN45	7.04999999999999	0.269376398908249	1136	6.52146884039523	7.57853115960475
74	WGN45	7.05334212840808	0.381039510871479	1136	6.30572186415201	7.80096239266415
75	WGN45	7.95	0.269376398908251	1136	7.42146884039523	8.47853115960476
76	WGN45	8.09999999999999	0.269376398908251	1136	7.57146884039523	8.62853115960476
78	WGN45	7.04999999999999	0.26937639890825	1136	6.52146884039523	7.57853115960476
80	WGN45	7.99999999999999	0.269376398908249	1136	7.47146884039523	8.52853115960475
81	WGN45	7.34999999999998	0.269376398908248	1136	6.82146884039522	7.87853115960474
82	WGN45	7.4466578715919	0.38103951087148	1136	6.69903760733583	8.19427813584798
84	WGN45	7.24999999999999	0.26937639890825	1136	6.72146884039523	7.77853115960476
85	WGN45	8.15	0.26937639890825	1136	7.62146884039523	8.67853115960476
86	WGN45	7.94999999999999	0.269376398908249	1136	7.42146884039523	8.47853115960475
87	WGN45	7.04999999999999	0.269376398908248	1136	6.52146884039523	7.57853115960475
88	WGN45	7.89999999999999	0.269376398908249	1136	7.37146884039523	8.42853115960475
89	WGN45	7.39999999999999	0.269376398908249	1136	6.87146884039523	7.92853115960476
90	WGN45	8.79999999999999	0.269376398908249	1136	8.27146884039522	9.32853115960475
92	WGN45	7.49999999999999	0.26937639890825	1136	6.97146884039523	8.02853115960476
93	WGN45	6.24999999999999	0.269376398908249	1136	5.72146884039523	6.77853115960476
94	WGN45	8.09999999999999	0.269376398908249	1136	7.57146884039523	8.62853115960475
95	WGN45	8.04999999999999	0.269376398908249	1136	7.52146884039523	8.57853115960475
96	WGN45	7.24665787159189	0.381039510871479	1136	6.49903760733581	7.99427813584796
98	WGN45	7.39999999999999	0.26937639890825	1136	6.87146884039523	7.92853115960476
99	WGN45	7.04999999999999	0.269376398908249	1136	6.52146884039523	7.57853115960476
100	WGN45	8.04999999999999	0.269376398908249	1136	7.52146884039522	8.57853115960475
101	WGN45	7.99999999999999	0.26937639890825	1136	7.47146884039523	8.52853115960476
102	WGN45	7.54999999999999	0.269376398908249	1136	7.02146884039523	8.07853115960476
103	WGN45	8.35	0.26937639890825	1136	7.82146884039523	8.87853115960476
104	WGN45	6.94999999999999	0.26937639890825	1136	6.42146884039522	7.47853115960475
105	WGN45	7.44999999999999	0.269376398908249	1136	6.92146884039523	7.97853115960476
106	WGN45	7.39999999999999	0.269376398908249	1136	6.87146884039523	7.92853115960475
107	WGN45	8.14999999999999	0.269376398908249	1136	7.62146884039523	8.67853115960476
108	WGN45	7.44999999999999	0.269376398908249	1136	6.92146884039523	7.97853115960476
109	WGN45	8.54999999999999	0.26937639890825	1136	8.02146884039523	9.07853115960476
110	WGN45	7.74999999999999	0.269376398908249	1136	7.22146884039523	8.27853115960476
111	WGN45	8.05	0.269376398908251	1136	7.52146884039523	8.57853115960476
112	WGN45	6.45334212840808	0.381039510871481	1136	5.705721864152	7.20096239266416
114	WGN45	8.44999999999999	0.26937639890825	1136	7.92146884039523	8.97853115960476
115	WGN45	7.24999999999999	0.26937639890825	1136	6.72146884039523	7.77853115960476
116	WGN45	7.19999999999999	0.26937639890825	1136	6.67146884039523	7.72853115960476
117	WGN45	8.2466578715919	0.381039510871481	1136	7.49903760733582	8.99427813584798
118	WGN45	7.34999999999999	0.26937639890825	1136	6.82146884039523	7.87853115960476
119	WGN45	7.89999999999999	0.26937639890825	1136	7.37146884039523	8.42853115960476
120	WGN45	8.29999999999999	0.26937639890825	1136	7.77146884039523	8.82853115960476
121	WGN45	7.54999999999999	0.26937639890825	1136	7.02146884039523	8.07853115960476
122	WGN45	7.39999999999999	0.26937639890825	1136	6.87146884039523	7.92853115960476
123	WGN45	8.35334212840808	0.38103951087148	1136	7.60572186415201	9.10096239266416
124	WGN45	7.94999999999999	0.26937639890825	1136	7.42146884039523	8.47853115960476
126	WGN45	8.19999999999999	0.26937639890825	1136	7.67146884039523	8.72853115960475
127	WGN45	7.29999999999999	0.26937639890825	1136	6.77146884039523	7.82853115960476
128	WGN45	8.49999999999999	0.26937639890825	1136	7.97146884039523	9.02853115960476
129	WGN45	7.89999999999999	0.26937639890825	1136	7.37146884039523	8.42853115960476
1	WGN46	7.99999999999994	0.269376398908255	1136	7.47146884039516	8.52853115960471
2	WGN46	7.39999999999998	0.269376398908252	1136	6.87146884039521	7.92853115960474
3	WGN46	7.49999999999998	0.269376398908249	1136	6.97146884039522	8.02853115960475
4	WGN46	7.84999999999999	0.269376398908245	1136	7.32146884039524	8.37853115960475
6	WGN46	7.75334212840806	0.381039510871482	1136	7.00572186415198	8.50096239266414
7	WGN46	7.94999999999998	0.269376398908248	1136	7.42146884039521	8.47853115960474
8	WGN46	7.04999999999999	0.269376398908247	1136	6.52146884039523	7.57853115960475
9	WGN46	7.54999999999998	0.269376398908249	1136	7.02146884039522	8.07853115960474
10	WGN46	6.89999999999998	0.26937639890825	1136	6.37146884039522	7.42853115960475
11	WGN46	7.79999999999998	0.269376398908251	1136	7.27146884039521	8.32853115960474
12	WGN46	7.64999999999998	0.269376398908248	1136	7.12146884039522	8.17853115960475
13	WGN46	7.24999999999998	0.26937639890825	1136	6.72146884039522	7.77853115960475
14	WGN46	8.29999999999998	0.26937639890825	1136	7.77146884039521	8.82853115960475
15	WGN46	7.39999999999997	0.26937639890825	1136	6.8714688403952	7.92853115960474
16	WGN46	7.44999999999997	0.269376398908252	1136	6.9214688403952	7.97853115960474
17	WGN46	7.54999999999998	0.269376398908249	1136	7.02146884039521	8.07853115960474
18	WGN46	7.49999999999997	0.269376398908253	1136	6.9714688403952	8.02853115960474
19	WGN46	8.54999999999998	0.269376398908248	1136	8.02146884039522	9.07853115960474
20	WGN46	7.19999999999997	0.269376398908251	1136	6.6714688403952	7.72853115960474
21	WGN46	7.34665787159189	0.38103951087148	1136	6.59903760733582	8.09427813584797
22	WGN46	7.74999999999998	0.26937639890825	1136	7.22146884039521	8.27853115960474
23	WGN46	7.85334212840807	0.381039510871481	1136	7.10572186415199	8.60096239266415
24	WGN46	7.74999999999998	0.269376398908249	1136	7.22146884039521	8.27853115960474
25	WGN46	7.64999999999998	0.26937639890825	1136	7.12146884039521	8.17853115960474
26	WGN46	7.39999999999997	0.269376398908252	1136	6.87146884039521	7.92853115960474
27	WGN46	7.54999999999999	0.269376398908247	1136	7.02146884039523	8.07853115960475
28	WGN46	7.54999999999997	0.269376398908252	1136	7.0214688403952	8.07853115960474
29	WGN46	7.34999999999999	0.269376398908249	1136	6.82146884039522	7.87853115960475
30	WGN46	7.04999999999997	0.269376398908251	1136	6.52146884039521	7.57853115960474
31	WGN46	7.39999999999998	0.269376398908249	1136	6.87146884039522	7.92853115960474
32	WGN46	7.79999999999998	0.269376398908248	1136	7.27146884039522	8.32853115960475
33	WGN46	8.19999999999998	0.269376398908251	1136	7.67146884039521	8.72853115960474
34	WGN46	7.69999999999998	0.269376398908251	1136	7.17146884039521	8.22853115960474
36	WGN46	7.69999999999997	0.269376398908252	1136	7.1714688403952	8.22853115960474
37	WGN46	8.29999999999998	0.26937639890825	1136	7.77146884039521	8.82853115960474
38	WGN46	7.34999999999997	0.269376398908252	1136	6.82146884039521	7.87853115960474
39	WGN46	7.29999999999999	0.269376398908248	1136	6.77146884039522	7.82853115960475
40	WGN46	7.24999999999997	0.26937639890825	1136	6.72146884039521	7.77853115960474
41	WGN46	7.89999999999998	0.269376398908248	1136	7.37146884039522	8.42853115960474
42	WGN46	7.54999999999999	0.269376398908247	1136	7.02146884039523	8.07853115960475
43	WGN46	7.99999999999998	0.269376398908249	1136	7.47146884039522	8.52853115960474
44	WGN46	6.99999999999998	0.269376398908251	1136	6.47146884039521	7.52853115960474
45	WGN46	8.19999999999998	0.269376398908251	1136	7.67146884039521	8.72853115960474
46	WGN46	7.49999999999998	0.269376398908247	1136	6.97146884039522	8.02853115960474
47	WGN46	7.99999999999998	0.269376398908249	1136	7.47146884039522	8.52853115960474
48	WGN46	8.09999999999998	0.269376398908251	1136	7.57146884039522	8.62853115960475
49	WGN46	8.04999999999998	0.269376398908251	1136	7.52146884039521	8.57853115960475
50	WGN46	7.84999999999998	0.269376398908251	1136	7.32146884039521	8.37853115960475
51	WGN46	8.05334212840806	0.38103951087148	1136	7.30572186415198	8.80096239266414
52	WGN46	7.09999999999999	0.269376398908249	1136	6.57146884039522	7.62853115960475
53	WGN46	6.94999999999996	0.269376398908252	1136	6.42146884039519	7.47853115960473
54	WGN46	8.04999999999998	0.269376398908249	1136	7.52146884039522	8.57853115960475
55	WGN46	7.54999999999999	0.269376398908249	1136	7.02146884039522	8.07853115960475
56	WGN46	8.14999999999998	0.269376398908248	1136	7.62146884039521	8.67853115960474
57	WGN46	7.69999999999998	0.269376398908251	1136	7.17146884039521	8.22853115960475
58	WGN46	7.69999999999998	0.26937639890825	1136	7.17146884039521	8.22853115960474
59	WGN46	8.79999999999999	0.26937639890825	1136	8.27146884039522	9.32853115960475
60	WGN46	7.84999999999997	0.269376398908252	1136	7.32146884039521	8.37853115960474
61	WGN46	8.29999999999998	0.26937639890825	1136	7.77146884039522	8.82853115960475
62	WGN46	8.49999999999998	0.269376398908249	1136	7.97146884039522	9.02853115960474
63	WGN46	7.79999999999998	0.26937639890825	1136	7.27146884039521	8.32853115960475
64	WGN46	7.64999999999998	0.269376398908249	1136	7.12146884039522	8.17853115960475
65	WGN46	7.25334212840808	0.381039510871479	1136	6.50572186415201	8.00096239266415
66	WGN46	7.34999999999999	0.269376398908248	1136	6.82146884039522	7.87853115960475
67	WGN46	7.89999999999998	0.269376398908248	1136	7.37146884039522	8.42853115960474
68	WGN46	7.44999999999999	0.269376398908248	1136	6.92146884039522	7.97853115960475
69	WGN46	7.84999999999996	0.269376398908251	1136	7.32146884039519	8.37853115960473
70	WGN46	7.24999999999998	0.269376398908249	1136	6.72146884039522	7.77853115960475
71	WGN46	8.44999999999998	0.269376398908249	1136	7.92146884039522	8.97853115960475
72	WGN46	7.09999999999996	0.269376398908252	1136	6.57146884039519	7.62853115960473
73	WGN46	7.44999999999998	0.269376398908249	1136	6.92146884039522	7.97853115960474
74	WGN46	7.54999999999998	0.26937639890825	1136	7.02146884039522	8.07853115960475
75	WGN46	7.69999999999998	0.269376398908252	1136	7.17146884039521	8.22853115960475
76	WGN46	6.6	0.269376398908248	1136	6.07146884039524	7.12853115960476
78	WGN46	7.94999999999998	0.269376398908251	1136	7.42146884039521	8.47853115960475
79	WGN46	8.59999999999998	0.269376398908249	1136	8.07146884039522	9.12853115960474
80	WGN46	7.24999999999998	0.26937639890825	1136	6.72146884039521	7.77853115960474
81	WGN46	7.89999999999998	0.26937639890825	1136	7.37146884039522	8.42853115960475
82	WGN46	8.74999999999998	0.26937639890825	1136	8.22146884039521	9.27853115960474
83	WGN46	7.09999999999998	0.26937639890825	1136	6.57146884039522	7.62853115960475
84	WGN46	8.04999999999997	0.269376398908248	1136	7.52146884039521	8.57853115960474
85	WGN46	7.29999999999998	0.26937639890825	1136	6.77146884039521	7.82853115960474
86	WGN46	7.94999999999998	0.269376398908249	1136	7.42146884039522	8.47853115960474
87	WGN46	7.79999999999999	0.26937639890825	1136	7.27146884039522	8.32853115960475
88	WGN46	6.94999999999998	0.26937639890825	1136	6.42146884039521	7.47853115960474
89	WGN46	7.79999999999998	0.26937639890825	1136	7.27146884039522	8.32853115960475
90	WGN46	7.84999999999998	0.269376398908249	1136	7.32146884039522	8.37853115960475
91	WGN46	7.54665787159189	0.38103951087148	1136	6.79903760733581	8.29427813584796
93	WGN46	7.14999999999999	0.269376398908249	1136	6.62146884039522	7.67853115960475
94	WGN46	8.34999999999998	0.269376398908249	1136	7.82146884039522	8.87853115960474
95	WGN46	8.24999999999998	0.269376398908249	1136	7.72146884039522	8.77853115960474
96	WGN46	8.54999999999998	0.26937639890825	1136	8.02146884039522	9.07853115960475
98	WGN46	7.74999999999998	0.269376398908249	1136	7.22146884039522	8.27853115960474
100	WGN46	8.39999999999998	0.269376398908249	1136	7.87146884039522	8.92853115960474
101	WGN46	7.44999999999998	0.26937639890825	1136	6.92146884039522	7.97853115960475
102	WGN46	7.09999999999999	0.269376398908249	1136	6.57146884039522	7.62853115960475
103	WGN46	7.89999999999998	0.269376398908249	1136	7.37146884039522	8.42853115960474
104	WGN46	7.94999999999998	0.269376398908249	1136	7.42146884039522	8.47853115960475
106	WGN46	7.24999999999998	0.269376398908249	1136	6.72146884039522	7.77853115960474
107	WGN46	8.99999999999998	0.26937639890825	1136	8.47146884039522	9.52853115960475
108	WGN46	7.84999999999998	0.269376398908249	1136	7.32146884039522	8.37853115960474
109	WGN46	7.49999999999998	0.269376398908248	1136	6.97146884039522	8.02853115960474
110	WGN46	7.54999999999998	0.269376398908249	1136	7.02146884039522	8.07853115960475
111	WGN46	8.29999999999998	0.269376398908249	1136	7.77146884039522	8.82853115960474
112	WGN46	7.94999999999998	0.26937639890825	1136	7.42146884039522	8.47853115960475
113	WGN46	7.84999999999998	0.26937639890825	1136	7.32146884039522	8.37853115960474
114	WGN46	8.19999999999998	0.269376398908249	1136	7.67146884039522	8.72853115960474
115	WGN46	7.19999999999998	0.269376398908249	1136	6.67146884039522	7.72853115960475
116	WGN46	8.29999999999998	0.269376398908249	1136	7.77146884039522	8.82853115960474
117	WGN46	7.44999999999998	0.26937639890825	1136	6.92146884039521	7.97853115960474
118	WGN46	7.04665787159189	0.38103951087148	1136	6.29903760733581	7.79427813584796
119	WGN46	8.24999999999998	0.269376398908249	1136	7.72146884039522	8.77853115960475
120	WGN46	8.44999999999998	0.269376398908249	1136	7.92146884039522	8.97853115960475
121	WGN46	7.49999999999998	0.269376398908249	1136	6.97146884039522	8.02853115960474
122	WGN46	7.34999999999998	0.269376398908249	1136	6.82146884039522	7.87853115960475
123	WGN46	7.39999999999998	0.269376398908249	1136	6.87146884039522	7.92853115960474
124	WGN46	7.84999999999998	0.269376398908249	1136	7.32146884039522	8.37853115960475
125	WGN46	7.94999999999998	0.269376398908249	1136	7.42146884039522	8.47853115960475
126	WGN46	7.84999999999998	0.269376398908249	1136	7.32146884039522	8.37853115960475
127	WGN46	7.69999999999998	0.269376398908249	1136	7.17146884039522	8.22853115960475
128	WGN46	7.89999999999998	0.269376398908249	1136	7.37146884039522	8.42853115960475
129	WGN46	8.34999999999998	0.269376398908249	1136	7.82146884039522	8.87853115960475
130	WGN46	7.09999999999998	0.269376398908249	1136	6.57146884039522	7.62853115960475
1	WGN55	8.19999999999998	0.269376398908251	1136	7.67146884039521	8.72853115960474
2	WGN55	7.4	0.269376398908249	1136	6.87146884039523	7.92853115960476
3	WGN55	6.64999999999993	0.26937639890825	1136	6.12146884039517	7.1785311596047
4	WGN55	7.84999999999999	0.269376398908248	1136	7.32146884039522	8.37853115960475
5	WGN55	7.69999999999998	0.269376398908249	1136	7.17146884039522	8.22853115960474
6	WGN55	7.99999999999998	0.269376398908251	1136	7.47146884039521	8.52853115960475
7	WGN55	7.80000000000001	0.269376398908249	1136	7.27146884039525	8.32853115960477
8	WGN55	7.79999999999999	0.269376398908247	1136	7.27146884039523	8.32853115960475
9	WGN55	7.69999999999995	0.269376398908252	1136	7.17146884039518	8.22853115960472
10	WGN55	7.64999999999997	0.269376398908251	1136	7.1214688403952	8.17853115960474
11	WGN55	7.65000000000001	0.269376398908247	1136	7.12146884039525	8.17853115960477
12	WGN55	7.85334212840807	0.381039510871481	1136	7.10572186415199	8.60096239266414
13	WGN55	7.14999999999996	0.269376398908253	1136	6.62146884039519	7.67853115960473
14	WGN55	8.04999999999997	0.26937639890825	1136	7.52146884039521	8.57853115960474
15	WGN55	7.89999999999998	0.269376398908247	1136	7.37146884039522	8.42853115960474
16	WGN55	7.84999999999998	0.269376398908246	1136	7.32146884039523	8.37853115960474
17	WGN55	8.25334212840807	0.381039510871478	1136	7.505721864152	9.00096239266414
18	WGN55	8.09999999999998	0.26937639890825	1136	7.57146884039522	8.62853115960475
19	WGN55	7.84999999999997	0.26937639890825	1136	7.3214688403952	8.37853115960473
20	WGN55	8.04999999999998	0.269376398908252	1136	7.52146884039521	8.57853115960475
21	WGN55	7.64999999999999	0.269376398908249	1136	7.12146884039523	8.17853115960475
22	WGN55	7.84999999999997	0.269376398908253	1136	7.3214688403952	8.37853115960474
23	WGN55	7.99999999999998	0.269376398908248	1136	7.47146884039522	8.52853115960474
24	WGN55	7.79999999999998	0.269376398908251	1136	7.27146884039521	8.32853115960475
25	WGN55	6.94999999999998	0.26937639890825	1136	6.42146884039521	7.47853115960474
26	WGN55	7.25	0.269376398908247	1136	6.72146884039524	7.77853115960476
27	WGN55	7.64999999999999	0.269376398908249	1136	7.12146884039522	8.17853115960475
28	WGN55	7.79999999999998	0.269376398908249	1136	7.27146884039522	8.32853115960475
29	WGN55	7.69999999999997	0.269376398908252	1136	7.1714688403952	8.22853115960474
30	WGN55	7.74999999999999	0.269376398908247	1136	7.22146884039523	8.27853115960475
31	WGN55	7.99999999999998	0.269376398908252	1136	7.47146884039521	8.52853115960475
32	WGN55	8.44999999999998	0.269376398908252	1136	7.92146884039521	8.97853115960475
33	WGN55	7.09999999999997	0.26937639890825	1136	6.57146884039521	7.62853115960474
34	WGN55	7.79999999999998	0.269376398908249	1136	7.27146884039522	8.32853115960475
35	WGN55	7.89999999999998	0.269376398908249	1136	7.37146884039522	8.42853115960474
36	WGN55	7.69999999999998	0.26937639890825	1136	7.17146884039521	8.22853115960474
37	WGN55	8.14999999999998	0.269376398908251	1136	7.62146884039521	8.67853115960475
38	WGN55	6.79999999999996	0.269376398908252	1136	6.27146884039519	7.32853115960473
40	WGN55	8.39999999999998	0.26937639890825	1136	7.87146884039522	8.92853115960475
41	WGN55	8.19999999999998	0.269376398908252	1136	7.67146884039521	8.72853115960475
42	WGN55	7.89999999999998	0.269376398908248	1136	7.37146884039522	8.42853115960475
43	WGN55	7.94999999999998	0.26937639890825	1136	7.42146884039522	8.47853115960475
44	WGN55	7.94999999999998	0.269376398908248	1136	7.42146884039522	8.47853115960474
45	WGN55	7.64999999999998	0.269376398908247	1136	7.12146884039522	8.17853115960474
46	WGN55	6.99999999999998	0.269376398908249	1136	6.47146884039522	7.52853115960475
47	WGN55	7.49999999999997	0.269376398908251	1136	6.9714688403952	8.02853115960474
48	WGN55	7.54999999999996	0.26937639890825	1136	7.0214688403952	8.07853115960473
49	WGN55	7.99999999999999	0.269376398908247	1136	7.47146884039523	8.52853115960475
50	WGN55	7.44999999999998	0.269376398908249	1136	6.92146884039522	7.97853115960474
52	WGN55	7.84999999999998	0.269376398908251	1136	7.32146884039521	8.37853115960474
53	WGN55	7.19999999999997	0.269376398908251	1136	6.6714688403952	7.72853115960474
54	WGN55	7.64999999999997	0.269376398908251	1136	7.12146884039521	8.17853115960474
55	WGN55	7.84999999999999	0.269376398908248	1136	7.32146884039523	8.37853115960475
56	WGN55	7.69999999999999	0.269376398908248	1136	7.17146884039523	8.22853115960475
57	WGN55	7.39999999999998	0.26937639890825	1136	6.87146884039521	7.92853115960474
58	WGN55	7.64999999999998	0.269376398908249	1136	7.12146884039522	8.17853115960474
59	WGN55	7.64999999999999	0.269376398908248	1136	7.12146884039523	8.17853115960475
60	WGN55	6.89999999999997	0.26937639890825	1136	6.37146884039521	7.42853115960474
61	WGN55	7.19999999999999	0.269376398908248	1136	6.67146884039523	7.72853115960475
62	WGN55	7.89999999999998	0.269376398908251	1136	7.37146884039521	8.42853115960474
63	WGN55	7.94999999999998	0.26937639890825	1136	7.42146884039521	8.47853115960474
64	WGN55	7.59999999999998	0.26937639890825	1136	7.07146884039522	8.12853115960475
65	WGN55	7.49999999999998	0.26937639890825	1136	6.97146884039522	8.02853115960475
66	WGN55	7.44999999999999	0.269376398908248	1136	6.92146884039523	7.97853115960475
67	WGN55	7.59999999999998	0.269376398908248	1136	7.07146884039522	8.12853115960474
68	WGN55	7.34999999999998	0.269376398908249	1136	6.82146884039522	7.87853115960474
69	WGN55	7.05334212840806	0.38103951087148	1136	6.30572186415198	7.80096239266414
70	WGN55	8.24999999999998	0.26937639890825	1136	7.72146884039522	8.77853115960475
71	WGN55	7.99999999999999	0.269376398908249	1136	7.47146884039522	8.52853115960475
72	WGN55	6.99999999999998	0.26937639890825	1136	6.47146884039521	7.52853115960474
73	WGN55	8.09999999999998	0.269376398908247	1136	7.57146884039522	8.62853115960474
74	WGN55	8.19999999999998	0.26937639890825	1136	7.67146884039521	8.72853115960474
75	WGN55	7.54999999999998	0.269376398908251	1136	7.02146884039521	8.07853115960474
76	WGN55	7.84999999999998	0.26937639890825	1136	7.32146884039521	8.37853115960474
77	WGN55	6.94999999999999	0.269376398908249	1136	6.42146884039522	7.47853115960475
78	WGN55	6.89999999999998	0.26937639890825	1136	6.37146884039522	7.42853115960475
80	WGN55	8.44999999999998	0.269376398908248	1136	7.92146884039522	8.97853115960474
81	WGN55	7.14999999999999	0.269376398908248	1136	6.62146884039522	7.67853115960475
82	WGN55	7.44999999999998	0.26937639890825	1136	6.92146884039521	7.97853115960474
83	WGN55	7.14999999999998	0.26937639890825	1136	6.62146884039521	7.67853115960474
84	WGN55	7.84999999999998	0.269376398908249	1136	7.32146884039522	8.37853115960475
85	WGN55	7.64999999999998	0.269376398908251	1136	7.12146884039521	8.17853115960474
86	WGN55	7.34999999999999	0.26937639890825	1136	6.82146884039522	7.87853115960475
87	WGN55	8.04999999999999	0.269376398908249	1136	7.52146884039523	8.57853115960476
88	WGN55	7.54999999999998	0.26937639890825	1136	7.02146884039521	8.07853115960474
89	WGN55	7.69999999999998	0.269376398908249	1136	7.17146884039522	8.22853115960474
90	WGN55	6.29999999999998	0.269376398908249	1136	5.77146884039522	6.82853115960474
91	WGN55	8.44999999999998	0.26937639890825	1136	7.92146884039522	8.97853115960475
92	WGN55	6.99999999999998	0.269376398908249	1136	6.47146884039522	7.52853115960475
93	WGN55	8.24999999999998	0.26937639890825	1136	7.72146884039522	8.77853115960475
94	WGN55	7.54999999999999	0.269376398908249	1136	7.02146884039522	8.07853115960475
95	WGN55	7.69999999999998	0.269376398908249	1136	7.17146884039522	8.22853115960475
96	WGN55	7.99999999999998	0.269376398908249	1136	7.47146884039522	8.52853115960475
97	WGN55	7.64999999999998	0.26937639890825	1136	7.12146884039521	8.17853115960474
98	WGN55	7.09999999999997	0.26937639890825	1136	6.57146884039521	7.62853115960474
99	WGN55	7.39999999999998	0.26937639890825	1136	6.87146884039521	7.92853115960474
100	WGN55	7.74999999999998	0.26937639890825	1136	7.22146884039522	8.27853115960475
101	WGN55	7.89999999999998	0.26937639890825	1136	7.37146884039521	8.42853115960475
102	WGN55	7.34999999999998	0.269376398908249	1136	6.82146884039522	7.87853115960475
103	WGN55	6.99999999999998	0.269376398908249	1136	6.47146884039522	7.52853115960474
104	WGN55	8.14999999999998	0.26937639890825	1136	7.62146884039522	8.67853115960475
105	WGN55	7.64999999999998	0.269376398908249	1136	7.12146884039522	8.17853115960475
106	WGN55	7.74999999999998	0.269376398908249	1136	7.22146884039522	8.27853115960474
107	WGN55	7.84999999999998	0.269376398908249	1136	7.32146884039522	8.37853115960475
108	WGN55	8.09999999999998	0.26937639890825	1136	7.57146884039522	8.62853115960475
109	WGN55	7.69999999999998	0.26937639890825	1136	7.17146884039522	8.22853115960475
110	WGN55	7.74999999999998	0.269376398908249	1136	7.22146884039522	8.27853115960475
111	WGN55	8.44999999999999	0.269376398908249	1136	7.92146884039522	8.97853115960475
112	WGN55	7.84999999999998	0.26937639890825	1136	7.32146884039522	8.37853115960475
113	WGN55	7.34999999999998	0.26937639890825	1136	6.82146884039521	7.87853115960474
114	WGN55	7.59999999999998	0.269376398908249	1136	7.07146884039522	8.12853115960475
115	WGN55	7.34999999999998	0.26937639890825	1136	6.82146884039522	7.87853115960475
116	WGN55	6.74665787159189	0.38103951087148	1136	5.99903760733581	7.49427813584797
117	WGN55	7.99999999999998	0.26937639890825	1136	7.47146884039522	8.52853115960475
118	WGN55	7.69999999999998	0.269376398908249	1136	7.17146884039522	8.22853115960475
119	WGN55	7.69999999999998	0.269376398908249	1136	7.17146884039522	8.22853115960475
120	WGN55	7.54999999999998	0.26937639890825	1136	7.02146884039522	8.07853115960475
121	WGN55	6.89999999999998	0.26937639890825	1136	6.37146884039521	7.42853115960474
122	WGN55	7.89999999999998	0.26937639890825	1136	7.37146884039522	8.42853115960474
123	WGN55	7.59999999999998	0.26937639890825	1136	7.07146884039522	8.12853115960475
124	WGN55	8.54999999999998	0.26937639890825	1136	8.02146884039522	9.07853115960475
125	WGN55	7.84999999999998	0.26937639890825	1136	7.32146884039522	8.37853115960475
126	WGN55	7.19999999999998	0.26937639890825	1136	6.67146884039522	7.72853115960475
128	WGN55	7.24999999999998	0.26937639890825	1136	6.72146884039522	7.77853115960475
129	WGN55	7.79999999999998	0.26937639890825	1136	7.27146884039522	8.32853115960475
130	WGN55	7.44999999999998	0.26937639890825	1136	6.92146884039522	7.97853115960475
1	WGN63	8.54999999999998	0.269376398908249	1136	8.02146884039521	9.07853115960474
2	WGN63	8.94999999999998	0.269376398908252	1136	8.42146884039521	9.47853115960474
3	WGN63	9.00000000000003	0.269376398908248	1136	8.47146884039526	9.52853115960479
4	WGN63	9.24999999999999	0.269376398908248	1136	8.72146884039523	9.77853115960475
5	WGN63	9.04999999999998	0.26937639890825	1136	8.52146884039522	9.57853115960475
6	WGN63	8.75334212840808	0.38103951087148	1136	8.005721864152	9.50096239266415
7	WGN63	8.84999999999997	0.269376398908249	1136	8.3214688403952	9.37853115960473
8	WGN63	7.89999999999997	0.269376398908252	1136	7.3714688403952	8.42853115960474
9	WGN63	8.79999999999999	0.269376398908249	1136	8.27146884039522	9.32853115960475
10	WGN63	8.74999999999998	0.269376398908249	1136	8.22146884039522	9.27853115960475
12	WGN63	9.69999999999997	0.269376398908248	1136	9.17146884039521	10.2285311596047
13	WGN63	8.84999999999998	0.26937639890825	1136	8.32146884039521	9.37853115960474
14	WGN63	7.59999999999997	0.269376398908251	1136	7.07146884039521	8.12853115960474
16	WGN63	9.09999999999999	0.26937639890825	1136	8.57146884039523	9.62853115960475
17	WGN63	8.09999999999999	0.269376398908248	1136	7.57146884039523	8.62853115960475
18	WGN63	9.1	0.26937639890825	1136	8.57146884039524	9.62853115960476
19	WGN63	8.69999999999999	0.269376398908251	1136	8.17146884039522	9.22853115960476
20	WGN63	8.19999999999999	0.269376398908251	1136	7.67146884039523	8.72853115960476
21	WGN63	9.05	0.269376398908251	1136	8.52146884039523	9.57853115960476
22	WGN63	8.34999999999999	0.26937639890825	1136	7.82146884039523	8.87853115960476
23	WGN63	8.95	0.26937639890825	1136	8.42146884039524	9.47853115960477
24	WGN63	8.39999999999999	0.269376398908248	1136	7.87146884039523	8.92853115960475
25	WGN63	8.95	0.26937639890825	1136	8.42146884039523	9.47853115960476
26	WGN63	9.04999999999994	0.269376398908248	1136	8.52146884039518	9.5785311596047
27	WGN63	8.49999999999999	0.26937639890825	1136	7.97146884039522	9.02853115960475
28	WGN63	8.14999999999999	0.269376398908248	1136	7.62146884039523	8.67853115960476
29	WGN63	8.54999999999998	0.269376398908248	1136	8.02146884039522	9.07853115960475
30	WGN63	8.74999999999999	0.26937639890825	1136	8.22146884039522	9.27853115960475
31	WGN63	8.34999999999997	0.269376398908249	1136	7.82146884039521	8.87853115960474
32	WGN63	8.49999999999999	0.26937639890825	1136	7.97146884039522	9.02853115960475
33	WGN63	8.39999999999999	0.269376398908249	1136	7.87146884039523	8.92853115960476
34	WGN63	7.94999999999998	0.26937639890825	1136	7.42146884039521	8.47853115960474
35	WGN63	8.34999999999999	0.26937639890825	1136	7.82146884039523	8.87853115960476
36	WGN63	8.2	0.269376398908249	1136	7.67146884039524	8.72853115960477
37	WGN63	8.59999999999999	0.269376398908248	1136	8.07146884039523	9.12853115960475
38	WGN63	9.95	0.26937639890825	1136	9.42146884039524	10.4785311596048
39	WGN63	9.15	0.26937639890825	1136	8.62146884039524	9.67853115960477
40	WGN63	7.19999999999999	0.269376398908249	1136	6.67146884039522	7.72853115960475
41	WGN63	8.45334212840808	0.381039510871482	1136	7.705721864152	9.20096239266416
42	WGN63	8.89999999999997	0.269376398908249	1136	8.37146884039521	9.42853115960473
43	WGN63	8.3	0.269376398908249	1136	7.77146884039523	8.82853115960476
44	WGN63	8.29999999999999	0.269376398908248	1136	7.77146884039523	8.82853115960475
45	WGN63	8.39999999999999	0.269376398908249	1136	7.87146884039523	8.92853115960476
46	WGN63	8.39999999999998	0.269376398908249	1136	7.87146884039522	8.92853115960475
47	WGN63	8.89999999999999	0.269376398908251	1136	8.37146884039522	9.42853115960475
48	WGN63	8.34999999999999	0.269376398908251	1136	7.82146884039522	8.87853115960476
49	WGN63	8.39999999999998	0.26937639890825	1136	7.87146884039521	8.92853115960474
50	WGN63	8.19999999999999	0.269376398908249	1136	7.67146884039522	8.72853115960475
51	WGN63	9.3466578715919	0.38103951087148	1136	8.59903760733582	10.094278135848
52	WGN63	9.44999999999999	0.26937639890825	1136	8.92146884039523	9.97853115960476
53	WGN63	9.09999999999999	0.269376398908249	1136	8.57146884039522	9.62853115960475
54	WGN63	9.29999999999997	0.26937639890825	1136	8.77146884039521	9.82853115960474
55	WGN63	8.74999999999998	0.269376398908248	1136	8.22146884039522	9.27853115960474
56	WGN63	9.19999999999998	0.269376398908249	1136	8.67146884039521	9.72853115960474
57	WGN63	9.44999999999999	0.26937639890825	1136	8.92146884039523	9.97853115960476
58	WGN63	8.49999999999998	0.269376398908249	1136	7.97146884039522	9.02853115960475
59	WGN63	8.39999999999999	0.26937639890825	1136	7.87146884039522	8.92853115960475
60	WGN63	8.74999999999998	0.26937639890825	1136	8.22146884039521	9.27853115960474
61	WGN63	8.94999999999999	0.269376398908249	1136	8.42146884039522	9.47853115960475
62	WGN63	8.74999999999999	0.26937639890825	1136	8.22146884039522	9.27853115960475
63	WGN63	8.59999999999998	0.269376398908251	1136	8.07146884039522	9.12853115960475
64	WGN63	7.84999999999998	0.26937639890825	1136	7.32146884039522	8.37853115960474
65	WGN63	8.84999999999997	0.269376398908249	1136	8.32146884039521	9.37853115960474
66	WGN63	8.19999999999998	0.26937639890825	1136	7.67146884039522	8.72853115960475
67	WGN63	8.14999999999997	0.26937639890825	1136	7.62146884039521	8.67853115960474
68	WGN63	7.94999999999998	0.26937639890825	1136	7.42146884039521	8.47853115960475
69	WGN63	9.35	0.26937639890825	1136	8.82146884039523	9.87853115960477
70	WGN63	9.09999999999999	0.26937639890825	1136	8.57146884039522	9.62853115960475
72	WGN63	7.64999999999999	0.269376398908249	1136	7.12146884039523	8.17853115960475
73	WGN63	8.44999999999998	0.26937639890825	1136	7.92146884039522	8.97853115960475
74	WGN63	8.89999999999998	0.269376398908249	1136	8.37146884039522	9.42853115960474
75	WGN63	9.29999999999999	0.269376398908249	1136	8.77146884039522	9.82853115960475
76	WGN63	8.59999999999999	0.26937639890825	1136	8.07146884039522	9.12853115960475
77	WGN63	9.79999999999999	0.26937639890825	1136	9.27146884039522	10.3285311596048
78	WGN63	8.99999999999999	0.26937639890825	1136	8.47146884039522	9.52853115960475
79	WGN63	9.24999999999999	0.269376398908249	1136	8.72146884039522	9.77853115960475
80	WGN63	9.84999999999999	0.26937639890825	1136	9.32146884039522	10.3785311596048
81	WGN63	7.79999999999998	0.26937639890825	1136	7.27146884039522	8.32853115960475
82	WGN63	7.59999999999998	0.26937639890825	1136	7.07146884039521	8.12853115960474
83	WGN63	9.34999999999999	0.26937639890825	1136	8.82146884039523	9.87853115960476
84	WGN63	8.79999999999998	0.26937639890825	1136	8.27146884039522	9.32853115960475
85	WGN63	9.24999999999998	0.269376398908249	1136	8.72146884039522	9.77853115960475
86	WGN63	8.64999999999998	0.269376398908249	1136	8.12146884039522	9.17853115960475
87	WGN63	8.24999999999998	0.26937639890825	1136	7.72146884039522	8.77853115960475
88	WGN63	8.44999999999998	0.26937639890825	1136	7.92146884039522	8.97853115960475
89	WGN63	8.89999999999999	0.269376398908249	1136	8.37146884039522	9.42853115960475
90	WGN63	7.74665787159189	0.38103951087148	1136	6.99903760733582	8.49427813584797
91	WGN63	8.84999999999998	0.269376398908249	1136	8.32146884039522	9.37853115960475
92	WGN63	8.89999999999999	0.269376398908249	1136	8.37146884039522	9.42853115960475
93	WGN63	8.69999999999999	0.26937639890825	1136	8.17146884039522	9.22853115960475
94	WGN63	9.09999999999999	0.26937639890825	1136	8.57146884039522	9.62853115960475
95	WGN63	9.05334212840808	0.38103951087148	1136	8.305721864152	9.80096239266416
96	WGN63	8.24999999999998	0.26937639890825	1136	7.72146884039522	8.77853115960475
97	WGN63	8.49999999999999	0.26937639890825	1136	7.97146884039522	9.02853115960475
98	WGN63	8.64999999999999	0.26937639890825	1136	8.12146884039522	9.17853115960475
99	WGN63	8.79999999999999	0.26937639890825	1136	8.27146884039522	9.32853115960475
100	WGN63	8.39999999999999	0.269376398908249	1136	7.87146884039522	8.92853115960475
101	WGN63	9.54999999999999	0.269376398908249	1136	9.02146884039522	10.0785311596048
102	WGN63	9.14999999999999	0.26937639890825	1136	8.62146884039522	9.67853115960475
103	WGN63	9.09999999999999	0.269376398908249	1136	8.57146884039522	9.62853115960475
105	WGN63	7.84999999999999	0.26937639890825	1136	7.32146884039522	8.37853115960475
106	WGN63	8.55334212840808	0.38103951087148	1136	7.805721864152	9.30096239266415
107	WGN63	9.35334212840808	0.38103951087148	1136	8.605721864152	10.1009623926642
109	WGN63	7.79999999999998	0.269376398908249	1136	7.27146884039522	8.32853115960475
110	WGN63	8.54999999999999	0.269376398908249	1136	8.02146884039522	9.07853115960475
111	WGN63	9.34999999999999	0.26937639890825	1136	8.82146884039522	9.87853115960475
112	WGN63	8.49999999999999	0.26937639890825	1136	7.97146884039522	9.02853115960475
114	WGN63	7.79999999999999	0.269376398908249	1136	7.27146884039522	8.32853115960475
115	WGN63	9.79999999999999	0.26937639890825	1136	9.27146884039522	10.3285311596048
116	WGN63	8.74999999999999	0.269376398908249	1136	8.22146884039522	9.27853115960475
117	WGN63	8.04999999999998	0.269376398908249	1136	7.52146884039522	8.57853115960475
118	WGN63	8.19999999999999	0.269376398908249	1136	7.67146884039522	8.72853115960475
119	WGN63	8.69999999999999	0.269376398908249	1136	8.17146884039522	9.22853115960475
121	WGN63	7.94999999999998	0.26937639890825	1136	7.42146884039522	8.47853115960475
122	WGN63	7.39999999999999	0.269376398908249	1136	6.87146884039522	7.92853115960475
123	WGN63	9.04999999999998	0.269376398908249	1136	8.52146884039522	9.57853115960475
124	WGN63	9.34999999999999	0.269376398908249	1136	8.82146884039522	9.87853115960475
125	WGN63	8.64999999999999	0.269376398908249	1136	8.12146884039522	9.17853115960475
126	WGN63	9.19999999999999	0.269376398908249	1136	8.67146884039522	9.72853115960475
127	WGN63	8.29999999999999	0.269376398908249	1136	7.77146884039522	8.82853115960475
128	WGN63	8.39999999999998	0.269376398908249	1136	7.87146884039522	8.92853115960475
129	WGN63	8.94999999999999	0.269376398908249	1136	8.42146884039522	9.47853115960475
130	WGN63	10.35	0.269376398908249	1136	9.82146884039523	10.8785311596048
