plantID3	famID	emmean	SE	df	lower.CL	upper.CL
1	WGN07	45.919211160003	8.33511932833406	1075	29.564263454041	62.274158865965
2	WGN07	64.3583710599957	8.33511932833418	1075	48.0034233540334	80.7133187659579
3	WGN07	59.1387165499958	8.3351193283334	1075	42.7837688440351	75.4936642559565
4	WGN07	50.5608742449956	8.33511932833441	1075	34.2059265390329	66.9158219509583
5	WGN07	60.6120700500008	8.33511932833421	1075	44.2571223440385	76.9670177559631
6	WGN07	39.9007367549998	8.33511932833406	1075	23.5457890490378	56.2556844609618
7	WGN07	56.7921048400003	8.33511932833428	1075	40.4371571340379	73.1470525459628
8	WGN07	57.9357229450007	8.33511932833428	1075	41.5807752390382	74.2906706509631
9	WGN07	65.5694166564598	11.7903772436985	1075	42.4346544942971	88.7041788186225
10	WGN07	57.2977668199998	8.33511932833393	1075	40.9428191140381	73.6527145259616
11	WGN07	48.7825866599988	8.335119328334	1075	32.4276389540369	65.1375343659607
12	WGN07	59.8610140649991	8.33511932833408	1075	43.5060663590371	76.2159617709611
13	WGN07	64.8524688500007	8.33511932833423	1075	48.4975211440383	81.207416555963
14	WGN07	64.1044330849999	8.33511932833407	1075	47.7494853790379	80.4593807909619
15	WGN07	47.2870647099998	8.33511932833398	1075	30.9321170040379	63.6420124159617
16	WGN07	53.16618027	8.33511932833401	1075	36.8112325640381	69.5211279759619
17	WGN07	60.1251564249993	8.33511932833366	1075	43.7702087190381	76.4801041309605
18	WGN07	36.96512548	8.335119328334	1075	20.6101777740381	53.3200731859619
20	WGN07	17.9888044850014	8.33511932833387	1075	1.6338567790398	34.3437521909631
21	WGN07	52.1629211049994	8.33511932833358	1075	35.8079733990384	68.5178688109605
22	WGN07	70.9899252499996	8.33511932833406	1075	54.6349775440376	87.3448729559616
23	WGN07	62.0852449150002	8.33511932833439	1075	45.7302972090376	78.4401926209629
24	WGN07	54.3895962749994	8.33511932833411	1075	38.0346485690373	70.7445439809615
25	WGN07	37.820892275	8.33511932833398	1075	21.4659445690382	54.1758399809619
26	WGN07	62.1994492650003	8.33511932833398	1075	45.8445015590385	78.5543969709622
27	WGN07	51.6381755749996	8.33511932833403	1075	35.2832278690377	67.9931232809616
28	WGN07	42.9276211849997	8.33511932833415	1075	26.5726734790375	59.2825688909619
29	WGN07	44.3223753049995	8.33511932833405	1075	27.9674275990375	60.6773230109615
30	WGN07	51.6043888949998	8.33511932833405	1075	35.2494411890378	67.9593366009618
31	WGN07	48.6679572050002	8.33511932833401	1075	32.3130094990383	65.0229049109621
32	WGN07	77.6666842600002	8.33511932833404	1075	61.3117365540382	94.0216319659622
33	WGN07	58.467707515	8.33511932833399	1075	42.1127598090381	74.8226552209619
34	WGN07	42.38308796	8.33511932833395	1075	26.0281402540382	58.7380356659618
35	WGN07	57.3721371935396	11.7903772436986	1075	34.2373750313766	80.5068993557025
36	WGN07	26.7676326599997	8.33511932833397	1075	10.4126849540379	43.1225803659616
37	WGN07	60.5976868549995	8.33511932833404	1075	44.2427391490375	76.9526345609615
38	WGN07	58.006122395	8.33511932833399	1075	41.6511746890381	74.3610701009619
39	WGN07	64.5538886699992	8.33511932833386	1075	48.1989409640376	80.9088363759608
40	WGN07	47.0489228400007	8.33511932833416	1075	30.6939751340385	63.4038705459629
41	WGN07	53.3527767949997	8.33511932833397	1075	36.9978290890379	69.7077245009615
42	WGN07	43.0783910399997	8.33511932833421	1075	26.7234433340374	59.433338745962
44	WGN07	44.84436813	8.33511932833407	1075	28.4894204240379	61.199315835962
46	WGN07	36.3337965800004	8.33511932833389	1075	19.9788488740387	52.688744285962
47	WGN07	61.9767538949994	8.33511932833412	1075	45.6218061890373	78.3317016009616
48	WGN07	51.8967066300005	8.33511932833396	1075	35.5417589240387	68.2516543359624
49	WGN07	48.3354093400004	8.33511932833428	1075	31.9804616340379	64.6903570459628
50	WGN07	51.6452144400001	8.33511932833405	1075	35.2902667340381	68.0001621459621
51	WGN07	64.1594191299993	8.33511932833384	1075	47.8044714240378	80.5143668359609
52	WGN07	80.9670222450004	8.33511932833407	1075	64.6120745390384	97.3219699509625
53	WGN07	78.3402946000002	8.33511932833423	1075	61.9853468940378	94.6952423059625
54	WGN07	50.2602838735402	11.790377243698	1075	27.1255217113785	73.3950460357019
55	WGN07	62.3260575050002	8.33511932833432	1075	45.9711097990377	78.6810052109628
56	WGN07	61.9442050749998	8.33511932833396	1075	45.589257369038	78.2991527809616
57	WGN07	37.2612079299998	8.3351193283341	1075	20.9062602240377	53.6161556359619
58	WGN07	50.1683558800003	8.33511932833402	1075	33.8134081740384	66.5233035859623
59	WGN07	44.919836205	8.33511932833405	1075	28.564888499038	61.274783910962
60	WGN07	45.9345941199993	8.33511932833416	1075	29.579646414037	62.2895418259615
61	WGN07	52.5759482849998	8.33511932833417	1075	36.2210005790376	68.930895990962
62	WGN07	18.3875267764604	11.7903772436984	1075	-4.74723538570216	41.5222889386229
63	WGN07	60.7989466749994	8.33511932833391	1075	44.4439989690377	77.1538943809611
64	WGN07	59.3875524899998	8.33511932833388	1075	43.0326047840381	75.7425001959614
66	WGN07	60.4155230749999	8.33511932833408	1075	44.0605753690379	76.770470780962
67	WGN07	44.0994671300004	8.33511932833413	1075	27.7445194240383	60.4544148359626
68	WGN07	47.4865481649999	8.33511932833416	1075	31.1316004590377	63.8414958709621
69	WGN07	45.1237834949996	8.33511932833399	1075	28.7688357890378	61.4787312009615
71	WGN07	54.9434220549999	8.33511932833402	1075	38.588474349038	71.2983697609619
73	WGN07	55.0266376600001	8.33511932833398	1075	38.6716899540382	71.3815853659619
74	WGN07	59.6796942650005	8.33511932833421	1075	43.3247465590382	76.0346419709628
75	WGN07	62.5036257	8.33511932833407	1075	46.1486779940379	78.858573405962
76	WGN07	59.492381956461	11.7903772436985	1075	36.3576197942983	82.6271441186238
77	WGN07	73.2001421750005	8.33511932833411	1075	56.8451944690384	89.5550898809626
78	WGN07	56.5236133449999	8.33511932833437	1075	40.1686656390373	72.8785610509625
79	WGN07	51.8727373599998	8.33511932833413	1075	35.5177896540376	68.2276850659619
80	WGN07	63.0297520949993	8.33511932833384	1075	46.6748043890378	79.3846998009609
81	WGN07	64.1849258550001	8.33511932833404	1075	47.8299781490381	80.5398735609621
82	WGN07	54.0221598849998	8.33511932833405	1075	37.6672121790378	70.3771075909617
83	WGN07	49.0438882049996	8.335119328334	1075	32.6889404990377	65.3988359109615
84	WGN07	66.5488834500006	8.33511932833423	1075	50.1939357440383	82.903831155963
85	WGN07	59.1431305900001	8.33511932833416	1075	42.7881828840379	75.4980782959623
86	WGN07	71.0732492449993	8.33511932833387	1075	54.7183015390376	87.4281969509609
87	WGN07	48.3962703199997	8.335119328334	1075	32.0413226140378	64.7512180259616
88	WGN07	68.1560749999994	8.33511932833395	1075	51.8011272940376	84.5110227059612
89	WGN07	43.9930157800001	8.335119328334	1075	27.6380680740382	60.347963485962
90	WGN07	50.17703437	8.3351193283341	1075	33.8220866640379	66.5319820759621
91	WGN07	44.788440785	8.33511932833403	1075	28.4334930790381	61.1433884909619
92	WGN07	59.1611903749999	8.33511932833406	1075	42.8062426690379	75.5161380809619
93	WGN07	51.4136971750003	8.33511932833405	1075	35.0587494690383	67.7686448809623
94	WGN07	57.5808954649999	8.33511932833397	1075	41.2259477590381	73.9358431709617
95	WGN07	54.74870367	8.33511932833425	1075	38.3937559640376	71.1036513759623
96	WGN07	42.5009811899997	8.33511932833393	1075	26.1460334840379	58.8559288959614
97	WGN07	74.5982578600003	8.33511932833405	1075	58.2433101540383	90.9532055659623
98	WGN07	64.029808665	8.33511932833413	1075	47.6748609590378	80.3847563709621
99	WGN07	60.5130937249991	8.33511932833403	1075	44.1581460190371	76.868041430961
100	WGN07	51.2195772499994	8.33511932833415	1075	34.8646295440372	67.5745249559616
101	WGN07	62.5417695100006	8.3351193283341	1075	46.1868218040385	78.8967172159627
102	WGN07	56.1481986699995	8.33511932833411	1075	39.7932509640374	72.5031463759616
103	WGN07	59.2710214550001	8.33511932833405	1075	42.9160737490381	75.6259691609621
104	WGN07	51.62719449	8.33511932833419	1075	35.2722467840378	67.9821421959623
105	WGN07	48.4210764849999	8.33511932833379	1075	32.0661287790385	64.7760241909614
106	WGN07	49.3140287599994	8.33511932833424	1075	32.9590810540371	65.6689764659618
107	WGN07	47.8022955	8.33511932833412	1075	31.4473477940378	64.1572432059621
108	WGN07	51.7775225249999	8.3351193283342	1075	35.4225748190376	68.1324702309622
109	WGN07	52.5515829499993	8.33511932833404	1075	36.1966352440373	68.9065306559612
110	WGN07	58.2209578049998	8.33511932833405	1075	41.8660100990378	74.5759055109617
111	WGN07	66.0638274149998	8.33511932833407	1075	49.7088797090377	82.4187751209618
112	WGN07	47.9870159450003	8.33511932833409	1075	31.6320682390382	64.3419636509624
113	WGN07	47.8318621464607	11.7903772436983	1075	24.6970999842985	70.9666243086229
114	WGN07	65.454755815	8.33511932833412	1075	49.0998081090379	81.8097035209622
115	WGN07	44.9055076599994	8.33511932833393	1075	28.5505599540377	61.2604553659612
116	WGN07	74.2883104599993	8.33511932833403	1075	57.9333627540374	90.6432581659613
117	WGN07	48.9086412450003	8.33511932833412	1075	32.5536935390382	65.2635889509625
118	WGN07	62.9200151350004	8.33511932833397	1075	46.5650674290385	79.2749628409622
119	WGN07	63.7734945300004	8.33511932833407	1075	47.4185468240383	80.1284422359624
120	WGN07	51.2501451650002	8.3351193283338	1075	34.8951974590387	67.6050928709617
121	WGN07	77.5975051535392	11.7903772436981	1075	54.4627429913772	100.732267315701
122	WGN07	41.4800022464594	11.7903772436986	1075	18.3452400842966	64.6147644086223
123	WGN07	73.3517836749999	8.33511932833401	1075	56.9968359690379	89.7067313809618
124	WGN07	66.132617475	8.33511932833402	1075	49.777669769038	82.4875651809619
125	WGN07	46.5574676449998	8.33511932833399	1075	30.2025199390379	62.9124153509616
126	WGN07	52.5251952049982	8.3351193283339	1075	36.1702474990365	68.8801429109599
127	WGN07	59.1858256449998	8.33511932833411	1075	42.8308779390377	75.5407733509619
128	WGN07	64.6976623999999	8.33511932833406	1075	48.3427146940379	81.0526101059619
129	WGN07	68.4284944949995	8.33511932833381	1075	52.073546789038	84.783442200961
130	WGN07	70.29044086	8.33511932833407	1075	53.935493154038	86.645388565962
1	WGN15	55.5059539200011	8.33511932833471	1075	39.1510062140378	71.8609016259644
2	WGN15	38.9595313150009	8.33511932833392	1075	22.6045836090391	55.3144790209626
3	WGN15	47.1462080700007	8.33511932833401	1075	30.7912603640388	63.5011557759626
4	WGN15	56.4064541450005	8.33511932833421	1075	40.0515064390382	72.7614018509628
5	WGN15	59.3458020800003	8.33511932833393	1075	42.9908543740386	75.7007497859621
7	WGN15	60.2778733200002	8.33511932833399	1075	43.9229256140383	76.6328210259621
8	WGN15	61.6692997950005	8.33511932833411	1075	45.3143520890384	78.0242475009626
9	WGN15	55.6232536864609	11.7903772436985	1075	32.4884915242982	78.7580158486235
10	WGN15	41.7034937000001	8.33511932833411	1075	25.348545994038	58.0584414059622
11	WGN15	57.8644149100006	8.33511932833405	1075	41.5094672040386	74.2193626159625
12	WGN15	47.7318019499999	8.33511932833422	1075	31.3768542440376	64.0867496559623
13	WGN15	40.5045424149996	8.33511932833426	1075	24.1495947090372	56.859490120962
14	WGN15	54.2886219900001	8.33511932833412	1075	37.933674284038	70.6435696959622
15	WGN15	50.5506490900002	8.33511932833414	1075	34.1957013840381	66.9055967959624
16	WGN15	68.1912370100006	8.33511932833406	1075	51.8362893040385	84.5461847159626
17	WGN15	55.5267003764602	11.7903772436986	1075	32.3919382142974	78.6614625386231
18	WGN15	59.3513297750004	8.33511932833407	1075	42.9963820690384	75.7062774809624
19	WGN15	54.6219149850004	8.33511932833413	1075	38.2669672790383	70.9768626909626
20	WGN15	71.7425268000003	8.33511932833401	1075	55.3875790940384	88.0974745059622
21	WGN15	58.1494177500004	8.33511932833424	1075	41.7944700440381	74.5043654559628
22	WGN15	37.5872941800009	8.33511932833392	1075	21.2323464740392	53.9422418859626
23	WGN15	53.8313420950004	8.33511932833416	1075	37.4763943890381	70.1862898009626
24	WGN15	27.7911271164606	11.7903772436985	1075	4.65636495429801	50.9258892786232
25	WGN15	52.8956779700003	8.33511932833407	1075	36.5407302640383	69.2506256759624
26	WGN15	57.6576219900006	8.33511932833403	1075	41.3026742840386	74.0125696959625
27	WGN15	63.4578850700004	8.33511932833406	1075	47.1029373640384	79.8128327759624
28	WGN15	60.1901519850002	8.33511932833391	1075	43.8352042790385	76.5450996909619
29	WGN15	52.1913474350002	8.33511932833421	1075	35.8363997290379	68.5462951409625
30	WGN15	54.7296132500004	8.33511932833412	1075	38.3746655440382	71.0845609559625
31	WGN15	78.6849312864613	11.7903772436985	1075	55.5501691242987	101.819693448624
32	WGN15	54.3318933400004	8.33511932833409	1075	37.9769456340383	70.6868410459625
33	WGN15	61.0128596250003	8.33511932833406	1075	44.6579119190383	77.3678073309623
34	WGN15	64.6545978650002	8.33511932833419	1075	48.2996501590379	81.0095455709624
35	WGN15	53.7846861400003	8.33511932833397	1075	37.4297384340385	70.1396338459622
36	WGN15	72.44787943	8.33511932833406	1075	56.092931724038	88.802827135962
37	WGN15	54.9345728100005	8.33511932833405	1075	38.5796251040385	71.2895205159625
38	WGN15	56.9189248650005	8.33511932833393	1075	40.5639771590388	73.2738725709623
39	WGN15	62.7560384700001	8.33511932833411	1075	46.4010907640379	79.1109861759622
40	WGN15	54.2827121700004	8.33511932833407	1075	37.9277644640383	70.6376598759624
41	WGN15	58.7953627600002	8.33511932833411	1075	42.4404150540381	75.1503104659623
43	WGN15	55.4984552400003	8.33511932833406	1075	39.1435075340383	71.8534029459623
44	WGN15	49.8509869600007	8.33511932833409	1075	33.4960392540386	66.2059346659628
45	WGN15	61.8805235000001	8.33511932833411	1075	45.5255757940379	78.2354712059622
46	WGN15	45.2336881650003	8.33511932833414	1075	28.8787404590381	61.5886358709624
47	WGN15	62.5603052600002	8.33511932833394	1075	46.2053575540384	78.915252965962
48	WGN15	53.8846387900003	8.33511932833404	1075	37.5296910840383	70.2395864959622
50	WGN15	50.5025441450006	8.33511932833423	1075	34.1475964390383	66.857491850963
51	WGN15	53.8758799500003	8.33511932833404	1075	37.5209322440383	70.2308276559622
52	WGN15	49.2990685150009	8.33511932833403	1075	32.9441208090389	65.6540162209628
53	WGN15	50.6371163164611	11.7903772436986	1075	27.5023541542983	73.7718784786238
54	WGN15	45.7872878864609	11.7903772436985	1075	22.6525257242982	68.9220500486235
55	WGN15	68.9934265100004	8.33511932833407	1075	52.6384788040384	85.3483742159624
56	WGN15	55.8313059550005	8.33511932833397	1075	39.4763582490387	72.1862536609623
57	WGN15	44.3409511250002	8.33511932833415	1075	27.986003419038	60.6958988309624
58	WGN15	50.7240012200003	8.33511932833414	1075	34.3690535140381	67.0789489259625
59	WGN15	53.9416545600003	8.33511932833419	1075	37.586706854038	70.2966022659625
60	WGN15	36.1564840250007	8.33511932833404	1075	19.8015363190387	52.5114317309626
61	WGN15	62.4656644000005	8.33511932833397	1075	46.1107166940386	78.8206121059623
62	WGN15	74.5470394400003	8.3351193283341	1075	58.1920917340382	90.9019871459624
63	WGN15	56.1161250799994	8.33511932833386	1075	39.7611773740378	72.4710727859611
64	WGN15	48.1202365150004	8.33511932833418	1075	31.7652888090382	64.4751842209627
65	WGN15	66.1605852900004	8.33511932833412	1075	49.8056375840383	82.5155329959625
66	WGN15	36.8730151100005	8.33511932833412	1075	20.5180674040383	53.2279628159626
67	WGN15	74.1546852300006	8.33511932833402	1075	57.7997375240387	90.5096329359626
69	WGN15	53.5559165600004	8.33511932833406	1075	37.2009688540384	69.9108642659624
70	WGN15	55.2212457150003	8.33511932833403	1075	38.8662980090384	71.5761934209623
71	WGN15	52.3383331700004	8.33511932833397	1075	35.9833854640385	68.6932808759622
72	WGN15	66.0763131800001	8.33511932833397	1075	49.7213654740382	82.4312608859619
73	WGN15	74.3540667850005	8.33511932833405	1075	57.9991190790386	90.7090144909625
74	WGN15	55.5345590500002	8.33511932833407	1075	39.1796113440381	71.8895067559622
75	WGN15	48.1456242900005	8.3351193283341	1075	31.7906765840384	64.5005719959626
77	WGN15	44.2037487700003	8.33511932833405	1075	27.8488010640383	60.5586964759623
78	WGN15	44.2370467600002	8.33511932833391	1075	27.8820990540385	60.5919944659619
79	WGN15	51.1054488450003	8.33511932833407	1075	34.7505011390383	67.4603965509624
80	WGN15	56.0960043850003	8.33511932833402	1075	39.7410566790384	72.4509520909622
81	WGN15	50.0551572850004	8.335119328334	1075	33.7002095790385	66.4101049909623
82	WGN15	48.4118093400006	8.33511932833392	1075	32.0568616340388	64.7667570459623
83	WGN15	48.261440180001	8.3351193283341	1075	31.9064924740389	64.6163878859631
84	WGN15	58.0152535550003	8.33511932833407	1075	41.6603058490382	74.3702012609623
85	WGN15	67.8334869099997	8.33511932833408	1075	51.4785392040377	84.1884346159618
86	WGN15	54.5750360900004	8.33511932833404	1075	38.2200883840385	70.9299837959624
87	WGN15	62.5923669400005	8.33511932833418	1075	46.2374192340382	78.9473146459627
88	WGN15	52.8743100050005	8.33511932833403	1075	36.5193622990385	69.2292577109624
89	WGN15	59.3582918900005	8.33511932833408	1075	43.0033441840385	75.7132395959626
90	WGN15	40.9405564964607	11.7903772436984	1075	17.8057943342983	64.0753186586232
91	WGN15	51.9640658450001	8.33511932833414	1075	35.609118139038	68.3190135509623
92	WGN15	44.1569118764606	11.7903772436986	1075	21.0221497142977	67.2916740386235
93	WGN15	55.3816661300006	8.33511932833404	1075	39.0267184240387	71.7366138359626
94	WGN15	72.5498045500004	8.33511932833391	1075	56.1948568440387	88.9047522559622
95	WGN15	47.3033387400007	8.33511932833414	1075	30.9483910340385	63.6582864459629
96	WGN15	44.6880911600005	8.33511932833396	1075	28.3331434540387	61.0430388659623
97	WGN15	67.3046863400002	8.33511932833407	1075	50.9497386340381	83.6596340459622
98	WGN15	47.0321784450003	8.33511932833403	1075	30.6772307390384	63.3871261509623
99	WGN15	67.2113184350002	8.33511932833402	1075	50.8563707290383	83.5662661409621
100	WGN15	40.2028974164612	11.7903772436984	1075	17.0681352542988	63.3376595786236
101	WGN15	61.5865917050004	8.33511932833405	1075	45.2316439990384	77.9415394109624
102	WGN15	59.0569389650006	8.33511932833416	1075	42.7019912590384	75.4118866709628
103	WGN15	54.8236438150009	8.33511932833421	1075	38.4686961090386	71.1785915209632
104	WGN15	37.8593683900005	8.33511932833408	1075	21.5044206840385	54.2143160959626
106	WGN15	56.0326318550001	8.33511932833406	1075	39.677684149038	72.3875795609621
107	WGN15	53.1341657850004	8.33511932833413	1075	36.7792180790383	69.4891134909626
108	WGN15	46.2119811150003	8.33511932833421	1075	29.857033409038	62.5669288209626
109	WGN15	51.1078961749996	8.33511932833402	1075	34.7529484690377	67.4628438809615
110	WGN15	65.9940147900008	8.33511932833409	1075	49.6390670840387	82.3489624959628
111	WGN15	47.1972469664608	11.7903772436982	1075	24.0624848042987	70.3320091286228
112	WGN15	59.5504140900003	8.33511932833402	1075	43.1954663840384	75.9053617959623
113	WGN15	53.1825866150004	8.33511932833399	1075	36.8276389090385	69.5375343209623
114	WGN15	45.9666063600006	8.335119328334	1075	29.6116586540387	62.3215540659624
115	WGN15	51.5755314850007	8.33511932833408	1075	35.2205837790386	67.9304791909628
116	WGN15	58.0223449500004	8.33511932833403	1075	41.6673972440384	74.3772926559623
117	WGN15	73.3002619050008	8.33511932833425	1075	56.9453141990384	89.6552096109632
118	WGN15	53.4429639950008	8.33511932833405	1075	37.0880162890388	69.7979117009628
119	WGN15	61.2898255200004	8.33511932833415	1075	44.9348778140383	77.6447732259626
120	WGN15	64.8306017600003	8.33511932833399	1075	48.4756540540384	81.1855494659622
121	WGN15	46.1756371850007	8.335119328334	1075	29.8206894790389	62.5305848909626
122	WGN15	52.5283175550003	8.33511932833399	1075	36.1733698490385	68.8832652609622
123	WGN15	58.7798021750001	8.33511932833412	1075	42.424854469038	75.1347498809622
124	WGN15	57.3004886500003	8.33511932833402	1075	40.9455409440384	73.6554363559622
125	WGN15	44.8530676900003	8.33511932833409	1075	28.4981199840382	61.2080153959624
126	WGN15	44.6732887150005	8.33511932833403	1075	28.3183410090385	61.0282364209624
127	WGN15	54.0403361000007	8.33511932833413	1075	37.6853883940385	70.3952838059628
128	WGN15	42.9857192000007	8.33511932833388	1075	26.6307714940391	59.3406669059624
129	WGN15	57.0962080000005	8.33511932833413	1075	40.7412602940384	73.4511557059627
130	WGN15	50.8860439800002	8.33511932833408	1075	34.5310962740382	67.2409916859623
3	WGN26	59.6420826950009	8.33511932833427	1075	43.2871349890385	75.9970304009633
4	WGN26	53.0776727700004	8.33511932833419	1075	36.7227250640381	69.4326204759626
5	WGN26	39.5167534800007	8.33511932833401	1075	23.1618057740388	55.8717011859626
6	WGN26	65.1282959400004	8.3351193283341	1075	48.7733482340383	81.4832436459624
7	WGN26	54.9194702900005	8.33511932833417	1075	38.5645225840383	71.2744179959628
8	WGN26	39.7674660600004	8.3351193283341	1075	23.4125183540383	56.1224137659625
9	WGN26	49.8496325050003	8.33511932833401	1075	33.4946847990383	66.2045802109622
10	WGN26	45.0840922150003	8.33511932833409	1075	28.7291445090383	61.4390399209624
11	WGN26	45.6339360950001	8.33511932833424	1075	29.2789883890377	61.9888838009624
12	WGN26	58.8984100700003	8.33511932833408	1075	42.5434623640383	75.2533577759624
13	WGN26	67.7175112999999	8.33511932833393	1075	51.3625635940381	84.0724590059616
14	WGN26	53.4706546650004	8.3351193283342	1075	37.1157069590381	69.8256023709626
15	WGN26	62.1624818100002	8.33511932833397	1075	45.8075341040384	78.5174295159621
17	WGN26	64.9635498550008	8.33511932833409	1075	48.6086021490387	81.3184975609629
18	WGN26	53.9327764000002	8.335119328334	1075	37.5778286940384	70.2877241059621
19	WGN26	58.1403997635397	11.7903772436983	1075	35.0056376013773	81.275161925702
20	WGN26	50.0555776900005	8.33511932833398	1075	33.7006299840386	66.4105253959623
21	WGN26	53.4620549000003	8.33511932833407	1075	37.1071071940383	69.8170026059624
22	WGN26	59.9945632200005	8.33511932833407	1075	43.6396155140384	76.3495109259625
23	WGN26	83.550213435001	8.33511932833416	1075	67.1952657290388	99.9051611409632
24	WGN26	51.750648906461	11.7903772436985	1075	28.6158867442983	74.8854110686237
25	WGN26	49.0882494850002	8.33511932833425	1075	32.7333017790378	65.4431971909625
26	WGN26	49.8380224800003	8.33511932833397	1075	33.4830747740385	66.1929701859622
27	WGN26	34.6343087850009	8.33511932833389	1075	18.2793610790392	50.9892564909626
28	WGN26	47.2278638649997	8.33511932833414	1075	30.8729161590375	63.5828115709618
29	WGN26	26.6073228900007	8.33511932833401	1075	10.2523751840388	42.9622705959626
30	WGN26	57.2521670200002	8.33511932833401	1075	40.8972193140383	73.6071147259621
31	WGN26	43.6946255150003	8.33511932833413	1075	27.3396778090382	60.0495732209625
32	WGN26	38.3389933264607	11.7903772436985	1075	15.204231164298	61.4737554886233
33	WGN26	51.2530094464609	11.7903772436984	1075	28.1182472842984	74.3877716086234
34	WGN26	69.1080042550004	8.33511932833412	1075	52.7530565490383	85.4629519609626
35	WGN26	52.7830167700004	8.33511932833407	1075	36.4280690640384	69.1379644759624
36	WGN26	53.9601318550004	8.33511932833407	1075	37.6051841490383	70.3150795609624
38	WGN26	68.4722208300011	8.33511932833431	1075	52.1172731240386	84.8271685359636
39	WGN26	64.9470272400004	8.33511932833415	1075	48.5920795340382	81.3019749459626
40	WGN26	51.2795469900003	8.33511932833409	1075	34.9245992840382	67.6344946959624
41	WGN26	36.0198431449996	8.3351193283342	1075	19.6648954390373	52.3747908509619
42	WGN26	65.137690375	8.33511932833398	1075	48.7827426690382	81.4926380809619
43	WGN26	50.8139605000002	8.335119328334	1075	34.4590127940383	67.1689082059621
44	WGN26	57.7266636150006	8.33511932833421	1075	41.3717159090383	74.0816113209629
45	WGN26	56.4974997900001	8.335119328334	1075	40.1425520840382	72.852447495962
46	WGN26	65.3359091349996	8.33511932833387	1075	48.980961429038	81.6908568409612
47	WGN26	118.869018950002	8.33511932833414	1075	102.51407124404	135.223966655964
48	WGN26	70.6808757750002	8.33511932833404	1075	54.3259280690382	87.0358234809622
49	WGN26	51.5939391064608	11.7903772436985	1075	28.4591769442982	74.7287012686234
50	WGN26	67.72393427	8.335119328334	1075	51.3689865640381	84.0788819759619
51	WGN26	58.1653444400004	8.33511932833417	1075	41.8103967340381	74.5202921459626
52	WGN26	64.6563994400002	8.33511932833403	1075	48.3014517340383	81.0113471459622
53	WGN26	55.0882143250004	8.33511932833408	1075	38.7332666190383	71.4431620309624
54	WGN26	48.4714251300004	8.3351193283339	1075	32.1164774240387	64.8263728359621
55	WGN26	53.5451626100002	8.33511932833403	1075	37.1902149040383	69.9001103159622
56	WGN26	62.9564454200005	8.33511932833414	1075	46.6014977140384	79.3113931259627
57	WGN26	54.2914202150004	8.33511932833411	1075	37.9364725090383	70.6463679209625
58	WGN26	55.5614900550004	8.33511932833414	1075	39.2065423490383	71.9164377609626
59	WGN26	53.3001880535399	11.7903772436984	1075	30.1654258913774	76.4349502157025
60	WGN26	53.0272282000003	8.33511932833405	1075	36.6722804940383	69.3821759059623
61	WGN26	49.2171854200003	8.33511932833402	1075	32.8622377140384	65.5721331259623
62	WGN26	56.7169819850004	8.33511932833412	1075	40.3620342790383	73.0719296909626
64	WGN26	69.2275562900002	8.33511932833398	1075	52.8726085840384	85.5825039959621
65	WGN26	54.9958927950004	8.33511932833405	1075	38.6409450890384	71.3508405009624
66	WGN26	66.8804422000007	8.33511932833408	1075	50.5254944940386	83.2353899059627
67	WGN26	53.4436787650002	8.33511932833401	1075	37.0887310590382	69.7986264709621
68	WGN26	58.0836299564612	11.7903772436985	1075	34.9488677942984	81.2183921186239
69	WGN26	53.4304802650004	8.33511932833406	1075	37.0755325590384	69.7854279709624
70	WGN26	51.5488432350004	8.33511932833414	1075	35.1938955290383	67.9037909409626
71	WGN26	65.0013541600004	8.33511932833414	1075	48.6464064540382	81.3563018659625
73	WGN26	56.0705843550005	8.33511932833398	1075	39.7156366490386	72.4255320609623
74	WGN26	65.08043493	8.33511932833402	1075	48.7254872240381	81.435382635962
75	WGN26	36.9505339550002	8.33511932833409	1075	20.5955862490381	53.3054816609623
76	WGN26	55.9730425850003	8.33511932833407	1075	39.6180948790383	72.3279902909624
77	WGN26	51.5184921649998	8.33511932833405	1075	35.1635444590378	67.8734398709618
78	WGN26	45.9435958850004	8.33511932833402	1075	29.5886481790385	62.2985435909623
79	WGN26	56.0974845964607	11.7903772436984	1075	32.9627224342982	79.2322467586232
80	WGN26	86.5897603849998	8.33511932833395	1075	70.234812679038	102.944708090962
81	WGN26	61.7776802264608	11.7903772436984	1075	38.6429180642983	84.9124423886233
82	WGN26	68.4642183950002	8.33511932833407	1075	52.1092706890382	84.8191661009622
83	WGN26	55.7950964200004	8.33511932833425	1075	39.4401487140381	72.1500441259628
85	WGN26	76.9086379135401	11.7903772436985	1075	53.7738757513775	100.043400075703
86	WGN26	26.1731201135398	11.7903772436982	1075	3.03835795137768	49.3078822757019
87	WGN26	47.9432421900005	8.33511932833409	1075	31.5882944840384	64.2981898959625
88	WGN26	38.6344518000003	8.33511932833409	1075	22.2795040940382	54.9893995059624
89	WGN26	66.0106646400006	8.33511932833409	1075	49.6557169340385	82.3656123459626
90	WGN26	53.2688810600003	8.33511932833408	1075	36.9139333540382	69.6238287659623
91	WGN26	53.4867903400003	8.33511932833405	1075	37.1318426340383	69.8417380459623
92	WGN26	39.2852936250003	8.3351193283341	1075	22.9303459190382	55.6402413309624
93	WGN26	42.8072417500003	8.33511932833413	1075	26.4522940440381	59.1621894559624
94	WGN26	59.2881017450003	8.33511932833408	1075	42.9331540390383	75.6430494509624
95	WGN26	53.3382767150004	8.33511932833406	1075	36.9833290090384	69.6932244209624
96	WGN26	27.8422999150002	8.33511932833409	1075	11.4873522090381	44.1972476209623
97	WGN26	34.9035953150005	8.33511932833405	1075	18.5486476090386	51.2585430209625
98	WGN26	54.8642050750004	8.33511932833407	1075	38.5092573690384	71.2191527809625
99	WGN26	76.9961654050004	8.33511932833409	1075	60.6412176990383	93.3511131109625
100	WGN26	71.04252365354	11.7903772436986	1075	47.9077614913772	94.1772858157028
101	WGN26	43.4733479550003	8.33511932833404	1075	27.1184002490384	59.8282956609623
102	WGN26	51.9666859600002	8.335119328334	1075	35.6117382540383	68.3216336659621
103	WGN26	42.7149355900003	8.33511932833405	1075	26.3599878840383	59.0698832959623
104	WGN26	61.2583883350002	8.33511932833402	1075	44.9034406290383	77.6133360409622
105	WGN26	55.7052386500002	8.33511932833407	1075	39.3502909440382	72.0601863559622
106	WGN26	51.9566506300004	8.33511932833408	1075	35.6017029240383	68.3115983359624
108	WGN26	61.8939596199998	8.33511932833409	1075	45.5390119140377	78.2489073259619
109	WGN26	58.2523646800002	8.33511932833404	1075	41.8974169740383	74.6073123859622
111	WGN26	43.9991535600003	8.33511932833405	1075	27.6442058540383	60.3541012659623
112	WGN26	65.5661548150004	8.33511932833405	1075	49.2112071090385	81.9211025209624
113	WGN26	53.2818670550003	8.33511932833398	1075	36.9269193490385	69.6368147609622
115	WGN26	55.8676092400001	8.33511932833407	1075	39.5126615340381	72.2225569459622
116	WGN26	42.4711657100003	8.33511932833408	1075	26.1162180040382	58.8261134159623
117	WGN26	54.2061183535402	11.7903772436983	1075	31.0713561913779	77.3408805157026
118	WGN26	50.5780469300003	8.33511932833415	1075	34.2230992240381	66.9329946359625
119	WGN26	52.6413126800003	8.33511932833409	1075	36.2863649740383	68.9962603859624
120	WGN26	42.6564975150006	8.33511932833402	1075	26.3015498090386	59.0114452209625
121	WGN26	65.2999314550004	8.335119328334	1075	48.9449837490386	81.6548791609623
122	WGN26	74.9582730900003	8.33511932833407	1075	58.6033253840383	91.3132207959623
123	WGN26	55.2620076850004	8.33511932833407	1075	38.9070599790384	71.6169553909624
124	WGN26	54.0723363264608	11.7903772436984	1075	30.9375741642983	77.2070984886234
125	WGN26	64.828962496461	11.7903772436985	1075	41.6942003342984	87.9637246586236
126	WGN26	50.7788640335396	11.7903772436983	1075	27.6441018713773	73.9136261957019
127	WGN26	54.3518303700004	8.33511932833412	1075	37.9968826640382	70.7067780759625
128	WGN26	64.9793239150003	8.3351193283341	1075	48.6243762090382	81.3342716209624
129	WGN26	54.0505578235398	11.7903772436983	1075	30.9157956613775	77.1853199857021
130	WGN26	50.6489452749996	8.33511932833438	1075	34.2939975690369	67.0038929809622
2	WGN36	51.4214644400005	8.33511932833402	1075	35.0665167340386	67.7764121459625
4	WGN36	59.3405648350008	8.33511932833421	1075	42.9856171290385	75.6955125409631
5	WGN36	58.8975543550005	8.33511932833393	1075	42.5426066490387	75.2525020609622
6	WGN36	86.9431642600011	8.33511932833411	1075	70.5882165540389	103.298111965963
7	WGN36	66.3076477364607	11.7903772436984	1075	43.1728855742982	89.4424098986232
8	WGN36	78.1554517650006	8.33511932833406	1075	61.8005040590386	94.5103994709627
9	WGN36	45.6848537264612	11.7903772436983	1075	22.5500915642989	68.8196158886236
10	WGN36	57.3708126100006	8.3351193283341	1075	41.0158649040386	73.7257603159627
11	WGN36	39.4592413350006	8.33511932833405	1075	23.1042936290386	55.8141890409626
12	WGN36	66.8882753064611	11.7903772436985	1075	43.7535131442985	90.0230374686237
13	WGN36	70.6652022250005	8.33511932833406	1075	54.3102545190385	87.0201499309625
14	WGN36	51.0994757750006	8.33511932833416	1075	34.7445280690384	67.4544234809628
15	WGN36	54.5425693400005	8.33511932833393	1075	38.1876216340388	70.8975170459623
16	WGN36	59.9355393750006	8.33511932833395	1075	43.5805916690388	76.2904870809624
17	WGN36	49.5479846250003	8.33511932833416	1075	33.1930369190381	65.9029323309625
18	WGN36	37.9735368150004	8.33511932833412	1075	21.6185891090382	54.3284845209625
19	WGN36	56.1589304400006	8.33511932833421	1075	39.8039827340383	72.5138781459629
20	WGN36	56.4308160300007	8.33511932833398	1075	40.0758683240388	72.7857637359625
21	WGN36	59.3163590000006	8.33511932833392	1075	42.9614112940389	75.6713067059624
22	WGN36	63.6841367000008	8.33511932833409	1075	47.3291889940388	80.0390844059629
23	WGN36	56.3700977200002	8.33511932833406	1075	40.0151500140382	72.7250454259622
24	WGN36	45.9985499350002	8.33511932833424	1075	29.6436022290378	62.3534976409626
26	WGN36	68.9984530350007	8.33511932833406	1075	52.6435053290386	85.3534007409627
27	WGN36	41.1286610400011	8.33511932833396	1075	24.7737133340393	57.483608745963
28	WGN36	64.1668364350002	8.33511932833411	1075	47.8118887290381	80.5217841409623
30	WGN36	57.9787577900007	8.33511932833432	1075	41.6238100840382	74.3337054959632
31	WGN36	42.8223566450006	8.33511932833407	1075	26.4674089390385	59.1773043509626
32	WGN36	52.0480731000006	8.33511932833405	1075	35.6931253940386	68.4030208059626
33	WGN36	49.8561999650005	8.33511932833413	1075	33.5012522590384	66.2111476709626
34	WGN36	65.0933917000004	8.33511932833393	1075	48.7384439940387	81.4483394059622
35	WGN36	49.3282169000005	8.33511932833412	1075	32.9732691940384	65.6831646059627
36	WGN36	57.5257006500006	8.33511932833396	1075	41.1707529440388	73.8806483559624
37	WGN36	74.0510929600006	8.33511932833406	1075	57.6961452540386	90.4060406659626
38	WGN36	27.6782726964604	11.7903772436986	1075	4.54351053429768	50.8130348586232
39	WGN36	61.9685016150007	8.33511932833409	1075	45.6135539090386	78.3234493209627
40	WGN36	58.6282600350008	8.33511932833412	1075	42.2733123290387	74.9832077409629
41	WGN36	59.7964308350007	8.33511932833399	1075	43.4414831290388	76.1513785409625
42	WGN36	64.5639289700006	8.33511932833406	1075	48.2089812640386	80.9188766759626
43	WGN36	67.4057774400008	8.33511932833413	1075	51.0508297340387	83.760725145963
44	WGN36	61.7327109300006	8.33511932833413	1075	45.3777632240384	78.0876586359627
45	WGN36	58.3014938450007	8.33511932833409	1075	41.9465461390386	74.6564415509628
46	WGN36	52.8489297664613	11.7903772436982	1075	29.7141676042991	75.9836919286234
47	WGN36	61.7045409650007	8.33511932833414	1075	45.3495932590385	78.0594886709629
48	WGN36	59.8892068300006	8.33511932833403	1075	43.5342591240386	76.2441545359625
49	WGN36	51.6663134850007	8.33511932833399	1075	35.3113657790388	68.0212611909626
51	WGN36	53.2568319450005	8.33511932833404	1075	36.9018842390386	69.6117796509625
52	WGN36	64.6862540350006	8.33511932833401	1075	48.3313063290387	81.0412017409625
53	WGN36	58.0525309000007	8.33511932833411	1075	41.6975831940386	74.4074786059628
54	WGN36	67.1130283150007	8.33511932833408	1075	50.7580806090386	83.4679760209627
55	WGN36	66.2018788750007	8.33511932833408	1075	49.8469311690387	82.5568265809628
56	WGN36	46.1203762700005	8.3351193283341	1075	29.7654285640385	62.4753239759626
57	WGN36	64.1080013900005	8.33511932833399	1075	47.7530536840386	80.4629490959624
58	WGN36	81.8952457650008	8.33511932833409	1075	65.5402980590387	98.2501934709628
59	WGN36	66.8926088750005	8.33511932833403	1075	50.5376611690385	83.2475565809624
60	WGN36	35.1511420915005	8.33511932833408	1075	18.7961943855385	51.5060897974626
62	WGN36	63.6510738250006	8.33511932833406	1075	47.2961261190386	80.0060215309626
64	WGN36	54.7601332700008	8.33511932833403	1075	38.4051855640389	71.1150809759628
65	WGN36	49.6621518100007	8.33511932833401	1075	33.3072041040388	66.0170995159626
66	WGN36	76.2340156950012	8.3351193283342	1075	59.8790679890389	92.5889634009634
68	WGN36	41.5365827900007	8.33511932833405	1075	25.1816350840387	57.8915304959627
69	WGN36	74.5270963600005	8.33511932833403	1075	58.1721486540386	90.8820440659624
70	WGN36	50.9870949350005	8.33511932833414	1075	34.6321472290384	67.3420426409627
71	WGN36	50.5282319550005	8.33511932833412	1075	34.1732842490384	66.8831796609627
72	WGN36	42.1676419600004	8.33511932833416	1075	25.8126942540382	58.5225896659626
74	WGN36	48.9629029200006	8.33511932833406	1075	32.6079552140386	65.3178506259626
75	WGN36	71.2267869250008	8.33511932833413	1075	54.8718392190387	87.581734630963
76	WGN36	46.7098790100008	8.33511932833403	1075	30.3549313040388	63.0648267159627
77	WGN36	68.3302362700006	8.33511932833404	1075	51.9752885640386	84.6851839759626
78	WGN36	52.6355996250008	8.33511932833398	1075	36.2806519190389	68.9905473309626
79	WGN36	51.2055771650006	8.33511932833406	1075	34.8506294590386	67.5605248709626
80	WGN36	49.8226887900007	8.33511932833408	1075	33.4677410840386	66.1776364959627
81	WGN36	55.7804895150006	8.33511932833406	1075	39.4255418090386	72.1354372209626
82	WGN36	56.5968488550007	8.33511932833406	1075	40.2419011490386	72.9517965609627
83	WGN36	59.1844011150007	8.33511932833414	1075	42.8294534090385	75.5393488209628
84	WGN36	68.9875412100008	8.33511932833409	1075	52.6325935040387	85.3424889159629
85	WGN36	45.0041748100008	8.33511932833401	1075	28.6492271040389	61.3591225159627
86	WGN36	62.6811967500006	8.33511932833406	1075	46.3262490440386	79.0361444559626
87	WGN36	38.642035620001	8.335119328334	1075	22.2870879140391	54.9969833259629
88	WGN36	74.4564348550007	8.33511932833409	1075	58.1014871490387	90.8113825609628
89	WGN36	49.3773082200006	8.33511932833408	1075	33.0223605140386	65.7322559259627
90	WGN36	20.9869132550005	8.33511932833409	1075	4.6319655490384	37.3418609609625
92	WGN36	62.7136519550006	8.33511932833406	1075	46.3587042490386	79.0685996609626
93	WGN36	45.4842616950007	8.33511932833405	1075	29.1293139890387	61.8392094009627
94	WGN36	63.3874601050006	8.33511932833405	1075	47.0325123990386	79.7424078109625
95	WGN36	50.0386382650007	8.33511932833406	1075	33.6836905590387	66.3935859709627
96	WGN36	48.6927773650007	8.33511932833405	1075	32.3378296590387	65.0477250709626
97	WGN36	65.1664917300006	8.33511932833404	1075	48.8115440240387	81.5214394359626
98	WGN36	58.8629134550007	8.33511932833411	1075	42.5079657490386	75.2178611609629
99	WGN36	45.0422564300006	8.33511932833405	1075	28.6873087240386	61.3972041359626
100	WGN36	63.2046900750007	8.33511932833409	1075	46.8497423690386	79.5596377809627
102	WGN36	55.6156732400006	8.3351193283341	1075	39.2607255340385	71.9706209459627
104	WGN36	56.4791046950007	8.33511932833402	1075	40.1241569890387	72.8340524009626
105	WGN36	55.8167825100007	8.33511932833407	1075	39.4618348040386	72.1717302159627
106	WGN36	61.0373368000009	8.33511932833409	1075	44.6823890940388	77.392284505963
107	WGN36	25.1369066300005	8.33511932833408	1075	8.78195892403841	41.4918543359625
108	WGN36	45.9718909764612	11.7903772436985	1075	22.8371288142985	69.1066531386238
109	WGN36	65.3519263650007	8.33511932833406	1075	48.9969786590387	81.7068740709627
110	WGN36	66.0260295900006	8.33511932833406	1075	49.6710818840386	82.3809772959626
112	WGN36	37.3651918000007	8.33511932833407	1075	21.0102440940387	53.7201395059627
114	WGN36	56.2280844600008	8.33511932833406	1075	39.8731367540388	72.5830321659628
116	WGN36	42.6899475550006	8.33511932833408	1075	26.3349998490386	59.0448952609627
117	WGN36	61.1964620000006	8.33511932833411	1075	44.8415142940384	77.5514097059627
118	WGN36	85.9399032750005	8.33511932833407	1075	69.5849555690385	102.294850980963
119	WGN36	61.2479919050007	8.33511932833411	1075	44.8930441990386	77.6029396109628
120	WGN36	67.6032957700007	8.33511932833411	1075	51.2483480640386	83.9582434759628
121	WGN36	53.0681981150006	8.33511932833407	1075	36.7132504090386	69.4231458209627
122	WGN36	62.2791840050006	8.33511932833407	1075	45.9242362990386	78.6341317109626
123	WGN36	68.2564450950009	8.33511932833401	1075	51.9014973890389	84.6113928009628
124	WGN36	54.6249897300007	8.33511932833407	1075	38.2700420240386	70.9799374359627
125	WGN36	69.4730064250007	8.33511932833409	1075	53.1180587190386	85.8279541309628
126	WGN36	76.0677190100005	8.33511932833404	1075	59.7127713040386	92.4226667159625
127	WGN36	49.9648281050005	8.33511932833409	1075	33.6098803990385	66.3197758109626
128	WGN36	54.5600750900007	8.33511932833409	1075	38.2051273840386	70.9150227959627
129	WGN36	44.2904158300007	8.33511932833405	1075	27.9354681240387	60.6453635359627
130	WGN36	57.3959474064646	11.7903772436995	1075	34.2611852443001	80.5307095686292
1	WGN38	61.4030826350011	8.33511932833428	1075	45.0481349290386	77.7580303409635
2	WGN38	51.7285129200008	8.33511932833407	1075	35.3735652140387	68.0834606259628
3	WGN38	44.3886953600013	8.33511932833382	1075	28.0337476540398	60.7436430659629
4	WGN38	52.6113602250004	8.33511932833407	1075	36.2564125190384	68.9663079309624
5	WGN38	57.5553354300007	8.335119328334	1075	41.2003877240388	73.9102831359626
6	WGN38	33.5031554864609	11.7903772436985	1075	10.3683933242983	56.6379176486235
7	WGN38	48.3320476750008	8.33511932833392	1075	31.977099969039	64.6869953809625
8	WGN38	46.9863383099998	8.33511932833418	1075	30.6313906040375	63.341286015962
10	WGN38	53.0148877000006	8.33511932833416	1075	36.6599399940384	69.3698354059628
11	WGN38	54.7574129000004	8.33511932833392	1075	38.4024651940387	71.1123606059622
12	WGN38	50.94778551	8.33511932833416	1075	34.5928378040378	67.3027332159622
13	WGN38	52.7489844550003	8.33511932833395	1075	36.3940367490385	69.1039321609621
14	WGN38	53.6126366300002	8.33511932833414	1075	37.257688924038	69.9675843359624
16	WGN38	53.8731889900007	8.33511932833398	1075	37.5182412840389	70.2281366959626
18	WGN38	43.1499384400003	8.33511932833409	1075	26.7949907340383	59.5048861459624
19	WGN38	35.3027936250007	8.33511932833403	1075	18.9478459190388	51.6577413309627
20	WGN38	59.6342210550002	8.33511932833418	1075	43.2792733490379	75.9891687609624
21	WGN38	38.7316950300011	8.33511932833395	1075	22.3767473240393	55.0866427359629
22	WGN38	48.7458939800001	8.33511932833404	1075	32.3909462740381	65.1008416859621
23	WGN38	37.382849285001	8.33511932833397	1075	21.0279015790392	53.7377969909628
24	WGN38	37.0984707650007	8.33511932833411	1075	20.7435230590386	53.4534184709628
26	WGN38	48.3826598050007	8.33511932833401	1075	32.0277120990388	64.7376075109626
27	WGN38	38.2996783600003	8.33511932833411	1075	21.9447306540382	54.6546260659624
28	WGN38	55.4994340350006	8.33511932833408	1075	39.1444863290386	71.8543817409627
29	WGN38	48.1262893500003	8.33511932833413	1075	31.7713416440382	64.4812370559625
30	WGN38	57.2381989100005	8.33511932833415	1075	40.8832512040383	73.5931466159627
32	WGN38	56.9825324800006	8.33511932833413	1075	40.6275847740385	73.3374801859628
33	WGN38	52.9157201350003	8.33511932833414	1075	36.5607724290381	69.2706678409624
34	WGN38	55.5438326764612	11.7903772436982	1075	32.4090705142992	78.6785948386233
35	WGN38	46.9034198500006	8.33511932833402	1075	30.5484721440387	63.2583675559626
36	WGN38	54.9264217200004	8.33511932833408	1075	38.5714740140384	71.2813694259625
37	WGN38	46.4079162250006	8.33511932833402	1075	30.0529685190387	62.7628639309626
38	WGN38	49.4730112450004	8.3351193283341	1075	33.1180635390383	65.8279589509625
39	WGN38	56.2919289200004	8.33511932833406	1075	39.9369812140384	72.6468766259624
40	WGN38	43.1921368350005	8.33511932833406	1075	26.8371891290385	59.5470845409625
41	WGN38	53.2447720900004	8.33511932833406	1075	36.8898243840384	69.5997197959625
42	WGN38	32.8801004900007	8.33511932833403	1075	16.5251527840388	49.2350481959627
43	WGN38	53.3674594935401	11.7903772436984	1075	30.2326973313777	76.5022216557025
45	WGN38	48.5759729850007	8.33511932833398	1075	32.2210252790389	64.9309206909626
46	WGN38	56.1335930900006	8.33511932833405	1075	39.7786453840386	72.4885407959626
47	WGN38	52.3397655700008	8.33511932833397	1075	35.984817864039	68.6947132759627
48	WGN38	42.3015220550008	8.33511932833397	1075	25.946574349039	58.6564697609626
49	WGN38	47.4704483250005	8.33511932833409	1075	31.1155006190384	63.8253960309626
50	WGN38	57.3417835350004	8.33511932833402	1075	40.9868358290384	73.6967312409623
51	WGN38	62.3894910550006	8.33511932833406	1075	46.0345433490386	78.7444387609626
52	WGN38	63.4101186050004	8.33511932833399	1075	47.0551708990385	79.7650663109623
53	WGN38	59.3125810850005	8.3351193283341	1075	42.9576333790384	75.6675287909626
54	WGN38	62.8657379400005	8.33511932833406	1075	46.5107902340385	79.2206856459625
55	WGN38	53.7747333200005	8.33511932833406	1075	37.4197856140385	70.1296810259625
56	WGN38	52.5885978950002	8.33511932833409	1075	36.2336501890381	68.9435456009623
59	WGN38	61.4208014650004	8.33511932833406	1075	45.0658537590384	77.7757491709624
61	WGN38	54.8901291450006	8.33511932833402	1075	38.5351814390387	71.2450768509625
63	WGN38	50.2456078950003	8.3351193283341	1075	33.8906601890382	66.6005556009624
64	WGN38	22.3867631850004	8.33511932833408	1075	6.03181547903836	38.7417108909624
65	WGN38	57.9905877000006	8.33511932833414	1075	41.6356399940385	74.3455354059628
66	WGN38	43.7966888650006	8.33511932833405	1075	27.4417411590386	60.1516365709626
67	WGN38	56.9251749050004	8.33511932833404	1075	40.5702271990385	73.2801226109624
68	WGN38	38.8310367600003	8.33511932833408	1075	22.4760890540383	55.1859844659623
69	WGN38	54.2402585950004	8.33511932833414	1075	37.8853108890382	70.5952063009625
70	WGN38	46.3309776500003	8.33511932833413	1075	29.9760299440381	62.6859253559624
72	WGN38	54.0028814600007	8.33511932833401	1075	37.6479337540388	70.3578291659626
73	WGN38	69.6528557450003	8.33511932833402	1075	53.2979080390384	86.0078034509623
74	WGN38	46.3550179964613	11.7903772436984	1075	23.2202558342988	69.4897801586238
76	WGN38	50.4787306450005	8.33511932833404	1075	34.1237829390385	66.8336783509625
77	WGN38	48.5676826000004	8.33511932833407	1075	32.2127348940384	64.9226303059625
78	WGN38	56.3806419100005	8.33511932833405	1075	40.0256942040385	72.7355896159624
80	WGN38	40.5161647650003	8.33511932833409	1075	24.1612170590382	56.8711124709624
81	WGN38	29.7788698950004	8.33511932833406	1075	13.4239221890384	46.1338176009624
82	WGN38	41.9506970450006	8.33511932833405	1075	25.5957493390386	58.3056447509625
83	WGN38	52.3866374500005	8.33511932833405	1075	36.0316897440385	68.7415851559624
84	WGN38	44.2474462450005	8.33511932833406	1075	27.8924985390385	60.6023939509625
85	WGN38	44.3756391450005	8.33511932833405	1075	28.0206914390385	60.7305868509625
86	WGN38	44.4875919050004	8.33511932833407	1075	28.1326441990384	60.8425396109624
87	WGN38	22.6883455450005	8.33511932833406	1075	6.33339783903851	39.0432932509625
88	WGN38	48.3524661900004	8.33511932833408	1075	31.9975184840384	64.7074138959625
89	WGN38	46.7503061850005	8.33511932833406	1075	30.3953584790385	63.1052538909625
90	WGN38	63.8157419150005	8.33511932833405	1075	47.4607942090385	80.1706896209625
91	WGN38	43.0250527950004	8.33511932833407	1075	26.6701050890384	59.3800005009625
92	WGN38	42.6470642350004	8.33511932833408	1075	26.2921165290384	59.0020119409625
93	WGN38	56.1910852200004	8.33511932833407	1075	39.8361375140384	72.5460329259624
94	WGN38	72.3644435750004	8.33511932833405	1075	56.0094958690384	88.7193912809624
95	WGN38	37.7569996150005	8.33511932833405	1075	21.4020519090385	54.1119473209625
96	WGN38	51.5724166800005	8.33511932833405	1075	35.2174689740385	67.9273643859625
97	WGN38	51.0228717650004	8.33511932833406	1075	34.6679240590384	67.3778194709624
98	WGN38	71.1866393400004	8.33511932833405	1075	54.8316916340384	87.5415870459624
99	WGN38	56.1496639000004	8.33511932833405	1075	39.7947161940385	72.5046116059625
100	WGN38	53.5659596050004	8.3351193283341	1075	37.2110118990383	69.9209073109625
101	WGN38	35.5837749050005	8.33511932833406	1075	19.2288271990385	51.9387226109625
102	WGN38	56.8201530000004	8.33511932833408	1075	40.4652052940383	73.1751007059624
103	WGN38	54.7289341750005	8.33511932833408	1075	38.3739864690384	71.0838818809625
104	WGN38	52.4710548550005	8.33511932833405	1075	36.1161071490385	68.8260025609625
106	WGN38	65.394933206461	11.7903772436984	1075	42.2601710442984	88.5296953686235
107	WGN38	59.9640189250005	8.33511932833405	1075	43.6090712190385	76.3189666309624
108	WGN38	46.0169396035399	11.7903772436984	1075	22.8821774413774	69.1517017657024
109	WGN38	53.55399583354	11.7903772436984	1075	30.4192336713774	76.6887579957025
110	WGN38	62.2925313350005	8.33511932833407	1075	45.9375836290385	78.6474790409625
111	WGN38	26.5776655600007	8.33511932833404	1075	10.2227178540387	42.9326132659626
112	WGN38	51.2917083664609	11.7903772436984	1075	28.1569462042984	74.4264705286234
113	WGN38	49.3944677300005	8.33511932833405	1075	33.0395200240385	65.7494154359624
114	WGN38	50.9631578600005	8.33511932833405	1075	34.6082101540385	67.3181055659625
115	WGN38	45.0183287600005	8.33511932833406	1075	28.6633810540385	61.3732764659625
1	WGN39	50.9608535149996	8.3351193283347	1075	34.6059058090363	67.3158012209629
2	WGN39	42.3690801200002	8.33511932833406	1075	26.0141324140382	58.7240278259622
3	WGN39	40.8792913850003	8.33511932833414	1075	24.5243436790381	57.2342390909625
4	WGN39	52.0452154900004	8.33511932833409	1075	35.6902677840383	68.4001631959624
5	WGN39	55.4572838750005	8.33511932833408	1075	39.1023361690384	71.8122315809625
6	WGN39	72.1382792800005	8.33511932833404	1075	55.7833315740385	88.4932269859625
7	WGN39	67.8273148650006	8.33511932833401	1075	51.4723671590387	84.1822625709625
8	WGN39	56.3847550600002	8.33511932833404	1075	40.0298073540382	72.7397027659621
9	WGN39	65.7251527150004	8.33511932833409	1075	49.3702050090384	82.0801004209625
10	WGN39	40.6830732450004	8.33511932833409	1075	24.3281255390384	57.0380209509625
11	WGN39	48.5536156700002	8.33511932833407	1075	32.1986679640382	64.9085633759623
12	WGN39	62.5605003900008	8.33511932833413	1075	46.2055526840386	78.9154480959629
13	WGN39	30.4507478300008	8.335119328334	1075	14.0958001240389	46.8056955359627
14	WGN39	17.214617580001	8.33511932833401	1075	0.859669874039117	33.5695652859629
15	WGN39	82.4901443350004	8.33511932833405	1075	66.1351966290384	98.8450920409624
16	WGN39	47.3806942150002	8.33511932833416	1075	31.025746509038	63.7356419209624
17	WGN39	47.3314943800003	8.33511932833411	1075	30.9765466740381	63.6864420859624
18	WGN39	52.0863160100005	8.33511932833403	1075	35.7313683040385	68.4412637159624
19	WGN39	65.9700901000002	8.33511932833408	1075	49.6151423940382	82.3250378059623
20	WGN39	62.1781461799999	8.33511932833394	1075	45.8231984740381	78.5330938859617
21	WGN39	41.9962809850001	8.33511932833419	1075	25.6413332790378	58.3512286909624
22	WGN39	60.7558699749998	8.33511932833394	1075	44.4009222690381	77.1108176809616
24	WGN39	75.3819457099997	8.33511932833396	1075	59.0269980040379	91.7368934159615
25	WGN39	97.8732555950022	8.33511932833424	1075	81.5183078890398	114.228203300965
26	WGN39	48.5922516050004	8.33511932833412	1075	32.2373038990382	64.9471993109625
27	WGN39	57.9808620500001	8.3351193283339	1075	41.6259143440384	74.3358097559618
28	WGN39	45.6158377050005	8.335119328334	1075	29.2608899990386	61.9707854109624
29	WGN39	52.1199341649999	8.33511932833402	1075	35.764986459038	68.4748818709619
30	WGN39	62.174715885	8.33511932833394	1075	45.8197681790382	78.5296635909617
31	WGN39	59.0896175000004	8.33511932833402	1075	42.7346697940384	75.4445652059623
32	WGN39	55.6017254400004	8.33511932833401	1075	39.2467777340385	71.9566731459623
34	WGN39	50.2258338650003	8.33511932833408	1075	33.8708861590383	66.5807815709624
35	WGN39	64.8493084250004	8.33511932833409	1075	48.4943607190384	81.2042561309625
36	WGN39	57.2218345750003	8.33511932833405	1075	40.8668868690383	73.5767822809622
37	WGN39	58.6969180800005	8.33511932833408	1075	42.3419703740384	75.0518657859625
38	WGN39	37.8028036664608	11.7903772436984	1075	14.6680415042983	60.9375658286233
39	WGN39	73.4068899600004	8.33511932833408	1075	57.0519422540384	89.7618376659625
40	WGN39	59.1853115350002	8.33511932833398	1075	42.8303638290383	75.540259240962
41	WGN39	57.9308680400003	8.33511932833408	1075	41.5759203340383	74.2858157459624
42	WGN39	48.6275239950004	8.33511932833406	1075	32.2725762890383	64.9824717009624
43	WGN39	67.0389831950006	8.33511932833414	1075	50.6840354890385	83.3939309009628
44	WGN39	39.2081574100002	8.3351193283341	1075	22.8532097040382	55.5631051159623
45	WGN39	61.0606365450002	8.33511932833402	1075	44.7056888390383	77.4155842509622
46	WGN39	46.3728351450005	8.33511932833416	1075	30.0178874390383	62.7277828509627
47	WGN39	70.4255380550008	8.33511932833415	1075	54.0705903490387	86.780485760963
48	WGN39	18.3456349850002	8.33511932833407	1075	1.99068727903821	34.7005826909622
49	WGN39	72.6511188750002	8.33511932833408	1075	56.2961711690381	89.0060665809622
50	WGN39	48.1814426500004	8.33511932833406	1075	31.8264949440384	64.5363903559625
51	WGN39	59.2841470000003	8.33511932833403	1075	42.9291992940384	75.6390947059623
52	WGN39	66.5262514350002	8.33511932833403	1075	50.1713037290383	82.8811991409622
53	WGN39	44.6637491350004	8.33511932833409	1075	28.3088014290383	61.0186968409624
54	WGN39	34.7117605735399	11.7903772436984	1075	11.5769984113775	57.8465227357024
55	WGN39	59.3223943550002	8.33511932833404	1075	42.9674466490383	75.6773420609622
56	WGN39	79.5577367000001	8.33511932833402	1075	63.2027889940381	95.912684405962
57	WGN39	68.7876865550005	8.33511932833407	1075	52.4327388490384	85.1426342609625
58	WGN39	66.6940787700008	8.33511932833416	1075	50.3391310640386	83.049026475963
59	WGN39	29.4662138300006	8.33511932833401	1075	13.1112661240387	45.8211615359625
60	WGN39	53.3090373050003	8.33511932833412	1075	36.9540895990382	69.6639850109625
61	WGN39	51.4971018100003	8.33511932833406	1075	35.1421541040383	67.8520495159623
62	WGN39	31.2997241300004	8.33511932833403	1075	14.9447764240385	47.6546718359624
63	WGN39	59.9316083850005	8.33511932833407	1075	43.5766606790385	76.2865560909626
64	WGN39	55.8609819600004	8.33511932833408	1075	39.5060342540383	72.2159296659624
65	WGN39	52.7948323350004	8.33511932833412	1075	36.4398846290383	69.1497800409626
66	WGN39	54.4408648450003	8.33511932833406	1075	38.0859171390383	70.7958125509624
67	WGN39	68.6988950000002	8.33511932833403	1075	52.3439472940383	85.0538427059622
68	WGN39	52.5001632900003	8.33511932833406	1075	36.1452155840383	68.8551109959624
69	WGN39	59.0212840300004	8.33511932833409	1075	42.6663363240384	75.3762317359625
70	WGN39	44.5551192864609	11.7903772436984	1075	21.4203571242984	67.6898814486235
71	WGN39	41.8032300650003	8.33511932833408	1075	25.4482823590383	58.1581777709624
72	WGN39	55.0324423600003	8.33511932833408	1075	38.6774946540383	71.3873900659624
73	WGN39	44.16448573354	11.7903772436983	1075	21.0297235713777	67.2992478957023
74	WGN39	69.1393037935401	11.7903772436985	1075	46.0045416313775	92.2740659557028
75	WGN39	56.7434979364608	11.7903772436984	1075	33.6087357742983	79.8782600986233
76	WGN39	74.2526318300006	8.33511932833411	1075	57.8976841240385	90.6075795359627
77	WGN39	23.2623554800007	8.33511932833401	1075	6.90740777403879	39.6173031859626
78	WGN39	62.5454169050005	8.33511932833414	1075	46.1904691990383	78.9003646109627
79	WGN39	64.2211029750003	8.33511932833406	1075	47.8661552690383	80.5760506809624
80	WGN39	50.6255132850003	8.33511932833402	1075	34.2705655790383	66.9804609909622
81	WGN39	35.4260145000002	8.33511932833408	1075	19.0710667940382	51.7809622059623
82	WGN39	42.7476114450001	8.33511932833414	1075	26.392663739038	59.1025591509623
83	WGN39	55.7306568400003	8.33511932833408	1075	39.3757091340383	72.0856045459624
84	WGN39	60.0459307350004	8.33511932833405	1075	43.6909830290384	76.4008784409624
85	WGN39	79.6766120564605	11.7903772436984	1075	56.5418498942981	102.811374218623
86	WGN39	56.5421269800004	8.33511932833408	1075	40.1871792740384	72.8970746859625
87	WGN39	54.7714072400003	8.33511932833405	1075	38.4164595340383	71.1263549459623
88	WGN39	30.0509068450003	8.33511932833406	1075	13.6959591390383	46.4058545509623
89	WGN39	58.8190663300003	8.33511932833404	1075	42.4641186240383	75.1740140359623
90	WGN39	66.7939006650001	8.33511932833402	1075	50.4389529590381	83.148848370962
91	WGN39	27.4192650800003	8.33511932833408	1075	11.0643173740382	43.7742127859623
92	WGN39	35.9950009750005	8.33511932833406	1075	19.6400532690385	52.3499486809625
93	WGN39	46.4290836000004	8.33511932833405	1075	30.0741358940384	62.7840313059624
94	WGN39	17.9938391050005	8.33511932833405	1075	1.63889139903852	34.3487868109625
95	WGN39	87.662893125	8.33511932833404	1075	71.3079454190381	104.017840830962
96	WGN39	58.8173823700005	8.3351193283341	1075	42.4624346640384	75.1723300759626
97	WGN39	53.3935898100004	8.33511932833404	1075	37.0386421040384	69.7485375159624
98	WGN39	51.6302982850003	8.33511932833404	1075	35.2753505790384	67.9852459909623
99	WGN39	51.7146057550003	8.33511932833405	1075	35.3596580490383	68.0695534609623
100	WGN39	68.3810342050003	8.33511932833406	1075	52.0260864990383	84.7359819109623
101	WGN39	55.0805539450003	8.33511932833403	1075	38.7256062390384	71.4355016509623
102	WGN39	103.591267565001	8.33511932833409	1075	87.2363198590386	119.946215270963
104	WGN39	62.9175826600003	8.33511932833405	1075	46.5626349540383	79.2725303659623
105	WGN39	64.0177311200004	8.33511932833409	1075	47.6627834140384	80.3726788259625
106	WGN39	58.1909269950003	8.33511932833403	1075	41.8359792890383	74.5458747009622
107	WGN39	47.9953265350004	8.33511932833407	1075	31.6403788290383	64.3502742409624
108	WGN39	56.1625877050004	8.33511932833405	1075	39.8076399990384	72.5175354109624
109	WGN39	65.9997734450004	8.33511932833407	1075	49.6448257390384	82.3547211509624
110	WGN39	55.0645931250003	8.33511932833406	1075	38.7096454190383	71.4195408309623
111	WGN39	55.7470844750003	8.33511932833405	1075	39.3921367690383	72.1020321809623
112	WGN39	88.460229166461	11.7903772436984	1075	65.3254670042985	111.594991328624
113	WGN39	60.4071510450003	8.33511932833403	1075	44.0522033390384	76.7620987509623
114	WGN39	46.8816730450003	8.33511932833409	1075	30.5267253390383	63.2366207509624
115	WGN39	57.8526528050003	8.33511932833406	1075	41.4977050990383	74.2076005109624
116	WGN39	49.8975623000003	8.33511932833407	1075	33.5426145940383	66.2525100059624
117	WGN39	66.0557333800004	8.33511932833408	1075	49.7007856740383	82.4106810859624
118	WGN39	57.2831652550003	8.33511932833406	1075	40.9282175490383	73.6381129609623
120	WGN39	36.4714278800003	8.33511932833406	1075	20.1164801740383	52.8263755859624
121	WGN39	73.9290089064608	11.7903772436984	1075	50.7942467442983	97.0637710686233
122	WGN39	59.7801839950003	8.33511932833407	1075	43.4252362890383	76.1351317009624
123	WGN39	71.7629273950003	8.33511932833407	1075	55.4079796890383	88.1178751009624
125	WGN39	49.1971772750003	8.33511932833406	1075	32.8422295690383	65.5521249809623
126	WGN39	25.2595431650004	8.33511932833407	1075	8.90459545903834	41.6144908709624
127	WGN39	55.7889676050004	8.33511932833406	1075	39.4340198990383	72.1439153109624
128	WGN39	58.1208660250003	8.33511932833406	1075	41.7659183190383	74.4758137309624
129	WGN39	64.4642801864608	11.7903772436984	1075	41.3295180242983	87.5990423486233
130	WGN39	60.5686016150003	8.33511932833406	1075	44.2136539090383	76.9235493209623
1	WGN45	53.2009772299977	8.33511932833437	1075	36.8460295240351	69.5559249359603
2	WGN45	59.9035955799995	8.33511932833386	1075	43.5486478740379	76.2585432859611
3	WGN45	36.0298446100002	8.33511932833412	1075	19.674896904038	52.3847923159623
4	WGN45	46.8019775899996	8.33511932833412	1075	30.4470298840374	63.1569252959617
5	WGN45	75.9917982049997	8.33511932833399	1075	59.6368504990378	92.3467459109615
6	WGN45	50.7487598800001	8.33511932833405	1075	34.3938121740381	67.1037075859621
7	WGN45	52.814005075	8.33511932833409	1075	36.4590573690379	69.168952780962
8	WGN45	59.6250912800003	8.33511932833413	1075	43.2701435740382	75.9800389859624
9	WGN45	53.7435297600004	8.33511932833408	1075	37.3885820540383	70.0984774659624
10	WGN45	57.082626595	8.33511932833417	1075	40.7276788890377	73.4375743009622
11	WGN45	63.3321417300004	8.33511932833409	1075	46.9771940240383	79.6870894359624
12	WGN45	71.2371351464604	11.7903772436984	1075	48.1023729842979	94.3718973086228
13	WGN45	61.1707970549995	8.33511932833379	1075	44.815849349038	77.525744760961
14	WGN45	58.5714556799998	8.33511932833397	1075	42.216507974038	74.9264033859617
15	WGN45	45.2756780900002	8.33511932833398	1075	28.9207303840383	61.630625795962
16	WGN45	61.0048010200002	8.33511932833405	1075	44.6498533140382	77.3597487259622
17	WGN45	71.4429340249996	8.33511932833405	1075	55.0879863190376	87.7978817309615
18	WGN45	40.1051234150004	8.33511932833401	1075	23.7501757090385	56.4600711209623
19	WGN45	64.0997603464605	11.7903772436983	1075	40.9649981842982	87.2345225086229
20	WGN45	52.7297588464605	11.7903772436985	1075	29.5949966842979	75.8645210086232
22	WGN45	49.5375072350001	8.33511932833405	1075	33.1825595290381	65.8924549409621
23	WGN45	76.5288707300004	8.33511932833413	1075	60.1739230240383	92.8838184359626
24	WGN45	64.2337128864607	11.7903772436984	1075	41.0989507242982	87.3684750486233
25	WGN45	49.5137690135396	11.7903772436984	1075	26.3790068513772	72.648531175702
26	WGN45	53.95300514	8.33511932833418	1075	37.5980574340377	70.3079528459622
28	WGN45	47.1369966000004	8.33511932833397	1075	30.7820488940385	63.4919443059622
29	WGN45	47.1496004950002	8.33511932833396	1075	30.7946527890384	63.504548200962
30	WGN45	32.5871444264607	11.7903772436983	1075	9.45238226429838	55.7219065886231
31	WGN45	49.7493036100001	8.3351193283341	1075	33.394355904038	66.1042513159622
32	WGN45	74.9691413900001	8.33511932833407	1075	58.6141936840381	91.3240890959621
33	WGN45	15.1351810350003	8.33511932833403	1075	-1.21976667096166	31.4901287409622
34	WGN45	50.5395583950002	8.33511932833403	1075	34.1846106890382	66.8945061009621
35	WGN45	54.0728222550001	8.33511932833403	1075	37.7178745490381	70.427769960962
36	WGN45	50.97640789	8.33511932833401	1075	34.6214601840381	67.3313555959619
37	WGN45	69.0579872800002	8.33511932833406	1075	52.7030395740382	85.4129349859622
40	WGN45	68.4224791650001	8.33511932833409	1075	52.067531459038	84.7774268709622
41	WGN45	56.8441386250001	8.3351193283341	1075	40.489190919038	73.1990863309622
42	WGN45	70.43645213	8.33511932833408	1075	54.0815044240379	86.791399835962
43	WGN45	86.3632174000001	8.33511932833409	1075	70.008269694038	102.718165105962
44	WGN45	56.8783530149999	8.33511932833402	1075	40.523405309038	73.2333007209618
45	WGN45	52.9405333850002	8.33511932833404	1075	36.5855856790382	69.2954810909622
46	WGN45	58.4110761799999	8.33511932833403	1075	42.056128474038	74.7660238859619
48	WGN45	57.0824701335395	11.7903772436984	1075	33.947707971377	80.217232295702
49	WGN45	44.209688045	8.33511932833406	1075	27.854740339038	60.5646357509621
50	WGN45	39.5245754364605	11.7903772436984	1075	16.389813274298	62.659337598623
52	WGN45	51.49702046	8.33511932833406	1075	35.142072754038	67.851968165962
53	WGN45	62.3833986964608	11.7903772436986	1075	39.2486365342981	85.5181608586236
54	WGN45	31.649894085	8.33511932833405	1075	15.294946379038	48.004841790962
55	WGN45	59.3659328599999	8.33511932833399	1075	43.010985154038	75.7208805659617
56	WGN45	56.9947758950002	8.33511932833409	1075	40.6398281890381	73.3497236009623
57	WGN45	39.387188845	8.33511932833408	1075	23.0322411390379	55.7421365509621
58	WGN45	67.3668844799997	8.33511932833404	1075	51.0119367740378	83.7218321859617
59	WGN45	60.8480947950002	8.3351193283341	1075	44.4931470890381	77.2030425009622
60	WGN45	44.86769974	8.33511932833411	1075	28.5127520340379	61.2226474459621
61	WGN45	60.4750626300001	8.33511932833407	1075	44.1201149240381	76.8300103359621
62	WGN45	54.87215241	8.33511932833409	1075	38.5172047040379	71.2271001159621
64	WGN45	53.7556840300001	8.33511932833405	1075	37.4007363240382	70.1106317359621
65	WGN45	56.09211337	8.33511932833405	1075	39.737165664038	72.4470610759619
66	WGN45	65.695908485	8.33511932833407	1075	49.340960779038	82.050856190962
68	WGN45	70.9697282600002	8.3351193283341	1075	54.6147805540381	87.3246759659623
69	WGN45	64.426229825	8.33511932833405	1075	48.071282119038	80.781177530962
70	WGN45	52.913333175	8.33511932833403	1075	36.558385469038	69.2682808809619
71	WGN45	63.2327905449999	8.33511932833401	1075	46.8778428390379	79.5877382509618
72	WGN45	51.2965379200001	8.33511932833406	1075	34.9415902140381	67.6514856259621
73	WGN45	53.489927645	8.33511932833407	1075	37.134979939038	69.8448753509621
74	WGN45	53.1945201364604	11.7903772436984	1075	30.0597579742979	76.3292822986229
75	WGN45	59.5345425600001	8.33511932833405	1075	43.1795948540381	75.8894902659621
76	WGN45	57.2004559600001	8.33511932833406	1075	40.8455082540381	73.5554036659621
78	WGN45	66.1165414800001	8.33511932833407	1075	49.761593774038	82.4714891859621
80	WGN45	62.8649005950001	8.3351193283341	1075	46.509952889038	79.2198483009622
81	WGN45	61.2002150400001	8.33511932833408	1075	44.845267334038	77.5551627459621
82	WGN45	58.1902636335395	11.7903772436984	1075	35.055501471377	81.325025795702
84	WGN45	65.0459491399999	8.33511932833401	1075	48.691001434038	81.4008968459618
85	WGN45	61.27763845	8.33511932833408	1075	44.9226907440379	77.632586155962
86	WGN45	56.24846755	8.33511932833406	1075	39.893519844038	72.6034152559621
87	WGN45	44.2301528464607	11.7903772436984	1075	21.0953906842982	67.3649150086232
88	WGN45	60.249253835	8.33511932833405	1075	43.894306129038	76.604201540962
89	WGN45	64.6412098650001	8.33511932833407	1075	48.2862621590381	80.9961575709621
90	WGN45	48.1822216000001	8.33511932833405	1075	31.8272738940381	64.5371693059621
92	WGN45	65.5075522750001	8.33511932833409	1075	49.1526045690381	81.8624999809622
93	WGN45	41.49319244	8.33511932833407	1075	25.138244734038	57.8481401459621
94	WGN45	65.16667082	8.33511932833405	1075	48.811723114038	81.521618525962
95	WGN45	66.995252315	8.33511932833405	1075	50.6403046090381	83.350200020962
96	WGN45	57.2524721235396	11.7903772436984	1075	34.1177099613771	80.387234285702
98	WGN45	46.2588070650001	8.33511932833408	1075	29.9038593590381	62.6137547709621
99	WGN45	52.4148238700001	8.33511932833412	1075	36.059876164038	68.7697715759622
100	WGN45	46.850614175	8.33511932833407	1075	30.495666469038	63.2055618809621
101	WGN45	63.8025006700001	8.33511932833406	1075	47.4475529640381	80.1574483759621
102	WGN45	84.054553905	8.33511932833406	1075	67.699606199038	100.409501610962
103	WGN45	56.1193898000001	8.33511932833405	1075	39.7644420940381	72.4743375059621
104	WGN45	52.6094841050001	8.33511932833411	1075	36.254536399038	68.9644318109622
105	WGN45	56.11962348	8.33511932833406	1075	39.764675774038	72.474571185962
106	WGN45	84.2942710200001	8.33511932833408	1075	67.9393233140381	100.649218725962
107	WGN45	61.9362987550001	8.33511932833407	1075	45.581351049038	78.2912464609621
108	WGN45	52.2318685050001	8.33511932833405	1075	35.8769207990381	68.5868162109621
109	WGN45	56.0631737800001	8.33511932833408	1075	39.708226074038	72.4181214859621
110	WGN45	64.0890189450001	8.33511932833407	1075	47.7340712390381	80.4439666509621
111	WGN45	62.1410188200001	8.33511932833406	1075	45.7860711140381	78.4959665259621
112	WGN45	89.1845334164606	11.7903772436984	1075	66.0497712542981	112.319295578623
114	WGN45	58.7126820150001	8.33511932833406	1075	42.3577343090381	75.0676297209621
115	WGN45	43.3859936150001	8.33511932833406	1075	27.0310459090381	59.7409413209621
116	WGN45	63.1728540700001	8.33511932833406	1075	46.8179063640381	79.5278017759621
117	WGN45	32.4158759135396	11.7903772436984	1075	9.28111375137711	55.5506380757021
118	WGN45	56.661677065	8.33511932833407	1075	40.306729359038	73.0166247709621
119	WGN45	58.63426754	8.33511932833404	1075	42.2793198340381	74.989215245962
120	WGN45	72.6760566800002	8.33511932833408	1075	56.3211089740381	89.0310043859622
121	WGN45	62.0417188250001	8.33511932833407	1075	45.686771119038	78.3966665309621
122	WGN45	70.5799848500001	8.33511932833406	1075	54.225037144038	86.9349325559621
123	WGN45	56.8481754964605	11.7903772436984	1075	33.713413334298	79.982937658623
124	WGN45	58.4242832100001	8.33511932833407	1075	42.069335504038	74.7792309159621
126	WGN45	57.3733142200001	8.33511932833407	1075	41.0183665140381	73.7282619259621
127	WGN45	54.3586894300001	8.33511932833406	1075	38.0037417240381	70.7136371359621
128	WGN45	72.4438814250001	8.33511932833406	1075	56.0889337190381	88.7988291309621
129	WGN45	91.3638597800002	8.33511932833406	1075	75.0089120740382	107.718807485962
1	WGN46	70.8960008800023	8.33511932833433	1075	54.5410531740398	87.2509485859649
2	WGN46	50.941075185	8.33511932833413	1075	34.5861274790378	67.2960228909621
3	WGN46	56.7864754000005	8.33511932833418	1075	40.4315276940383	73.1414231059628
4	WGN46	49.0504834999997	8.33511932833417	1075	32.6955357940375	65.405431205962
6	WGN46	55.7415785764607	11.7903772436985	1075	32.606816414298	78.8763407386234
7	WGN46	60.8346388750005	8.33511932833406	1075	44.4796911690385	77.1895865809625
8	WGN46	53.6500295050016	8.33511932833389	1075	37.29508179904	70.0049772109633
9	WGN46	51.9704804900003	8.33511932833412	1075	35.6155327840382	68.3254281959624
10	WGN46	55.180727175001	8.33511932833401	1075	38.8257794690391	71.5356748809629
11	WGN46	65.0249118750004	8.33511932833408	1075	48.6699641690384	81.3798595809625
12	WGN46	46.2464884200008	8.33511932833404	1075	29.8915407140388	62.6014361259627
13	WGN46	61.0342029650008	8.335119328334	1075	44.679255259039	77.3891506709627
14	WGN46	39.2637332350008	8.33511932833401	1075	22.9087855290389	55.6186809409627
15	WGN46	58.5172054750004	8.33511932833413	1075	42.1622577690382	74.8721531809625
16	WGN46	50.1768948250013	8.33511932833401	1075	33.8219471190394	66.5318425309632
17	WGN46	66.3550857250007	8.33511932833403	1075	50.0001380190387	82.7100334309626
18	WGN46	60.9177580835397	11.7903772436986	1075	37.7829959213769	84.0525202457025
19	WGN46	64.4833757450006	8.33511932833402	1075	48.1284280390387	80.8383234509625
20	WGN46	63.1992285650003	8.33511932833413	1075	46.8442808590382	79.5541762709625
21	WGN46	57.3343616135396	11.7903772436986	1075	34.1995994513767	80.4691237757025
22	WGN46	51.9697093450002	8.33511932833413	1075	35.6147616390381	68.3246570509624
23	WGN46	63.6829348764614	11.7903772436983	1075	40.5481727142992	86.8176970386236
24	WGN46	44.1513226550004	8.33511932833408	1075	27.7963749490384	60.5062703609625
25	WGN46	44.568126885001	8.335119328334	1075	28.2131791790391	60.9230745909629
26	WGN46	87.5640217600001	8.33511932833392	1075	71.2090740540383	103.918969465962
27	WGN46	75.6837832750005	8.33511932833404	1075	59.3288355690385	92.0387309809625
28	WGN46	47.3084544400011	8.33511932833399	1075	30.9535067340392	63.663402145963
29	WGN46	64.3710736000007	8.3351193283341	1075	48.0161258940386	80.7260213059628
30	WGN46	54.7644853800008	8.335119328334	1075	38.4095376740389	71.1194330859627
31	WGN46	63.9098760100004	8.33511932833414	1075	47.5549283040382	80.2648237159626
32	WGN46	60.1179341950007	8.33511932833397	1075	43.7629864890389	76.4728819009626
33	WGN46	55.55347992354	11.7903772436985	1075	32.4187177613774	78.6882420857027
34	WGN46	50.4918627150003	8.3351193283341	1075	34.1369150090382	66.8468104209624
36	WGN46	75.3624578250008	8.33511932833411	1075	59.0075101190387	91.717405530963
37	WGN46	59.6089095850005	8.33511932833405	1075	43.2539618790385	75.9638572909625
38	WGN46	58.8010354250003	8.3351193283341	1075	42.4460877190382	75.1559831309624
39	WGN46	49.3062339564611	11.7903772436984	1075	26.1714717942985	72.4409961186236
40	WGN46	45.3400918600007	8.33511932833404	1075	28.9851441540387	61.6950395659627
41	WGN46	77.1271880600009	8.33511932833404	1075	60.7722403540389	93.4821357659628
42	WGN46	39.3082070850013	8.33511932833399	1075	22.9532593790394	55.6631547909632
43	WGN46	47.5809889064612	11.7903772436985	1075	24.4462267442986	70.7157510686238
44	WGN46	50.9267948350004	8.33511932833412	1075	34.5718471290382	67.2817425409625
45	WGN46	44.796982305001	8.33511932833401	1075	28.4420345990391	61.1519300109629
46	WGN46	56.097728990001	8.33511932833397	1075	39.7427812840392	72.4526766959628
47	WGN46	52.9836595950006	8.33511932833407	1075	36.6287118890386	69.3386073009626
48	WGN46	62.0670792450007	8.33511932833398	1075	45.7121315390388	78.4220269509625
49	WGN46	58.345572565001	8.33511932833397	1075	41.9906248590392	74.7005202709628
50	WGN46	76.392804476461	11.7903772436983	1075	53.2580423142986	99.5275666386233
51	WGN46	53.5130041964614	11.7903772436984	1075	30.378242034299	76.6477663586238
52	WGN46	67.2072621650004	8.33511932833403	1075	50.8523144590385	83.5622098709624
53	WGN46	52.9248772900006	8.33511932833408	1075	36.5699295840385	69.2798249959626
54	WGN46	52.5674370250008	8.33511932833405	1075	36.2124893190388	68.9223847309628
55	WGN46	60.4171895900006	8.33511932833408	1075	44.0622418840385	76.7721372959626
56	WGN46	60.1247894800007	8.33511932833405	1075	43.7698417740387	76.4797371859627
57	WGN46	46.0194870000005	8.33511932833409	1075	29.6645392940384	62.3744347059625
58	WGN46	46.3854391450007	8.33511932833404	1075	30.0304914390387	62.7403868509627
59	WGN46	51.9471339700007	8.33511932833405	1075	35.5921862640388	68.3020816759627
60	WGN46	79.3858272200005	8.33511932833402	1075	63.0308795140386	95.7407749259625
61	WGN46	66.2138658100007	8.33511932833407	1075	49.8589181040387	82.5688135159627
62	WGN46	62.8040689350006	8.33511932833406	1075	46.4491212290386	79.1590166409626
63	WGN46	62.9859270300005	8.33511932833408	1075	46.6309793240385	79.3408747359626
64	WGN46	59.8623266300005	8.33511932833411	1075	43.5073789240384	76.2172743359626
65	WGN46	79.835797636461	11.7903772436985	1075	56.7010354742984	102.970559798624
66	WGN46	44.9901144050001	8.33511932833405	1075	28.6351666990381	61.3450621109621
67	WGN46	52.2432363564608	11.7903772436985	1075	29.108474194298	75.3779985186235
68	WGN46	77.4689337250006	8.33511932833408	1075	61.1139860190386	93.8238814309627
69	WGN46	51.1171175050006	8.33511932833409	1075	34.7621697990385	67.4720652109627
70	WGN46	64.8113522950006	8.33511932833409	1075	48.4564045890385	81.1663000009627
71	WGN46	73.2491826950006	8.33511932833405	1075	56.8942349890386	89.6041304009626
72	WGN46	70.4741581350006	8.33511932833406	1075	54.1192104290386	86.8291058409627
73	WGN46	61.6473435550007	8.33511932833404	1075	45.2923958490387	78.0022912609627
74	WGN46	57.4711494750006	8.33511932833407	1075	41.1162017690385	73.8260971809626
75	WGN46	45.3855573250006	8.33511932833406	1075	29.0306096190386	61.7405050309627
76	WGN46	70.6822390800007	8.33511932833409	1075	54.3272913740386	87.0371867859627
78	WGN46	65.7482274300006	8.33511932833406	1075	49.3932797240386	82.1031751359627
79	WGN46	56.0048486700005	8.3351193283341	1075	39.6499009640384	72.3597963759626
80	WGN46	70.7564737464612	11.7903772436984	1075	47.6217115842987	93.8912359086237
81	WGN46	58.7946173000006	8.33511932833406	1075	42.4396695940386	75.1495650059626
82	WGN46	50.1480984400008	8.33511932833402	1075	33.7931507340389	66.5030461459628
83	WGN46	69.2816797800008	8.33511932833406	1075	52.9267320740388	85.6366274859628
84	WGN46	45.9401339964612	11.7903772436984	1075	22.8053718342987	69.0748961586236
85	WGN46	48.6566458400006	8.3351193283341	1075	32.3016981340385	65.0115935459627
86	WGN46	56.1398943000006	8.33511932833409	1075	39.7849465940385	72.4948420059627
87	WGN46	72.4470899900007	8.33511932833408	1075	56.0921422840386	88.8020376959627
88	WGN46	62.8172619600006	8.33511932833405	1075	46.4623142540386	79.1722096659626
89	WGN46	66.5508620250007	8.33511932833404	1075	50.1959143190388	82.9058097309627
90	WGN46	49.9772972000007	8.33511932833404	1075	33.6223494940387	66.3322449059627
91	WGN46	35.36294591354	11.7903772436985	1075	12.2281837513774	58.4977080757026
93	WGN46	64.2872647150007	8.33511932833405	1075	47.9323170090387	80.6422124209627
94	WGN46	77.7534119900007	8.33511932833406	1075	61.3984642840386	94.1083596959627
95	WGN46	53.9882375750006	8.33511932833408	1075	37.6332898690386	70.3431852809627
96	WGN46	59.5056999000007	8.33511932833408	1075	43.1507521940386	75.8606476059627
98	WGN46	69.6688180600006	8.33511932833404	1075	53.3138703540387	86.0237657659626
100	WGN46	55.1556318250008	8.33511932833403	1075	38.8006841190388	71.5105795309627
101	WGN46	68.2729561500006	8.33511932833407	1075	51.9180084440386	84.6279038559627
102	WGN46	63.2935365600005	8.33511932833409	1075	46.9385888540385	79.6484842659626
103	WGN46	51.9666672650006	8.33511932833406	1075	35.6117195590385	68.3216149709626
104	WGN46	47.2706538250007	8.33511932833406	1075	30.9157061190386	63.6256015309627
106	WGN46	55.8461425400005	8.33511932833408	1075	39.4911948340385	72.2010902459626
107	WGN46	52.2114739650006	8.33511932833406	1075	35.8565262590386	68.5664216709626
108	WGN46	44.5972164650007	8.33511932833404	1075	28.2422687590388	60.9521641709627
109	WGN46	62.2090671750006	8.33511932833408	1075	45.8541194690386	78.5640148809627
110	WGN46	56.5224688100006	8.33511932833408	1075	40.1675211040386	72.8774165159627
111	WGN46	50.7455026200006	8.33511932833407	1075	34.3905549140386	67.1004503259626
112	WGN46	55.0375300300006	8.33511932833406	1075	38.6825823240386	71.3924777359627
113	WGN46	82.0752247750006	8.33511932833406	1075	65.7202770690386	98.4301724809626
114	WGN46	77.4981974300006	8.33511932833405	1075	61.1432497240386	93.8531451359626
115	WGN46	55.6251097550006	8.33511932833407	1075	39.2701620490385	71.9800574609626
116	WGN46	66.8728414650006	8.33511932833407	1075	50.5178937590386	83.2277891709627
117	WGN46	47.3410789650007	8.33511932833406	1075	30.9861312590386	63.6960266709627
118	WGN46	58.3437325235402	11.7903772436984	1075	35.2089703613777	81.4784946857026
119	WGN46	50.0243415500006	8.33511932833407	1075	33.6693938440386	66.3792892559627
120	WGN46	68.3200261300007	8.33511932833407	1075	51.9650784240386	84.6749738359627
121	WGN46	46.7941216450006	8.33511932833407	1075	30.4391739390386	63.1490693509626
122	WGN46	56.4133378450007	8.33511932833406	1075	40.0583901390386	72.7682855509627
123	WGN46	64.8572190100006	8.33511932833407	1075	48.5022713040386	81.2121667159627
124	WGN46	36.7515014700007	8.33511932833407	1075	20.3965537640386	53.1064491759627
125	WGN46	48.7436549550007	8.33511932833406	1075	32.3887072490386	65.0986026609627
126	WGN46	62.3313668000007	8.33511932833406	1075	45.9764190940386	78.6863145059627
127	WGN46	46.3302104500007	8.33511932833406	1075	29.9752627440386	62.6851581559627
128	WGN46	51.9519536600007	8.33511932833406	1075	35.5970059540387	68.3069013659627
129	WGN46	53.8811080300006	8.33511932833406	1075	37.5261603240386	70.2360557359627
130	WGN46	74.7161739450007	8.33511932833406	1075	58.3612262390387	91.0711216509627
1	WGN55	50.2089396850016	8.33511932833402	1075	33.8539919790397	66.5638873909636
2	WGN55	45.3929017249996	8.33511932833422	1075	29.0379540190373	61.7478494309619
3	WGN55	71.47319074	8.3351193283341	1075	55.1182430340379	87.8281384459621
4	WGN55	59.8476966649996	8.33511932833411	1075	43.4927489590375	76.2026443709617
5	WGN55	65.4394687149994	8.33511932833405	1075	49.0845210090374	81.7944164209614
6	WGN55	56.8566524399997	8.33511932833397	1075	40.5017047340379	73.2116001459616
7	WGN55	57.9888502499997	8.33511932833399	1075	41.6339025440378	74.3437979559616
8	WGN55	60.6868068349997	8.33511932833401	1075	44.3318591290377	77.0417545409616
9	WGN55	60.0104256250002	8.33511932833401	1075	43.6554779190382	76.3653733309621
10	WGN55	61.1010480799998	8.33511932833405	1075	44.7461003740378	77.4559957859618
11	WGN55	63.9761330499996	8.33511932833402	1075	47.6211853440377	80.3310807559615
12	WGN55	50.0976518764602	11.7903772436984	1075	26.9628897142978	73.2324140386226
13	WGN55	58.6404256999999	8.33511932833418	1075	42.2854779940377	74.9953734059622
14	WGN55	55.8520014064601	11.7903772436985	1075	32.7172392442975	78.9867635686228
15	WGN55	68.9614871749999	8.33511932833403	1075	52.606539469038	85.3164348809619
16	WGN55	75.1280478449993	8.33511932833403	1075	58.7731001390373	91.4829955509612
17	WGN55	132.15000644646	11.7903772436984	1075	109.015244284297	155.284768608622
18	WGN55	54.3729022299999	8.33511932833411	1075	38.0179545240378	70.727849935962
19	WGN55	80.0214167599998	8.33511932833409	1075	63.6664690540377	96.3763644659619
20	WGN55	72.6122347599994	8.33511932833401	1075	56.2572870540375	88.9671824659613
21	WGN55	73.5111327149994	8.33511932833402	1075	57.1561850090375	89.8660804209614
22	WGN55	55.2232872799999	8.3351193283341	1075	38.8683395740379	71.578234985962
23	WGN55	63.135680765	8.33511932833417	1075	46.7807330590378	79.4906284709622
24	WGN55	62.5156550949997	8.33511932833409	1075	46.1607073890376	78.8706028009617
25	WGN55	62.1847110899996	8.33511932833402	1075	45.8297633840376	78.5396587959615
26	WGN55	58.5197048599996	8.33511932833401	1075	42.1647571540377	74.8746525659616
27	WGN55	63.8864529549993	8.33511932833398	1075	47.5315052490374	80.2414006609611
28	WGN55	50.9730669599996	8.33511932833416	1075	34.6181192540374	67.3280146659618
29	WGN55	64.4857808449995	8.33511932833401	1075	48.1308331390376	80.8407285509614
30	WGN55	81.1026262349996	8.33511932833403	1075	64.7476785290377	97.4575739409616
31	WGN55	42.8209566649995	8.33511932833413	1075	26.4660089590374	59.1759043709616
32	WGN55	56.4776965799997	8.33511932833403	1075	40.1227488740378	72.8326442859617
33	WGN55	71.1554035799994	8.33511932833401	1075	54.8004558740375	87.5103512859613
34	WGN55	70.7771549099993	8.33511932833398	1075	54.4222072040374	87.1321026159611
35	WGN55	61.1410048649996	8.33511932833399	1075	44.7860571590377	77.4959525709615
36	WGN55	76.9992774599998	8.33511932833411	1075	60.6443297540377	93.3542251659619
37	WGN55	63.3732934064602	11.7903772436983	1075	40.2385312442978	86.5080555686225
38	WGN55	53.8961275999996	8.335119328334	1075	37.5411798940377	70.2510753059615
40	WGN55	58.1938171749997	8.33511932833406	1075	41.8388694690377	74.5487648809618
41	WGN55	59.163675695	8.33511932833412	1075	42.8087279890378	75.5186234009621
42	WGN55	60.2174326699998	8.33511932833405	1075	43.8624849640378	76.5723803759618
43	WGN55	67.3938705699996	8.33511932833405	1075	51.0389228640377	83.7488182759616
44	WGN55	51.6724937035394	11.7903772436985	1075	28.5377315413766	74.8072558657021
45	WGN55	76.7344686399998	8.33511932833406	1075	60.3795209340378	93.0894163459618
46	WGN55	35.7465730599999	8.33511932833401	1075	19.391625354038	52.1015207659618
47	WGN55	56.9226055049997	8.3351193283341	1075	40.5676577990376	73.2775532109618
48	WGN55	49.2332887664599	11.7903772436983	1075	26.0985266042976	72.3680509286223
49	WGN55	80.5608691299996	8.33511932833407	1075	64.2059214240376	96.9158168359616
50	WGN55	60.2027154349998	8.3351193283341	1075	43.8477677290378	76.5576631409619
52	WGN55	50.0245585149998	8.33511932833408	1075	33.6696108090378	66.3795062209619
53	WGN55	55.4151994849997	8.33511932833404	1075	39.0602517790377	71.7701471909617
54	WGN55	53.1768923749998	8.33511932833403	1075	36.8219446690378	69.5318400809617
55	WGN55	68.8910195449999	8.33511932833409	1075	52.5360718390379	85.245967250962
56	WGN55	53.7410114399998	8.33511932833413	1075	37.3860637340377	70.095959145962
57	WGN55	83.73093519646	11.7903772436983	1075	60.5961730342977	106.865697358622
58	WGN55	68.6209042999995	8.33511932833401	1075	52.2659565940376	84.9758520059614
59	WGN55	59.9616719535393	11.7903772436984	1075	36.8269097913767	83.0964341157018
60	WGN55	62.4883270349996	8.33511932833405	1075	46.1333793290376	78.8432747409616
61	WGN55	45.5427562649998	8.33511932833405	1075	29.1878085590378	61.8977039709618
62	WGN55	56.8832043099997	8.33511932833398	1075	40.5282566040378	73.2381520159615
63	WGN55	60.6743169849998	8.33511932833409	1075	44.3193692790377	77.0292646909619
64	WGN55	73.3535583649997	8.33511932833406	1075	56.9986106590377	89.7085060709617
65	WGN55	62.7582375499996	8.33511932833401	1075	46.4032898440377	79.1131852559615
66	WGN55	53.8132696564604	11.7903772436984	1075	30.6785074942978	76.9480318186229
67	WGN55	56.9747472999997	8.33511932833403	1075	40.6197995940378	73.3296950059617
68	WGN55	47.3545790049997	8.33511932833406	1075	30.9996312990377	63.7095267109617
69	WGN55	81.5009469764599	11.7903772436983	1075	58.3661848142976	104.635709138622
70	WGN55	54.0370890749998	8.3351193283341	1075	37.6821413690377	70.3920367809619
71	WGN55	61.8008252099997	8.33511932833406	1075	45.4458775040377	78.1557729159617
72	WGN55	60.1661948699999	8.33511932833409	1075	43.8112471640378	76.521142575962
73	WGN55	64.93596425	8.33511932833414	1075	48.5810165440378	81.2909119559622
74	WGN55	55.8800581049998	8.33511932833406	1075	39.5251103990378	72.2350058109618
75	WGN55	70.1649094149998	8.33511932833408	1075	53.8099617090378	86.5198571209618
76	WGN55	54.9367745099999	8.33511932833412	1075	38.5818268040378	71.291722215962
77	WGN55	58.4195382299997	8.33511932833403	1075	42.0645905240377	74.7744859359616
78	WGN55	51.0487768149997	8.33511932833407	1075	34.6938291090377	67.4037245209618
80	WGN55	56.6399823049998	8.33511932833408	1075	40.2850345990377	72.9949300109618
81	WGN55	62.5399590999998	8.33511932833406	1075	46.1850113940378	78.8949068059618
82	WGN55	66.1444848049995	8.33511932833402	1075	49.7895370990376	82.4994325109614
83	WGN55	59.4580603199998	8.33511932833407	1075	43.1031126140377	75.8130080259618
84	WGN55	58.5912551299998	8.33511932833409	1075	42.2363074240377	74.9462028359619
85	WGN55	77.703221215	8.33511932833411	1075	61.3482735090379	94.0581689209621
86	WGN55	57.4971730349997	8.33511932833406	1075	41.1422253290377	73.8521207409617
87	WGN55	53.9913045099998	8.33511932833407	1075	37.6363568040378	70.3462522159619
88	WGN55	57.0548310599997	8.33511932833406	1075	40.6998833540377	73.4097787659617
89	WGN55	74.0455615199996	8.33511932833403	1075	57.6906138140376	90.4005092259615
90	WGN55	72.5631323649997	8.33511932833405	1075	56.2081846590377	88.9180800709617
91	WGN55	68.2745550599998	8.33511932833406	1075	51.9196073540378	84.6295027659618
92	WGN55	60.2360843849998	8.33511932833407	1075	43.8811366790377	76.5910320909618
93	WGN55	59.2941058549998	8.33511932833408	1075	42.9391581490377	75.6490535609619
94	WGN55	62.5587534849999	8.33511932833408	1075	46.2038057790378	78.9137011909619
95	WGN55	77.3364870649998	8.33511932833406	1075	60.9815393590377	93.6914347709618
96	WGN55	48.1436641349998	8.33511932833408	1075	31.7887164290377	64.4986118409618
97	WGN55	55.2341501549998	8.33511932833405	1075	38.8792024490378	71.5890978609617
98	WGN55	55.3588882499998	8.33511932833406	1075	39.0039405440378	71.7138359559618
99	WGN55	65.0090109399998	8.33511932833407	1075	48.6540632340378	81.3639586459618
100	WGN55	59.5234730949997	8.33511932833406	1075	43.1685253890377	75.8784208009617
101	WGN55	50.0616045399998	8.33511932833406	1075	33.7066568340378	66.4165522459618
102	WGN55	74.1501013599997	8.33511932833405	1075	57.7951536540377	90.5050490659617
103	WGN55	53.2250391999998	8.33511932833406	1075	36.8700914940378	69.5799869059618
104	WGN55	85.9093634449999	8.33511932833407	1075	69.5544157390378	102.264311150962
105	WGN55	57.4703032149998	8.33511932833408	1075	41.1153555090377	73.8252509209618
106	WGN55	62.0448107849998	8.33511932833406	1075	45.6898630790378	78.3997584909618
107	WGN55	59.9952681599998	8.33511932833406	1075	43.6403204540378	76.3502158659618
108	WGN55	61.9021889699997	8.33511932833404	1075	45.5472412640377	78.2571366759617
109	WGN55	56.1817701149997	8.33511932833404	1075	39.8268224090378	72.5367178209617
110	WGN55	59.1414147049998	8.33511932833406	1075	42.7864669990378	75.4963624109618
111	WGN55	57.6212123349998	8.33511932833405	1075	41.2662646290378	73.9761600409618
112	WGN55	66.6280401299997	8.33511932833406	1075	50.2730924240377	82.9829878359618
113	WGN55	62.8952751549997	8.33511932833404	1075	46.5403274490378	79.2502228609617
114	WGN55	55.4618679399998	8.33511932833406	1075	39.1069202340378	71.8168156459618
115	WGN55	49.2435726899997	8.33511932833406	1075	32.8886249840377	65.5985203959618
116	WGN55	62.9466601535393	11.7903772436984	1075	39.8118979913769	86.0814223157018
117	WGN55	47.7737613049998	8.33511932833406	1075	31.4188135990378	64.1287090109618
118	WGN55	57.0065576749998	8.33511932833406	1075	40.6516099690378	73.3615053809618
119	WGN55	56.1263701549998	8.33511932833406	1075	39.7714224490378	72.4813178609618
120	WGN55	62.4092685549998	8.33511932833406	1075	46.0543208490378	78.7642162609618
121	WGN55	69.7874373149997	8.33511932833405	1075	53.4324896090377	86.1423850209617
122	WGN55	64.6541511999997	8.33511932833405	1075	48.2992034940377	81.0090989059617
123	WGN55	61.0300050699998	8.33511932833406	1075	44.6750573640378	77.3849527759618
124	WGN55	54.2565726849998	8.33511932833406	1075	37.9016249790378	70.6115203909618
125	WGN55	51.0598973399998	8.33511932833406	1075	34.7049496340378	67.4148450459618
126	WGN55	62.3446849749998	8.33511932833406	1075	45.9897372690377	78.6996326809618
128	WGN55	74.5453184849998	8.33511932833406	1075	58.1903707790378	90.9002661909618
129	WGN55	68.1238902849998	8.33511932833406	1075	51.7689425790378	84.4788379909618
130	WGN55	64.2535794349998	8.33511932833406	1075	47.8986317290378	80.6085271409618
1	WGN63	65.3343689999991	8.33511932833427	1075	48.9794212940366	81.6893167059615
2	WGN63	44.1689105650001	8.33511932833402	1075	27.8139628590382	60.5238582709621
3	WGN63	54.9788958750002	8.33511932833402	1075	38.6239481690382	71.3338435809621
4	WGN63	55.5057269150003	8.33511932833406	1075	39.1507792090383	71.8606746209623
5	WGN63	43.160290675	8.33511932833405	1075	26.805342969038	59.515238380962
6	WGN63	46.2810443364605	11.7903772436984	1075	23.146282174298	69.415806498623
7	WGN63	34.6937201299998	8.33511932833406	1075	18.3387724240378	51.0486678359618
8	WGN63	49.589633715	8.33511932833409	1075	33.2346860090379	65.944581420962
9	WGN63	58.4536712300003	8.33511932833411	1075	42.0987235240382	74.8086189359624
10	WGN63	60.0464461549997	8.33511932833399	1075	43.6914984490378	76.4013938609616
12	WGN63	54.4256991949998	8.33511932833405	1075	38.0707514890378	70.7806469009618
13	WGN63	37.6204594449997	8.33511932833412	1075	21.2655117390376	53.9754071509618
14	WGN63	42.2022534850005	8.335119328334	1075	25.8473057790386	58.5572011909624
16	WGN63	39.6262278299998	8.33511932833412	1075	23.2712801240377	55.981175535962
17	WGN63	48.6693372200001	8.33511932833407	1075	32.3143895140381	65.0242849259621
18	WGN63	52.5192812700003	8.33511932833405	1075	36.1643335640383	68.8742289759623
19	WGN63	45.856576935	8.33511932833407	1075	29.501629229038	62.211524640962
20	WGN63	60.8189967450002	8.33511932833402	1075	44.4640490390382	77.1739444509621
21	WGN63	61.6050105199998	8.33511932833405	1075	45.2500628140379	77.9599582259618
22	WGN63	66.6385626400001	8.33511932833407	1075	50.2836149340381	82.9935103459622
23	WGN63	59.1166115450002	8.335119328334	1075	42.7616638390383	75.471559250962
24	WGN63	60.734203935	8.33511932833406	1075	44.379256229038	77.089151640962
25	WGN63	49.584384275	8.33511932833408	1075	33.229436569038	65.939331980962
26	WGN63	58.3164536100001	8.33511932833405	1075	41.9615059040381	74.6714013159621
27	WGN63	46.3268588449999	8.33511932833408	1075	29.9719111390379	62.681806550962
28	WGN63	79.5072818850002	8.33511932833409	1075	63.1523341790381	95.8622295909623
29	WGN63	64.9240892950002	8.33511932833407	1075	48.5691415890382	81.2790370009622
30	WGN63	60.2436637800001	8.33511932833406	1075	43.8887160740381	76.5986114859621
31	WGN63	33.4159109550004	8.33511932833404	1075	17.0609632490384	49.7708586609623
32	WGN63	51.979888825	8.33511932833407	1075	35.624941119038	68.3348365309621
33	WGN63	49.3668003700001	8.33511932833406	1075	33.0118526640381	65.7217480759621
34	WGN63	63.535599505	8.33511932833405	1075	47.180651799038	79.8905472109619
35	WGN63	64.90719413	8.33511932833406	1075	48.552246424038	81.2621418359621
36	WGN63	52.7641133235395	11.7903772436984	1075	29.629351161377	75.898875485702
37	WGN63	65.3661538750001	8.33511932833405	1075	49.0112061690381	81.7211015809621
38	WGN63	60.6646653099999	8.33511932833409	1075	44.3097176040378	77.019613015962
39	WGN63	53.3824469300001	8.33511932833409	1075	37.027499224038	69.7373946359621
40	WGN63	29.505575935	8.33511932833407	1075	13.150628229038	45.860523640962
41	WGN63	41.3194725064605	11.7903772436985	1075	18.1847103442979	64.4542346686231
42	WGN63	56.106419535	8.33511932833409	1075	39.751471829038	72.4613672409621
43	WGN63	39.7557350500004	8.33511932833402	1075	23.4007873440384	56.1106827559623
44	WGN63	51.56979177	8.33511932833408	1075	35.214844064038	67.9247394759621
45	WGN63	48.5408681750001	8.33511932833405	1075	32.1859204690381	64.8958158809621
46	WGN63	48.7793477000001	8.33511932833405	1075	32.4243999940381	65.1342954059621
47	WGN63	39.4339337950002	8.33511932833404	1075	23.0789860890382	55.7888815009621
48	WGN63	64.5354755364609	11.7903772436985	1075	41.4007133742983	87.6702376986235
49	WGN63	66.143780205	8.33511932833408	1075	49.788832499038	82.4987279109621
50	WGN63	43.6612243050001	8.33511932833405	1075	27.3062765990381	60.0161720109621
51	WGN63	48.9112794335396	11.7903772436984	1075	25.7765172713771	72.0460415957021
52	WGN63	45.0681613900002	8.33511932833404	1075	28.7132136840382	61.4231090959621
53	WGN63	52.8751785350001	8.33511932833406	1075	36.520230829038	69.2301262409621
54	WGN63	58.5160574450001	8.33511932833406	1075	42.1611097390381	74.8710051509621
55	WGN63	53.081240465	8.33511932833407	1075	36.726292759038	69.4361881709621
56	WGN63	45.8884666649999	8.33511932833409	1075	29.5335189590378	62.2434143709619
57	WGN63	59.9562857400001	8.33511932833403	1075	43.6013380340382	76.3112334459621
58	WGN63	53.2821436100001	8.33511932833408	1075	36.927195904038	69.6370913159621
59	WGN63	53.816374095	8.33511932833409	1075	37.4614263890379	70.1713218009621
60	WGN63	61.9203645900001	8.33511932833408	1075	45.565416884038	78.2753122959621
61	WGN63	53.2345615200002	8.33511932833403	1075	36.8796138140382	69.5895092259621
62	WGN63	64.6106428100001	8.33511932833403	1075	48.2556951040381	80.965590515962
63	WGN63	52.3305173100001	8.33511932833408	1075	35.975569604038	68.6854650159621
64	WGN63	48.6681554500002	8.33511932833403	1075	32.3132077440383	65.0231031559622
65	WGN63	50.64183597	8.33511932833407	1075	34.286888264038	66.996783675962
66	WGN63	69.053775605	8.33511932833407	1075	52.698827899038	85.4087233109621
67	WGN63	40.1382534549999	8.33511932833408	1075	23.7833057490379	56.493201160962
68	WGN63	70.523157435	8.33511932833408	1075	54.168209729038	86.8781051409621
69	WGN63	71.154842985	8.33511932833408	1075	54.799895279038	87.5097906909621
70	WGN63	47.92050126	8.33511932833408	1075	31.5655535540379	64.2754489659621
72	WGN63	47.7140542	8.33511932833408	1075	31.359106494038	64.0690019059621
73	WGN63	47.609216305	8.33511932833409	1075	31.2542685990379	63.9641640109621
74	WGN63	49.96356064	8.33511932833409	1075	33.608612934038	66.3185083459621
75	WGN63	58.6360676700001	8.33511932833407	1075	42.281119964038	74.9910153759621
76	WGN63	52.6781947500002	8.33511932833404	1075	36.3232470440383	69.0331424559622
77	WGN63	43.23080636	8.33511932833408	1075	26.875858654038	59.5857540659621
78	WGN63	39.0444007400001	8.33511932833406	1075	22.6894530340381	55.3993484459621
79	WGN63	49.19795082	8.33511932833409	1075	32.8430031140379	65.5528985259621
80	WGN63	51.6403414950001	8.33511932833406	1075	35.285393789038	67.9952892009621
81	WGN63	54.9720947700001	8.33511932833406	1075	38.6171470640381	71.3270424759621
82	WGN63	52.105791645	8.33511932833408	1075	35.7508439390379	68.460739350962
83	WGN63	44.84292902	8.33511932833408	1075	28.4879813140379	61.197876725962
84	WGN63	61.8429873035396	11.7903772436984	1075	38.7082251413771	84.9777494657021
85	WGN63	72.6065486750001	8.33511932833409	1075	56.251600969038	88.9614963809621
86	WGN63	54.9150127164606	11.7903772436984	1075	31.7802505542981	78.0497748786231
87	WGN63	37.8255487050001	8.33511932833408	1075	21.470600999038	54.1804964109621
88	WGN63	90.1800189264604	11.7903772436984	1075	67.045256764298	113.314781088623
89	WGN63	62.3292935400001	8.3351193283341	1075	45.974345834038	78.6842412459621
90	WGN63	65.9722412935396	11.7903772436984	1075	42.8374791313771	89.1070034557021
91	WGN63	41.1960542800001	8.33511932833407	1075	24.841106574038	57.5510019859621
92	WGN63	50.488900795	8.33511932833409	1075	34.1339530890379	66.8438485009621
93	WGN63	52.0623229900001	8.33511932833406	1075	35.7073752840381	68.4172706959621
94	WGN63	66.6877890750001	8.33511932833407	1075	50.3328413690381	83.0427367809621
95	WGN63	44.2340123864605	11.7903772436984	1075	21.099250224298	67.3687745486231
96	WGN63	58.4935806900001	8.33511932833406	1075	42.1386329840381	74.8485283959621
97	WGN63	58.9817009450001	8.33511932833407	1075	42.626753239038	75.3366486509621
98	WGN63	50.37649522	8.33511932833407	1075	34.021547514038	66.731442925962
99	WGN63	52.4368359050001	8.33511932833408	1075	36.081888199038	68.7917836109621
100	WGN63	70.0574078150001	8.33511932833408	1075	53.702460109038	86.4123555209621
101	WGN63	53.3254805750001	8.33511932833407	1075	36.9705328690381	69.6804282809621
102	WGN63	54.5231741164605	11.7903772436984	1075	31.388411954298	77.657936278623
103	WGN63	61.41873637	8.33511932833407	1075	45.063788664038	77.773684075962
105	WGN63	99.4864501050001	8.33511932833408	1075	83.1315023990381	115.841397810962
106	WGN63	36.6767509064605	11.7903772436984	1075	13.541988744298	59.8115130686231
107	WGN63	40.0140674864606	11.7903772436984	1075	16.8793053242981	63.1488296486231
109	WGN63	35.3491850150001	8.33511932833408	1075	18.9942373090381	51.7041327209621
110	WGN63	39.9467664100001	8.33511932833407	1075	23.5918187040381	56.3017141159621
111	WGN63	46.4291742450001	8.33511932833408	1075	30.074226539038	62.7841219509621
112	WGN63	57.3878705150001	8.33511932833408	1075	41.0329228090381	73.7428182209621
114	WGN63	71.7995348650001	8.33511932833408	1075	55.444587159038	88.1544825709621
115	WGN63	44.51233966	8.33511932833408	1075	28.157391954038	60.8672873659621
116	WGN63	69.3593139100001	8.33511932833408	1075	53.004366204038	85.7142616159621
117	WGN63	59.5670827250001	8.33511932833408	1075	43.212135019038	75.9220304309621
118	WGN63	54.6845004964606	11.7903772436984	1075	31.549738334298	77.8192626586231
119	WGN63	51.9588260100001	8.33511932833408	1075	35.603878304038	68.3137737159621
121	WGN63	45.3442681850001	8.33511932833408	1075	28.989320479038	61.6992158909621
122	WGN63	54.5849157600001	8.33511932833408	1075	38.2299680540381	70.9398634659621
123	WGN63	44.5466449850001	8.33511932833408	1075	28.191697279038	60.9015926909621
124	WGN63	60.8402780200001	8.33511932833408	1075	44.4853303140381	77.1952257259622
125	WGN63	42.1333471264606	11.7903772436984	1075	18.9985849642981	65.2681092886232
126	WGN63	52.9979287600001	8.33511932833408	1075	36.642981054038	69.3528764659621
127	WGN63	75.9690204450001	8.33511932833408	1075	59.614072739038	92.3239681509621
128	WGN63	53.6305512064606	11.7903772436984	1075	30.4957890442981	76.7653133686231
129	WGN63	83.4305624750001	8.33511932833408	1075	67.0756147690381	99.7855101809622
130	WGN63	37.8681587064606	11.7903772436984	1075	14.7333965442981	61.0029208686231
