plantID3	famID	emmean	SE	df	lower.CL	upper.CL
1	WGN07	41.1759732099926	4.26488207962616	1101	32.8077586627628	49.5441877572224
2	WGN07	37.5705782449991	4.26488207963056	1101	29.2023636977607	45.9387927922376
3	WGN07	30.2237044950067	4.26488207963043	1101	21.8554899477685	38.5919190422449
4	WGN07	18.117595775001	4.26488207963056	1101	9.74938122776258	26.4858103222395
5	WGN07	35.7270525250022	4.26488207963024	1101	27.3588379777644	44.09526707224
6	WGN07	32.2727837150002	4.2648820796304	1101	23.9045691677621	40.6409982622384
7	WGN07	38.9854649099998	4.26488207963047	1101	30.6172503627616	47.3536794572381
8	WGN07	41.1211396843017	6.03282222096914	1101	29.2840127185802	52.9582666500232
9	WGN07	39.5727824049998	4.26488207963054	1101	31.2045678577614	47.9409969522383
10	WGN07	29.5355764300002	4.26488207963045	1101	21.1673618827619	37.9037909772384
11	WGN07	38.01193041	4.26488207963046	1101	29.6437158627617	46.3801449572383
12	WGN07	18.49369613	4.26488207963052	1101	10.1254815827617	26.8619106772384
13	WGN07	27.2406297850001	4.26488207963052	1101	18.8724152377617	35.6088443322385
14	WGN07	35.9588677650002	4.2648820796304	1101	27.5906532177621	44.3270823122384
15	WGN07	23.6479588649995	4.26488207963054	1101	15.279744317761	32.0161734122379
16	WGN07	47.6387947750002	4.26488207963037	1101	39.2705802277621	56.0070093222383
17	WGN07	42.8173225950003	4.26488207963057	1101	34.4491080477618	51.1855371422388
18	WGN07	24.3036933350006	4.26488207963033	1101	15.9354787877626	32.6719078822386
20	WGN07	20.7868143929999	4.26488207963039	1101	12.4185998457618	29.155028940238
21	WGN07	33.8450878500001	4.26488207963046	1101	25.4768733027619	42.2133023972384
22	WGN07	38.0223593850001	4.26488207963047	1101	29.6541448377618	46.3905739322384
23	WGN07	38.644506855697	6.03282222096928	1101	26.8073798899752	50.4816338214188
24	WGN07	12.8655086514997	4.26488207963037	1101	4.49729410426165	21.2337231987378
25	WGN07	38.0505911650002	4.2648820796305	1101	29.6823766177618	46.4188057122385
26	WGN07	28.8476608600001	4.26488207963043	1101	20.4794463127619	37.2158754072384
27	WGN07	36.7172327800002	4.26488207963056	1101	28.3490182327617	45.0854473272386
28	WGN07	46.5560656150004	4.26488207963042	1101	38.1878510677622	54.9242801622386
29	WGN07	34.8567249050002	4.26488207963048	1101	26.4885103577619	43.2249394522385
30	WGN07	29.8877400900002	4.26488207963042	1101	21.519525542762	38.2559546372383
31	WGN07	35.572851735	4.26488207963039	1101	27.2046371877619	43.9410662822382
32	WGN07	28.6933441100002	4.2648820796304	1101	20.325129562762	37.0615586572383
33	WGN07	47.17148513	4.26488207963044	1101	38.8032705827618	55.5396996772382
34	WGN07	27.9418704400003	4.26488207963041	1101	19.5736558927622	36.3100849872385
35	WGN07	43.4669441943028	6.03282222096932	1101	31.6298172285809	55.3040711600246
36	WGN07	9.30185839400003	4.26488207963049	1101	0.933643846761717	17.6700729412384
37	WGN07	33.5383155943026	6.0328222209689	1101	21.7011886285815	45.3754425600236
38	WGN07	32.0847337350003	4.26488207963046	1101	23.7165191877621	40.4529482822386
39	WGN07	50.9944741600001	4.26488207963037	1101	42.626259612762	59.3626887072382
40	WGN07	31.4713610750003	4.2648820796304	1101	23.1031465277621	39.8395756222384
41	WGN07	34.9165515950002	4.26488207963038	1101	26.5483370477621	43.2847661422383
42	WGN07	25.0944012349999	4.26488207963048	1101	16.7261866877616	33.4626157822382
44	WGN07	37.3659546149999	4.26488207963029	1101	28.997740067762	45.7341691622378
46	WGN07	26.9752796049996	4.2648820796305	1101	18.6070650577613	35.3434941522379
47	WGN07	31.4793391699999	4.26488207963046	1101	23.1111246227617	39.8475537172382
48	WGN07	13.0595419619996	4.26488207963049	1101	4.69132741476131	21.4277565092379
49	WGN07	43.1109118250001	4.2648820796304	1101	34.7426972777619	51.4791263722382
50	WGN07	31.0015715149998	4.26488207963054	1101	22.6333569677614	39.3697860622382
51	WGN07	45.1776526843018	6.03282222096923	1101	33.3405257185801	57.0147796500235
52	WGN07	30.0253987450006	4.26488207963039	1101	21.6571841977625	38.3936132922387
53	WGN07	35.1375781850003	4.26488207963038	1101	26.7693636377622	43.5057927322384
54	WGN07	30.6993940550002	4.26488207963047	1101	22.3311795077619	39.0676086022385
55	WGN07	37.7303134649999	4.26488207963041	1101	29.3620989177617	46.098528012238
56	WGN07	18.1098157775002	4.2648820796305	1101	9.74160123026183	26.4780303247385
57	WGN07	24.5952857299999	4.26488207963052	1101	16.2270711827616	32.9635002772383
58	WGN07	23.2469105050004	4.26488207963036	1101	14.8786959577623	31.6151250522385
59	WGN07	33.5508176250001	4.26488207963042	1101	25.1826030777619	41.9190321722383
60	WGN07	25.7728788199997	4.26488207963048	1101	17.4046642727614	34.141093367238
61	WGN07	36.389705275	4.26488207963044	1101	28.0214907277617	44.7579198222382
63	WGN07	47.1453633100002	4.26488207963041	1101	38.7771487627621	55.5135778572384
64	WGN07	27.7621538199999	4.26488207963051	1101	19.3939392727615	36.1303683672382
66	WGN07	37.1869095650001	4.26488207963048	1101	28.8186950177618	45.5551241122384
67	WGN07	26.5101413350008	4.26488207963031	1101	18.1419267877628	34.8783558822388
68	WGN07	46.4203059249998	4.26488207963044	1101	38.0520913777616	54.788520472238
69	WGN07	39.699147675698	6.03282222096931	1101	27.8620207099762	51.5362746414199
71	WGN07	28.1927741150003	4.26488207963041	1101	19.8245595677621	36.5609886622384
73	WGN07	45.4453443350002	4.26488207963042	1101	37.077129787762	53.8135588822384
74	WGN07	34.9873899550007	4.26488207963054	1101	26.6191754077623	43.3556045022391
75	WGN07	26.2817118100003	4.26488207963039	1101	17.9134972627621	34.6499263572384
76	WGN07	32.3974706600001	4.26488207963038	1101	24.029256112762	40.7656852072382
77	WGN07	26.2921147200006	4.2648820796304	1101	17.9239001727624	34.6603292672387
78	WGN07	47.1093701550005	4.26488207963053	1101	38.7411556077621	55.4775847022389
79	WGN07	32.3658220300002	4.26488207963051	1101	23.9976074827618	40.7340365772385
80	WGN07	23.1841926050008	4.26488207963038	1101	14.8159780577627	31.5524071522389
81	WGN07	41.8528327600005	4.26488207963051	1101	33.4846182127621	50.2210473072388
82	WGN07	30.4415174850003	4.26488207963038	1101	22.0733029377622	38.8097320322384
83	WGN07	27.8377158600003	4.26488207963046	1101	19.4695013127621	36.2059304072386
84	WGN07	25.2517826400002	4.26488207963045	1101	16.8835680927619	33.6199971872384
85	WGN07	33.549494195	4.26488207963046	1101	25.1812796477618	41.9177087422383
86	WGN07	30.2468306549999	4.26488207963041	1101	21.8786161077618	38.6150452022381
87	WGN07	36.7091012399999	4.26488207963042	1101	28.3408866927617	45.0773157872381
88	WGN07	27.1823118700002	4.26488207963045	1101	18.8140973227619	35.5505264172384
89	WGN07	30.0293011550002	4.26488207963038	1101	21.6610866077621	38.3975157022384
90	WGN07	43.8158952800005	4.26488207963046	1101	35.4476807327623	52.1841098272388
91	WGN07	36.9168508449999	4.26488207963046	1101	28.5486362977617	45.2850653922382
92	WGN07	24.5339973643035	6.03282222096927	1101	12.6968703985817	36.3711243300253
93	WGN07	44.2594317400003	4.2648820796304	1101	35.8912171927621	52.6276462872384
94	WGN07	39.8212415449996	4.26488207963037	1101	31.4530269977615	48.1894560922376
95	WGN07	29.3012745750002	4.26488207963052	1101	20.9330600277618	37.6694891222385
96	WGN07	18.5486477550005	4.26488207963039	1101	10.1804332077624	26.9168623022387
97	WGN07	44.8309313956985	6.03282222096908	1101	32.9938044299771	56.6680583614199
98	WGN07	39.4033690799999	4.26488207963043	1101	31.0351545327617	47.7715836272381
99	WGN07	35.4000632	4.26488207963042	1101	27.0318486527618	43.7682777472382
100	WGN07	37.0771906950001	4.26488207963035	1101	28.7089761477621	45.4454052422381
101	WGN07	24.7559618300003	4.26488207963043	1101	16.3877472827621	33.1241763772385
102	WGN07	20.9208853000009	4.26488207963031	1101	12.5526707527629	29.2890998472389
103	WGN07	31.2250433549998	4.26488207963051	1101	22.8568288077614	39.5932579022382
104	WGN07	38.3412482199999	4.26488207963047	1101	29.9730336727616	46.7094627672382
105	WGN07	44.6105325800006	4.2648820796305	1101	36.2423180327622	52.9787471272389
106	WGN07	28.4988977500005	4.26488207963037	1101	20.1306832027624	36.8671122972386
107	WGN07	28.6449572799999	4.26488207963052	1101	20.2767427327615	37.0131718272383
108	WGN07	24.9334345850003	4.26488207963042	1101	16.5652200377621	33.3016491322385
109	WGN07	18.6588611543026	6.0328222209691	1101	6.82173418858119	30.4959881200241
110	WGN07	28.8771724800001	4.26488207963042	1101	20.5089579327619	37.2453870272383
112	WGN07	22.1607830950004	4.26488207963039	1101	13.7925685477622	30.5289976422385
113	WGN07	44.2172925899999	4.26488207963046	1101	35.8490780427616	52.5855071372382
114	WGN07	16.9008483849999	4.26488207963049	1101	8.53263383776153	25.2690629322382
115	WGN07	35.0766333600001	4.26488207963043	1101	26.7084188127619	43.4448479072383
116	WGN07	42.234880345	4.26488207963042	1101	33.8666657977619	50.6030948922382
117	WGN07	31.8735036050002	4.26488207963047	1101	23.5052890577619	40.2417181522385
118	WGN07	22.2348342950004	4.26488207963034	1101	13.8666197477624	30.6030488422385
119	WGN07	32.3926832150003	4.26488207963041	1101	24.0244686677621	40.7608977622385
120	WGN07	29.4481878549997	4.26488207963049	1101	21.0799733077614	37.8164024022381
121	WGN07	40.8995461950001	4.26488207963035	1101	32.5313316477621	49.2677607422382
122	WGN07	28.8347005356973	6.03282222096939	1101	16.9975735699753	40.6718275014193
123	WGN07	42.2368121799998	4.26488207963048	1101	33.8685976327615	50.6050267272381
124	WGN07	43.9883989400008	4.26488207963044	1101	35.6201843927626	52.356613487239
125	WGN07	34.2418981799997	4.26488207963044	1101	25.8736836327614	42.6101127272379
126	WGN07	18.5188914349998	4.2648820796304	1101	10.1506768877617	26.887105982238
127	WGN07	45.4683287650002	4.26488207963048	1101	37.1001142177619	53.8365433122385
128	WGN07	32.6095504550003	4.2648820796304	1101	24.2413359077622	40.9777650022385
129	WGN07	39.9808723400002	4.26488207963046	1101	31.6126577927619	48.3490868872384
130	WGN07	40.7337026000005	4.26488207963054	1101	32.3654880527621	49.101917147239
1	WGN15	35.5797135400028	4.26488207962992	1101	27.2114989927656	43.9479280872401
2	WGN15	28.9573544850004	4.26488207963048	1101	20.5891399377621	37.3255690322387
3	WGN15	30.2079589350008	4.26488207963032	1101	21.8397443877628	38.5761734822388
4	WGN15	42.6066116750006	4.26488207963033	1101	34.2383971277626	50.9748262222386
5	WGN15	39.8788287500005	4.26488207963041	1101	31.5106142027623	48.2470432972386
7	WGN15	28.1523934150007	4.26488207963043	1101	19.7841788677625	36.5206079622389
8	WGN15	42.9686152400009	4.26488207963049	1101	34.6004006927626	51.3368297872392
9	WGN15	35.8562210350009	4.26488207963043	1101	27.4880064877627	44.2244355822391
10	WGN15	32.1930309200008	4.26488207963047	1101	23.8248163727625	40.5612454672391
11	WGN15	32.6063086300006	4.26488207963047	1101	24.2380940827623	40.9745231772389
12	WGN15	32.2742128550008	4.26488207963047	1101	23.9059983077625	40.642427402239
13	WGN15	30.1250971600005	4.26488207963054	1101	21.7568826127621	38.4933117072389
14	WGN15	37.2555028400008	4.26488207963037	1101	28.8872882927627	45.6237173872389
15	WGN15	29.7781294400007	4.26488207963045	1101	21.4099148927624	38.1463439872389
16	WGN15	31.4058090050003	4.26488207963054	1101	23.0375944577618	39.7740235522387
17	WGN15	39.0119880850006	4.26488207963034	1101	30.6437735377625	47.3802026322386
18	WGN15	30.5159065700007	4.26488207963042	1101	22.1476920227625	38.8841211172389
19	WGN15	35.3986023300007	4.26488207963052	1101	27.0303877827624	43.7668168772391
20	WGN15	33.2965496600005	4.26488207963047	1101	24.9283351127622	41.6647642072388
21	WGN15	39.4761418200008	4.26488207963046	1101	31.1079272727625	47.844356367239
22	WGN15	29.0478422000009	4.2648820796304	1101	20.6796276527627	37.416056747239
23	WGN15	35.8977278600003	4.26488207963057	1101	27.5295133127618	44.2659424072388
24	WGN15	9.39287256900098	4.26488207963043	1101	1.02465802176277	17.7610871162392
25	WGN15	42.4906471750005	4.26488207963041	1101	34.1224326277624	50.8588617222387
26	WGN15	32.8535399850008	4.26488207963045	1101	24.4853254377625	41.221754532239
27	WGN15	37.9632718750008	4.26488207963042	1101	29.5950573277626	46.331486422239
28	WGN15	36.3437167250007	4.26488207963039	1101	27.9755021777626	44.7119312722389
29	WGN15	37.2576054350008	4.26488207963045	1101	28.8893908877626	45.6258199822391
30	WGN15	44.6595380800006	4.26488207963042	1101	36.2913235327624	53.0277526272388
31	WGN15	33.5483254000008	4.26488207963038	1101	25.1801108527627	41.9165399472389
32	WGN15	42.1495281800006	4.26488207963041	1101	33.7813136327624	50.5177427272388
33	WGN15	42.4601283450003	4.2648820796304	1101	34.0919137977622	50.8283428922384
34	WGN15	32.6803445850006	4.26488207963047	1101	24.3121300377623	41.0485591322389
35	WGN15	27.3020502300007	4.26488207963046	1101	18.9338356827624	35.670264777239
36	WGN15	37.1107121950013	4.26488207963055	1101	28.7424976477629	45.4789267422397
37	WGN15	31.8861720650013	4.26488207963047	1101	23.517957517763	40.2543866122396
38	WGN15	33.6155315100006	4.26488207963048	1101	25.2473169627623	41.9837460572389
39	WGN15	41.7548268500007	4.26488207963042	1101	33.3866123027625	50.1230413972389
40	WGN15	30.4536138250005	4.26488207963048	1101	22.0853992777622	38.8218283722388
41	WGN15	37.956386095001	4.2648820796305	1101	29.5881715477627	46.3246006422394
43	WGN15	35.4693401150005	4.26488207963042	1101	27.1011255677624	43.8375546622387
44	WGN15	38.5423956150009	4.26488207963041	1101	30.1741810677628	46.9106101622391
45	WGN15	29.5800744100008	4.26488207963037	1101	21.2118598627627	37.9482889572389
46	WGN15	35.8611717750006	4.26488207963042	1101	27.4929572277625	44.2293863222388
47	WGN15	37.7912471900007	4.26488207963048	1101	29.4230326427624	46.159461737239
48	WGN15	35.4808525200006	4.26488207963048	1101	27.1126379727623	43.8490670672389
50	WGN15	37.504771810001	4.26488207963046	1101	29.1365572627627	45.8729863572392
51	WGN15	36.7390731350009	4.26488207963045	1101	28.3708585877627	45.1072876822392
52	WGN15	23.8027134100005	4.26488207963049	1101	15.4344988627622	32.1709279572388
53	WGN15	30.328422830001	4.26488207963041	1101	21.9602082827628	38.6966373772392
54	WGN15	30.3448877300008	4.26488207963034	1101	21.9766731827628	38.7131022772389
55	WGN15	32.1837300250006	4.26488207963046	1101	23.8155154777624	40.5519445722389
56	WGN15	30.8508658850008	4.2648820796304	1101	22.4826513377627	39.219080432239
57	WGN15	25.8888561550003	4.26488207963057	1101	17.5206416077618	34.2570707022387
58	WGN15	38.0848187350005	4.26488207963052	1101	29.7166041877622	46.4530332822389
59	WGN15	27.8371169500007	4.26488207963051	1101	19.4689024027623	36.2053314972391
60	WGN15	27.5850447200008	4.26488207963041	1101	19.2168301727627	35.953259267239
61	WGN15	34.2500499900008	4.26488207963045	1101	25.8818354427626	42.618264537239
62	WGN15	32.2437676500011	4.26488207963037	1101	23.875553102763	40.6119821972392
63	WGN15	47.0335315349995	4.26488207963033	1101	38.6653169877615	55.4017460822375
64	WGN15	34.1626803750008	4.2648820796304	1101	25.7944658277626	42.5308949222389
65	WGN15	46.7494810350009	4.26488207963041	1101	38.3812664877627	55.1176955822391
66	WGN15	27.639761520001	4.26488207963037	1101	19.2715469727629	36.007976067239
67	WGN15	33.2832695800008	4.26488207963048	1101	24.9150550327625	41.6514841272391
68	WGN15	38.0057900150009	4.26488207963049	1101	29.6375754677626	46.3740045622393
69	WGN15	33.5563663750008	4.26488207963045	1101	25.1881518277626	41.9245809222391
70	WGN15	29.8550673700007	4.26488207963042	1101	21.4868528227625	38.2232819172389
71	WGN15	26.1976287100011	4.26488207963036	1101	17.8294141627631	34.5658432572392
72	WGN15	34.274726385001	4.26488207963042	1101	25.9065118377628	42.6429409322392
73	WGN15	51.8386526600005	4.2648820796305	1101	43.4704381127622	60.2068672072389
74	WGN15	33.3057047050006	4.26488207963042	1101	24.9374901577624	41.6739192522387
75	WGN15	31.4833115400005	4.26488207963042	1101	23.1150969927623	39.8515260872387
77	WGN15	26.4133696650005	4.26488207963042	1101	18.0451551177623	34.7815842122387
78	WGN15	35.1887235200004	4.26488207963055	1101	26.8205089727619	43.5569380672388
79	WGN15	33.5178340450007	4.26488207963038	1101	25.1496194977626	41.8860485922388
80	WGN15	34.0228442700007	4.26488207963047	1101	25.6546297227624	42.391058817239
81	WGN15	33.0249753050009	4.26488207963037	1101	24.6567607577628	41.3931898522389
82	WGN15	27.5826772800011	4.26488207963046	1101	19.2144627327628	35.9508918272393
83	WGN15	44.2391116200008	4.26488207963039	1101	35.8708970727627	52.6073261672389
84	WGN15	37.9455829250005	4.26488207963049	1101	29.5773683777622	46.3137974722388
85	WGN15	46.5594172850007	4.26488207963043	1101	38.1912027377625	54.9276318322389
86	WGN15	42.7259716550005	4.26488207963039	1101	34.3577571077624	51.0941862022387
87	WGN15	34.6025874850006	4.26488207963044	1101	26.2343729377624	42.9708020322389
88	WGN15	33.7988154900008	4.26488207963046	1101	25.4306009427625	42.167030037239
89	WGN15	39.4010265950008	4.26488207963045	1101	31.0328120477626	47.7692411422391
90	WGN15	19.8134443050009	4.26488207963049	1101	11.4452297577626	28.1816588522392
91	WGN15	40.6790817000005	4.26488207963033	1101	32.3108671527624	49.0472962472385
92	WGN15	22.8269412000009	4.2648820796304	1101	14.4587266527627	31.195155747239
93	WGN15	29.8217438600008	4.26488207963043	1101	21.4535293127626	38.189958407239
94	WGN15	40.7452140350008	4.26488207963048	1101	32.3769994877625	49.1134285822391
95	WGN15	21.8206462750011	4.26488207963038	1101	13.452431727763	30.1888608222392
96	WGN15	28.8504182156988	6.03282222096942	1101	17.0132912499767	40.6875451814208
97	WGN15	28.8258814400005	4.26488207963047	1101	20.4576668927623	37.1940959872388
98	WGN15	32.6978396650006	4.26488207963043	1101	24.3296251177624	41.0660542122388
99	WGN15	34.5443673950004	4.26488207963036	1101	26.1761528477624	42.9125819422385
100	WGN15	37.6354076650008	4.26488207963052	1101	29.2671931177624	46.0036222122392
101	WGN15	30.6489928500006	4.26488207963045	1101	22.2807783027623	39.0172073972388
102	WGN15	29.2509276150001	4.26488207963052	1101	20.8827130677617	37.6191421622385
103	WGN15	31.3468702950008	4.26488207963045	1101	22.9786557477625	39.715084842239
104	WGN15	24.6775214850008	4.26488207963041	1101	16.3093069377626	33.0457360322389
106	WGN15	28.2573428150008	4.26488207963036	1101	19.8891282677628	36.6255573622389
107	WGN15	29.3282249700007	4.26488207963046	1101	20.9600104227624	37.696439517239
108	WGN15	22.4920487000009	4.26488207963038	1101	14.1238341527628	30.860263247239
109	WGN15	34.6889176050008	4.26488207963048	1101	26.3207030577625	43.0571321522391
110	WGN15	27.9833705500002	4.26488207963049	1101	19.6151560027619	36.3515850972386
111	WGN15	34.0944903900005	4.26488207963051	1101	25.7262758427622	42.4627049372389
112	WGN15	40.7386255300007	4.26488207963043	1101	32.3704109827625	49.1068400772389
113	WGN15	24.1262441000007	4.26488207963046	1101	15.7580295527624	32.4944586472389
114	WGN15	29.2444047300008	4.26488207963045	1101	20.8761901827625	37.612619277239
115	WGN15	40.4655727900007	4.26488207963045	1101	32.0973582427624	48.8337873372389
116	WGN15	28.6881158000008	4.26488207963039	1101	20.3199012527626	37.0563303472389
117	WGN15	37.413583565001	4.26488207963048	1101	29.0453690177627	45.7817981122393
118	WGN15	28.3448492300009	4.26488207963042	1101	19.9766346827627	36.7130637772391
119	WGN15	36.7744067000007	4.26488207963043	1101	28.4061921527625	45.1426212472389
120	WGN15	29.3317700500006	4.26488207963044	1101	20.9635555027623	37.6999845972388
121	WGN15	40.4638321950011	4.26488207963039	1101	32.0956176477629	48.8320467422392
122	WGN15	35.6220470650009	4.2648820796304	1101	27.2538325177627	43.990261612239
123	WGN15	34.6420924550007	4.26488207963044	1101	26.2738779077625	43.010307002239
124	WGN15	33.9899940800008	4.26488207963046	1101	25.6217795327626	42.3582086272391
125	WGN15	20.6747396700004	4.26488207963055	1101	12.306525122762	29.0429542172389
126	WGN15	32.5953763200008	4.2648820796304	1101	24.2271617727627	40.963590867239
127	WGN15	42.1918883650007	4.26488207963042	1101	33.8236738177625	50.5601029122389
128	WGN15	31.6190764450005	4.26488207963049	1101	23.2508618977622	39.9872909922389
129	WGN15	41.3036541800007	4.2648820796304	1101	32.9354396327626	49.6718687272388
130	WGN15	38.6578875500009	4.26488207963045	1101	30.2896730027627	47.0261020972391
1	WGN26	38.0913746500018	4.2648820796311	1101	29.7231601027622	46.4595891972413
3	WGN26	25.7519667949998	4.26488207963052	1101	17.3837522477614	34.1201813422382
4	WGN26	33.1133892050001	4.26488207963039	1101	24.745174657762	41.4816037522383
5	WGN26	49.1450980000005	4.26488207963051	1101	40.7768834527621	57.5133125472389
6	WGN26	39.4829629250002	4.26488207963044	1101	31.1147483777619	47.8511774722384
7	WGN26	38.1425991300001	4.26488207963054	1101	29.7743845827617	46.5108136772385
8	WGN26	33.4476154750002	4.26488207963034	1101	25.0794009277622	41.8158300222383
9	WGN26	19.7387165549993	4.26488207963054	1101	11.3705020077609	28.1069311022378
10	WGN26	19.5985140250007	4.26488207963039	1101	11.2302994777626	27.9667285722388
11	WGN26	31.4379243450001	4.26488207963045	1101	23.0697097977618	39.8061388922383
12	WGN26	35.1333606650003	4.26488207963043	1101	26.7651461177621	43.5015752122385
13	WGN26	37.433052475	4.26488207963044	1101	29.0648379277618	45.8012670222382
14	WGN26	17.908060695001	4.26488207963033	1101	9.53984614776301	26.276275242239
15	WGN26	44.5121403349999	4.26488207963038	1101	36.1439257877618	52.8803548822381
17	WGN26	35.8825325699999	4.26488207963047	1101	27.5143180227616	44.2507471172382
18	WGN26	36.87059772	4.26488207963044	1101	28.5023831727618	45.2388122672382
19	WGN26	38.160334435	4.26488207963049	1101	29.7921198877617	46.5285489822384
20	WGN26	51.4484399156979	6.03282222096927	1101	39.6113129499761	63.2855668814197
21	WGN26	43.04590041	4.26488207963045	1101	34.6776858627618	51.4141149572383
22	WGN26	32.15899667	4.26488207963045	1101	23.7907821227618	40.5272112172383
23	WGN26	35.35713971	4.26488207963048	1101	26.9889251627617	43.7253542572383
24	WGN26	27.1367868799994	4.26488207963055	1101	18.768572332761	35.5050014272379
25	WGN26	40.484706835	4.26488207963044	1101	32.1164922877618	48.8529213822382
26	WGN26	25.3858152950002	4.26488207963042	1101	17.017600747762	33.7540298422384
27	WGN26	24.6325184100004	4.26488207963038	1101	16.2643038627622	33.0007329572385
28	WGN26	29.77927132	4.26488207963044	1101	21.4110567727618	38.1474858672383
29	WGN26	16.5678237750007	4.26488207963037	1101	8.19960922776261	24.9360383222388
30	WGN26	38.1629987750002	4.26488207963047	1101	29.7947842277619	46.5312133222384
31	WGN26	29.4001495550002	4.26488207963043	1101	21.031935007762	37.7683641022384
32	WGN26	21.4189146349998	4.26488207963048	1101	13.0507000877615	29.7871291822381
33	WGN26	29.1829895243026	6.03282222096911	1101	17.3458625585811	41.020116490024
34	WGN26	28.8993160500004	4.26488207963034	1101	20.5311015027624	37.2675305972385
35	WGN26	42.4959940550001	4.26488207963043	1101	34.1277795077619	50.8642086022383
36	WGN26	28.4856934999998	4.26488207963047	1101	20.1174789527615	36.8539080472381
38	WGN26	34.6879001900002	4.26488207963043	1101	26.319685642762	43.0561147372384
39	WGN26	39.6001955400001	4.26488207963042	1101	31.2319809927619	47.9684100872382
40	WGN26	27.7316137550003	4.2648820796304	1101	19.3633992077622	36.0998283022385
41	WGN26	32.25686642	4.26488207963046	1101	23.8886518727617	40.6250809672383
42	WGN26	38.1125628800001	4.26488207963042	1101	29.7443483327619	46.4807774272383
43	WGN26	34.54457779	4.26488207963046	1101	26.1763632427617	42.9127923372383
44	WGN26	39.6440823000001	4.26488207963053	1101	31.2758677527617	48.0122968472385
45	WGN26	36.3621633399999	4.26488207963047	1101	27.9939487927616	44.7303778872382
46	WGN26	40.145854365	4.2648820796304	1101	31.7776398177618	48.5140689122381
47	WGN26	31.3690361050001	4.26488207963043	1101	23.0008215577619	39.7372506522383
48	WGN26	33.8161996550001	4.26488207963037	1101	25.447985107762	42.1844142022382
49	WGN26	36.0586072	4.26488207963045	1101	27.6903926527617	44.4268217472382
50	WGN26	25.7521022049999	4.26488207963046	1101	17.3838876577616	34.1203167522382
51	WGN26	42.4371608949999	4.26488207963042	1101	34.0689463477617	50.8053754422381
52	WGN26	49.0434239649999	4.26488207963043	1101	40.6752094177617	57.4116385122381
53	WGN26	40.4442305950001	4.26488207963039	1101	32.076016047762	48.8124451422382
54	WGN26	26.461387835	4.26488207963044	1101	18.0931732877618	34.8296023822383
55	WGN26	36.7798398750002	4.26488207963037	1101	28.4116253277621	45.1480544222382
56	WGN26	32.8004790450002	4.26488207963041	1101	24.432264497762	41.1686935922384
57	WGN26	37.511584225	4.2648820796304	1101	29.1433696777618	45.8797987722382
58	WGN26	42.0055836050001	4.26488207963048	1101	33.6373690577618	50.3737981522385
59	WGN26	39.6786246943022	6.03282222096927	1101	27.8414977285804	51.515751660024
60	WGN26	37.860806475	4.2648820796304	1101	29.4925919277619	46.2290210222382
61	WGN26	38.3282075156978	6.03282222096922	1101	26.4910805499761	50.1653344814194
62	WGN26	38.44008725	4.26488207963047	1101	30.0718727027618	46.8083017972383
64	WGN26	36.86224062	4.26488207963048	1101	28.4940260727617	45.2304551672383
65	WGN26	33.6292520643022	6.03282222096925	1101	21.7921250985804	45.4663790300239
66	WGN26	35.1141656400001	4.26488207963035	1101	26.7459510927621	43.4823801872382
67	WGN26	37.2014062600001	4.26488207963045	1101	28.8331917127618	45.5696208072383
68	WGN26	37.4015167949999	4.26488207963044	1101	29.0333022477616	45.7697313422381
69	WGN26	30.4514663150001	4.26488207963045	1101	22.0832517677619	38.8196808622384
70	WGN26	26.56133167	4.26488207963043	1101	18.1931171227618	34.9295462172382
71	WGN26	31.6049341800002	4.26488207963039	1101	23.2367196327621	39.9731487272383
72	WGN26	39.2643324899999	4.26488207963046	1101	30.8961179427616	47.6325470372381
73	WGN26	27.5578785000001	4.26488207963043	1101	19.1896639527619	35.9260930472383
74	WGN26	29.3832864149997	4.26488207963049	1101	21.0150718677614	37.7515009622381
75	WGN26	34.5203178950001	4.26488207963036	1101	26.152103347762	42.8885324422381
76	WGN26	24.7088328056982	6.03282222096924	1101	12.8717058399765	36.5459597714199
77	WGN26	37.3380992950002	4.26488207963045	1101	28.9698847477619	45.7063138422384
78	WGN26	18.2340425600001	4.26488207963044	1101	9.86582801276183	26.6022571072383
79	WGN26	43.9305274299999	4.26488207963039	1101	35.5623128827618	52.298741977238
80	WGN26	35.0351628050001	4.26488207963049	1101	26.6669482577618	43.4033773522384
81	WGN26	32.7120983700001	4.26488207963036	1101	24.343883822762	41.0803129172382
82	WGN26	54.1550399899999	4.26488207963042	1101	45.7868254427618	62.5232545372381
83	WGN26	26.7415902250001	4.26488207963044	1101	18.3733756777619	35.1098047722383
85	WGN26	45.4616813650001	4.26488207963042	1101	37.0934668177619	53.8298959122382
86	WGN26	29.98416499	4.26488207963041	1101	21.6159504427618	38.3523795372382
87	WGN26	40.0388914850002	4.26488207963049	1101	31.6706769377619	48.4071060322385
88	WGN26	46.778600905	4.2648820796304	1101	38.4103863577619	55.1468154522382
89	WGN26	39.88355929	4.26488207963041	1101	31.5153447427618	48.2517738372382
90	WGN26	26.7271656550001	4.26488207963043	1101	18.3589511077619	35.0953802022383
91	WGN26	36.167975525	4.26488207963046	1101	27.7997609777617	44.5361900722383
92	WGN26	15.4840350699999	4.26488207963046	1101	7.11582052276161	23.8522496172381
93	WGN26	40.7187485400001	4.26488207963043	1101	32.3505339927619	49.0869630872384
94	WGN26	33.7945719100002	4.26488207963046	1101	25.4263573627619	42.1627864572384
95	WGN26	38.36210649	4.2648820796304	1101	29.9938919427619	46.7303210372382
96	WGN26	17.891989035	4.26488207963047	1101	9.52377448776171	26.2602035822383
97	WGN26	30.1225048650002	4.26488207963044	1101	21.754290317762	38.4907194122385
98	WGN26	19.2869345350001	4.26488207963046	1101	10.9187199877618	27.6551490822383
99	WGN26	33.2284774650001	4.26488207963043	1101	24.8602629177619	41.5966920122383
100	WGN26	33.04615858	4.26488207963044	1101	24.6779440327618	41.4143731272383
101	WGN26	23.7156719950002	4.26488207963044	1101	15.3474574477619	32.0838865422384
102	WGN26	40.0293054700001	4.2648820796305	1101	31.6610909227617	48.3975200172384
103	WGN26	18.448046365	4.26488207963043	1101	10.0798318177618	26.8162609122382
104	WGN26	45.1805697849999	4.26488207963042	1101	36.8123552377617	53.5487843322381
105	WGN26	46.4928377756978	6.03282222096922	1101	34.6557108099761	58.3299647414195
106	WGN26	40.2844731343022	6.03282222096925	1101	28.4473461685804	52.1216001000239
108	WGN26	29.9181937856978	6.03282222096926	1101	18.081066819976	41.7553207514195
109	WGN26	41.9364116500001	4.26488207963044	1101	33.5681971027618	50.3046261972383
111	WGN26	34.670846285	4.26488207963044	1101	26.3026317377618	43.0390608322382
112	WGN26	31.7116609450002	4.26488207963039	1101	23.3434463977621	40.0798754922384
113	WGN26	38.5362757150001	4.26488207963044	1101	30.1680611677619	46.9044902622384
114	WGN26	29.1491644043022	6.03282222096928	1101	17.3120374385804	40.986291370024
115	WGN26	43.3712574999999	4.26488207963045	1101	35.0030429527617	51.7394720472381
116	WGN26	17.0471400843024	6.03282222096927	1101	5.21001311858067	28.8842670500242
117	WGN26	47.9753077149998	4.26488207963043	1101	39.6070931677616	56.3435222622381
118	WGN26	46.535248825	4.26488207963043	1101	38.1670342777618	54.9034633722382
119	WGN26	41.316169955	4.26488207963041	1101	32.9479554077619	49.6843845022382
120	WGN26	34.675591485	4.26488207963043	1101	26.3073769377618	43.0438060322383
121	WGN26	31.650140065	4.26488207963045	1101	23.2819255177617	40.0183546122382
122	WGN26	36.5429810550001	4.26488207963049	1101	28.1747665077618	44.9111956022384
123	WGN26	38.00682337	4.26488207963044	1101	29.6386088227618	46.3750379172383
124	WGN26	31.6437229456976	6.03282222096926	1101	19.8065959799759	43.4808499114194
125	WGN26	34.8130898400001	4.26488207963045	1101	26.4448752927618	43.1813043872383
126	WGN26	36.7092255143023	6.03282222096915	1101	24.8720985485808	48.5463524800239
127	WGN26	16.9322061843025	6.03282222096924	1101	5.09507921858079	28.7693331500242
128	WGN26	48.8021392143022	6.03282222096926	1101	36.9650122485805	60.639266180024
129	WGN26	41.7238667550001	4.26488207963042	1101	33.3556522077619	50.0920813022383
130	WGN26	40.72928435	4.26488207963043	1101	32.3610698027618	49.0974988972383
1	WGN36	33.1717555943015	6.03282222096908	1101	21.3346286285801	45.008882560023
2	WGN36	23.3730796399998	4.26488207963047	1101	15.0048650927615	31.7412941872381
4	WGN36	34.2649580949996	4.26488207963045	1101	25.8967435477613	42.6331726422378
5	WGN36	26.7309109456977	6.0328222209694	1101	14.8937839799757	38.5680379114197
6	WGN36	18.5205739749997	4.26488207963044	1101	10.1523594277615	26.888788522238
7	WGN36	40.5537081299998	4.26488207963041	1101	32.1854935827617	48.921922677238
8	WGN36	37.0434177049996	4.26488207963042	1101	28.6752031577615	45.4116322522378
9	WGN36	18.5307991856974	6.03282222096928	1101	6.69367221997556	30.3679261514192
10	WGN36	33.2174110649998	4.26488207963039	1101	24.8491965177617	41.5856256122379
11	WGN36	33.3723720356979	6.03282222096925	1101	21.5352450699761	45.2094990014196
12	WGN36	36.7626418249999	4.26488207963044	1101	28.3944272777617	45.1308563722382
13	WGN36	33.2252116900001	4.26488207963048	1101	24.8569971427618	41.5934262372384
14	WGN36	27.4788192949995	4.26488207963046	1101	19.1106047477613	35.8470338422378
15	WGN36	38.5602985149995	4.26488207963037	1101	30.1920839677614	46.9285130622376
16	WGN36	26.0812489449999	4.26488207963041	1101	17.7130343977617	34.449463492238
17	WGN36	33.4141785649995	4.26488207963044	1101	25.0459640177612	41.7823931122377
18	WGN36	28.1221169856975	6.03282222096934	1101	16.2849900199755	39.9592439514194
19	WGN36	35.5975797599997	4.26488207963038	1101	27.2293652127616	43.9657943072378
20	WGN36	24.0787430699997	4.26488207963043	1101	15.7105285227615	32.4469576172379
21	WGN36	33.8127749699998	4.2648820796304	1101	25.4445604227617	42.180989517238
22	WGN36	27.9307678599995	4.26488207963043	1101	19.5625533127612	36.2989824072377
23	WGN36	43.9721781199997	4.26488207963045	1101	35.6039635727614	52.3403926672379
24	WGN36	39.2456927299995	4.26488207963037	1101	30.8774781827614	47.6139072772376
26	WGN36	30.8030498099997	4.26488207963052	1101	22.4348352627613	39.1712643572381
27	WGN36	28.4135269499998	4.2648820796304	1101	20.0453124027616	36.7817414972379
28	WGN36	34.8681983049998	4.26488207963043	1101	26.4999837577616	43.236412852238
30	WGN36	34.1775428099994	4.2648820796304	1101	25.8093282627613	42.5457573572376
31	WGN36	33.1703942149998	4.26488207963048	1101	24.8021796677615	41.5386087622381
32	WGN36	23.3056911156978	6.0328222209692	1101	11.4685641499761	35.1428180814194
33	WGN36	41.2213902299998	4.26488207963046	1101	32.8531756827615	49.5896047772381
34	WGN36	29.8001073849998	4.26488207963044	1101	21.4318928377616	38.168321932238
35	WGN36	28.2371336649998	4.26488207963043	1101	19.8689191177616	36.605348212238
36	WGN36	31.6417306449997	4.26488207963045	1101	23.2735160977615	40.009945192238
37	WGN36	40.0220583243017	6.03282222096916	1101	28.1849313585802	51.8591852900233
38	WGN36	7.81580118430054	6.03282222096939	1101	-4.02132578142147	19.6529281500226
39	WGN36	31.7251671149997	4.26488207963046	1101	23.3569525677614	40.0933816622379
40	WGN36	42.6386106299997	4.2648820796304	1101	34.2703960827616	51.0068251772378
41	WGN36	19.5394928450002	4.26488207963039	1101	11.1712782977621	27.9077073922383
42	WGN36	19.7987666249997	4.26488207963046	1101	11.4305520777614	28.166981172238
43	WGN36	41.8248047549999	4.26488207963045	1101	33.4565902077617	50.1930193022381
44	WGN36	27.3226808749997	4.26488207963046	1101	18.9544663277614	35.690895422238
45	WGN36	18.4090348350001	4.2648820796304	1101	10.0408202877619	26.7772493822382
46	WGN36	38.9716701	4.26488207963046	1101	30.6034555527617	47.3398846472382
47	WGN36	29.1071655099998	4.26488207963041	1101	20.7389509627616	37.475380057238
48	WGN36	35.6028883299998	4.26488207963042	1101	27.2346737827616	43.971102877238
49	WGN36	46.8918329949999	4.26488207963045	1101	38.5236184477616	55.2600475422381
51	WGN36	33.0870678699998	4.26488207963042	1101	24.7188533227616	41.455282417238
52	WGN36	32.9659113699997	4.26488207963044	1101	24.5976968227614	41.3341259172379
53	WGN36	35.1236223549998	4.26488207963045	1101	26.7554078077615	43.491836902238
54	WGN36	21.569598805	4.26488207963039	1101	13.2013842577619	29.9378133522382
55	WGN36	39.4445409349997	4.26488207963043	1101	31.0763263877615	47.8127554822379
56	WGN36	20.0379153049997	4.26488207963046	1101	11.6697007577615	28.406129852238
57	WGN36	31.1014722949997	4.26488207963046	1101	22.7332577477615	39.469686842238
58	WGN36	35.8190883799998	4.26488207963041	1101	27.4508738327616	44.187302927238
59	WGN36	34.9981899449997	4.26488207963042	1101	26.6299753977615	43.3664044922379
60	WGN36	41.3703352149998	4.26488207963044	1101	33.0021206677615	49.738549762238
62	WGN36	39.2278833699996	4.26488207963039	1101	30.8596688227615	47.5960979172378
64	WGN36	29.3705807449998	4.26488207963041	1101	21.0023661977616	37.738795292238
65	WGN36	38.5442160549998	4.26488207963043	1101	30.1760015077616	46.912430602238
66	WGN36	34.3733294499997	4.26488207963045	1101	26.0051149027615	42.741543997238
68	WGN36	16.1286792499999	4.26488207963042	1101	7.76046470276167	24.4968937972381
69	WGN36	31.2213406456975	6.03282222096932	1101	19.3842136799756	43.0584676114194
70	WGN36	20.1871408549999	4.26488207963041	1101	11.8189263077618	28.5553554022381
71	WGN36	32.7638857949998	4.26488207963042	1101	24.3956712477616	41.132100342238
72	WGN36	20.1072092799998	4.26488207963044	1101	11.7389947327616	28.475423827238
74	WGN36	30.9963274149998	4.26488207963048	1101	22.6281128677615	39.3645419622381
75	WGN36	25.7997755456974	6.03282222096931	1101	13.9626485799755	37.6369025114192
76	WGN36	29.9644074399999	4.26488207963038	1101	21.5961928927618	38.332621987238
77	WGN36	26.0145090999998	4.26488207963042	1101	17.6462945527616	34.382723647238
78	WGN36	40.2748744643019	6.03282222096925	1101	28.4377474985802	52.1120014300237
79	WGN36	32.1348055799998	4.26488207963042	1101	23.7665910327616	40.503020127238
80	WGN36	9.34697370130209	6.03282222096922	1101	-2.49015326441959	21.1841006670238
81	WGN36	30.2747908349998	4.2648820796304	1101	21.9065762877616	38.6430053822379
82	WGN36	30.5800231049998	4.26488207963043	1101	22.2118085577616	38.948237652238
83	WGN36	25.3724487649997	4.26488207963045	1101	17.0042342177615	33.740663312238
84	WGN36	38.1687362449998	4.26488207963046	1101	29.8005216977615	46.536950792238
85	WGN36	28.2336703049997	4.26488207963045	1101	19.8654557577615	36.601884852238
86	WGN36	19.9503793749998	4.26488207963044	1101	11.5821648277616	28.318593922238
87	WGN36	17.1143327749998	4.26488207963044	1101	8.74611822776155	25.482547322238
88	WGN36	41.6077926599996	4.26488207963041	1101	33.2395781127614	49.9760072072378
89	WGN36	33.9750897299998	4.26488207963044	1101	25.6068751827615	42.343304277238
90	WGN36	8.04552042549985	4.26488207963043	1101	-0.322694121738365	16.4137349727381
92	WGN36	26.6409015349998	4.26488207963044	1101	18.2726869877615	35.009116082238
93	WGN36	20.8531443456976	6.03282222096923	1101	9.01601737997593	32.6902713114193
94	WGN36	37.1025902899996	4.26488207963044	1101	28.7343757427613	45.4708048372378
95	WGN36	34.3322209849998	4.26488207963043	1101	25.9640064377615	42.700435532238
96	WGN36	31.6159691049997	4.26488207963043	1101	23.2477545577615	39.9841836522379
97	WGN36	21.2354278949998	4.26488207963043	1101	12.8672133477616	29.603642442238
98	WGN36	31.0758851899997	4.26488207963046	1101	22.7076706427615	39.444099737238
99	WGN36	30.4137648299998	4.26488207963043	1101	22.0455502827616	38.781979377238
100	WGN36	25.1140690299998	4.26488207963044	1101	16.7458544827615	33.482283577238
102	WGN36	31.086323194302	6.03282222096921	1101	19.2491962285803	42.9234501600236
104	WGN36	26.1009930799998	4.26488207963044	1101	17.7327785327616	34.469207627238
105	WGN36	28.7431874856975	6.03282222096927	1101	16.9060605199757	40.5803144514193
106	WGN36	30.3554760299997	4.26488207963044	1101	21.9872614827615	38.723690577238
107	WGN36	9.76214915299964	4.26488207963046	1101	1.39393460576137	18.1303637002379
108	WGN36	10.1577456869997	4.26488207963046	1101	1.78953113976148	18.525960234238
109	WGN36	38.8773041649998	4.26488207963046	1101	30.5090896177615	47.2455187122381
110	WGN36	31.2626648649996	4.26488207963042	1101	22.8944503177614	39.6308794122378
112	WGN36	17.3376544149998	4.26488207963045	1101	8.96943986776152	25.705868962238
114	WGN36	30.5389293799997	4.26488207963046	1101	22.1707148327614	38.9071439272379
116	WGN36	21.2027098843018	6.03282222096927	1101	9.36558291858006	33.0398368500236
117	WGN36	40.2056021949997	4.26488207963045	1101	31.8373876477615	48.573816742238
118	WGN36	36.0948215549997	4.26488207963044	1101	27.7266070077615	44.463036102238
119	WGN36	31.0585273256976	6.03282222096926	1101	19.2214003599758	42.8956542914194
120	WGN36	37.9928324299998	4.26488207963046	1101	29.6246178827615	46.361046977238
121	WGN36	25.1158842643019	6.03282222096924	1101	13.2787572985802	36.9530112300237
122	WGN36	44.6294351499998	4.26488207963045	1101	36.2612206027616	52.9976496972381
123	WGN36	42.6656758949998	4.26488207963045	1101	34.2974613477615	51.033890442238
124	WGN36	35.6386495899997	4.26488207963045	1101	27.2704350427615	44.006864137238
125	WGN36	34.2518095949997	4.26488207963044	1101	25.8835950477615	42.620024142238
126	WGN36	37.4975763549998	4.26488207963046	1101	29.1293618077615	45.8657909022381
127	WGN36	28.9905314899998	4.26488207963046	1101	20.6223169427615	37.358746037238
128	WGN36	27.5883289249998	4.26488207963044	1101	19.2201143777616	35.956543472238
129	WGN36	20.5503679049998	4.26488207963042	1101	12.1821533577616	28.918582452238
130	WGN36	40.0088583999997	4.26488207963043	1101	31.6406438527615	48.3770729472379
1	WGN38	40.000667435001	4.26488207963023	1101	31.6324528877632	48.3688819822388
2	WGN38	20.1602477499993	4.26488207963041	1101	11.7920332027611	28.5284622972374
3	WGN38	19.7915919056972	6.03282222096914	1101	7.95446493997568	31.6287188714187
4	WGN38	23.0831690299995	4.26488207963045	1101	14.7149544827613	31.4513835772378
5	WGN38	36.7780599599992	4.26488207963055	1101	28.4098454127607	45.1462745072376
6	WGN38	17.9496447399989	4.26488207963046	1101	9.58143019276062	26.3178592872371
7	WGN38	26.484251584999	4.26488207963049	1101	18.1160370377607	34.8524661322373
8	WGN38	24.4351477649992	4.26488207963045	1101	16.066933217761	32.8033623122374
10	WGN38	25.3591027849995	4.26488207963037	1101	16.9908882377614	33.7273173322376
11	WGN38	35.0535341699992	4.26488207963043	1101	26.685319622761	43.4217487172374
12	WGN38	19.9091374299987	4.2648820796305	1101	11.5409228827604	28.2773519772371
13	WGN38	27.609329639999	4.26488207963046	1101	19.2411150927607	35.9775441872372
14	WGN38	21.4965115749989	4.26488207963046	1101	13.1282970277607	29.8647261222372
16	WGN38	25.0225881499994	4.26488207963046	1101	16.6543736027611	33.3908026972377
18	WGN38	25.6539918549986	4.26488207963053	1101	17.2857773077602	34.022206402237
19	WGN38	17.0616716549989	4.26488207963044	1101	8.69345710776063	25.4298862022371
20	WGN38	36.4258570449991	4.26488207963044	1101	28.0576424977608	44.7940715922373
21	WGN38	15.5164233799988	4.26488207963044	1101	7.14820883276062	23.8846379272371
22	WGN38	30.9569778549992	4.26488207963046	1101	22.5887633077609	39.3251924022374
23	WGN38	20.3115369799986	4.26488207963048	1101	11.9433224327602	28.6797515272369
24	WGN38	21.4263794449984	4.26488207963051	1101	13.05816489776	29.7945939922368
26	WGN38	22.3936514949993	4.26488207963047	1101	14.025436947761	30.7618660422375
27	WGN38	44.4758159199992	4.26488207963049	1101	36.1076013727609	52.8440304672375
28	WGN38	30.9747452449989	4.26488207963045	1101	22.6065306977607	39.3429597922372
29	WGN38	24.3643841399983	4.26488207963051	1101	15.99616959276	32.7325986872367
30	WGN38	15.9017844849989	4.26488207963049	1101	7.53356993776055	24.2699990322372
32	WGN38	34.6281741699992	4.26488207963042	1101	26.259959622761	42.9963887172374
33	WGN38	43.990679319999	4.26488207963043	1101	35.6224647727608	52.3588938672372
34	WGN38	30.1417066099992	4.26488207963045	1101	21.773492062761	38.5099211572375
35	WGN38	23.7337456639993	4.26488207963043	1101	15.3655311167611	32.1019602112376
36	WGN38	25.826853499999	4.2648820796305	1101	17.4586389527606	34.1950680472373
37	WGN38	21.7372753899994	4.26488207963041	1101	13.3690608427612	30.1054899372375
38	WGN38	33.9733941049992	4.2648820796304	1101	25.605179557761	42.3416086522373
39	WGN38	25.1841707799988	4.26488207963051	1101	16.8159562327605	33.5523853272372
40	WGN38	24.161840489999	4.26488207963049	1101	15.7936259427607	32.5300550372373
41	WGN38	20.9886951399992	4.26488207963044	1101	12.6204805927609	29.3569096872374
42	WGN38	18.6049232056966	6.03282222096935	1101	6.76779623997468	30.4420501714185
45	WGN38	32.1531024649993	4.26488207963038	1101	23.7848879177612	40.5213170122374
46	WGN38	25.6002075599992	4.26488207963044	1101	17.231993012761	33.9684221072374
47	WGN38	43.5430357099992	4.2648820796305	1101	35.1748211627609	51.9112502572376
48	WGN38	29.9960468049992	4.26488207963043	1101	21.627832257761	38.3642613522374
49	WGN38	22.6404286299996	4.2648820796304	1101	14.2722140827614	31.0086431772377
50	WGN38	26.9578785099989	4.26488207963049	1101	18.5896639627606	35.3260930572372
51	WGN38	30.347374069999	4.26488207963047	1101	21.9791595227607	38.7155886172373
52	WGN38	30.9830569749994	4.26488207963041	1101	22.6148424277612	39.3512715222376
53	WGN38	22.1347905549991	4.26488207963045	1101	13.7665760077609	30.5030051022374
54	WGN38	17.6535970649997	4.26488207963039	1101	9.28538251776158	26.0218116122379
55	WGN38	23.3218654756968	6.03282222096926	1101	11.484738509975	35.1589924414186
56	WGN38	17.5399747599995	4.26488207963044	1101	9.1717602127613	25.9081893072377
59	WGN38	28.9049572649989	4.2648820796305	1101	20.5367427177605	37.2731718122372
61	WGN38	21.2729429399992	4.26488207963043	1101	12.9047283927609	29.6411574872374
63	WGN38	31.6441886349993	4.26488207963044	1101	23.2759740877611	40.0124031822375
64	WGN38	5.40898057649966	4.26488207963041	1101	-2.9592339707385	13.7771951237378
65	WGN38	24.2069154999987	4.2648820796305	1101	15.8387009527604	32.575130047237
66	WGN38	28.4157756849991	4.26488207963044	1101	20.0475611377608	36.7839902322373
67	WGN38	34.8186050699993	4.26488207963039	1101	26.4503905227611	43.1868196172374
68	WGN38	20.6891561299987	4.26488207963048	1101	12.3209415827604	29.057370677237
69	WGN38	20.7431504999994	4.26488207963041	1101	12.3749359527612	29.1113650472375
70	WGN38	24.1944429899991	4.26488207963044	1101	15.8262284427609	32.5626575372373
72	WGN38	35.3423354049992	4.26488207963046	1101	26.974120857761	43.7105499522375
73	WGN38	42.8343317199992	4.26488207963043	1101	34.466117172761	51.2025462672374
74	WGN38	27.9217173599992	4.26488207963044	1101	19.553502812761	36.2899319072375
76	WGN38	25.9718483049992	4.26488207963044	1101	17.603633757761	34.3400628522374
77	WGN38	40.1150032349993	4.26488207963046	1101	31.746788687761	48.4832177822375
78	WGN38	42.7005497699991	4.26488207963045	1101	34.3323352227608	51.0687643172373
80	WGN38	23.3703987349991	4.26488207963045	1101	15.0021841877608	31.7386132822373
81	WGN38	26.3675689649992	4.26488207963045	1101	17.999354417761	34.7357835122375
82	WGN38	30.5619443299991	4.26488207963045	1101	22.1937297827609	38.9301588772373
83	WGN38	30.3466468049991	4.26488207963047	1101	21.9784322577608	38.7148613522374
84	WGN38	37.9160319049993	4.26488207963046	1101	29.547817357761	46.2842464522375
85	WGN38	31.918412715697	6.03282222096926	1101	20.0812857499753	43.7555396814188
86	WGN38	21.8440531249993	4.26488207963043	1101	13.475838577761	30.2122676722375
87	WGN38	17.0803240799992	4.26488207963044	1101	8.71210953276094	25.4485386272374
88	WGN38	41.7859540699991	4.26488207963043	1101	33.4177395227609	50.1541686172374
89	WGN38	34.6449155149992	4.26488207963045	1101	26.2767009677609	43.0131300622374
90	WGN38	33.6819330749992	4.26488207963044	1101	25.313718527761	42.0501476222374
91	WGN38	21.3748579049991	4.26488207963044	1101	13.0066433577609	29.7430724522374
92	WGN38	34.4823848249992	4.26488207963044	1101	26.1141702777609	42.8505993722374
93	WGN38	32.3756371899992	4.26488207963044	1101	24.007422642761	40.7438517372374
94	WGN38	42.1624854499992	4.26488207963044	1101	33.794270902761	50.5306999972374
95	WGN38	23.6252679399992	4.26488207963044	1101	15.2570533927609	31.9934824872374
96	WGN38	29.9045709349992	4.26488207963044	1101	21.5363563877609	38.2727854822374
97	WGN38	21.3018608299992	4.26488207963044	1101	12.9336462827609	29.6700753772374
98	WGN38	47.1519540149991	4.26488207963044	1101	38.7837394677609	55.5201685622374
99	WGN38	28.3090989949992	4.26488207963044	1101	19.940884447761	36.6773135422374
100	WGN38	30.6547523349992	4.26488207963044	1101	22.286537787761	39.0229668822374
101	WGN38	35.2018273049992	4.26488207963043	1101	26.833612757761	43.5700418522374
102	WGN38	25.3731422899993	4.26488207963043	1101	17.0049277427611	33.7413568372375
103	WGN38	31.1068548649992	4.26488207963044	1101	22.738640317761	39.4750694122375
104	WGN38	33.4038049149992	4.26488207963044	1101	25.0355903677609	41.7720194622374
106	WGN38	51.458045194999	4.26488207963043	1101	43.0898306477608	59.8262597422372
107	WGN38	35.1822466999992	4.26488207963043	1101	26.814032152761	43.5504612472374
108	WGN38	29.5825713299991	4.26488207963046	1101	21.2143567827609	37.9507858772374
109	WGN38	27.9173968849992	4.26488207963044	1101	19.549182337761	36.2856114322374
110	WGN38	33.6846875149992	4.26488207963045	1101	25.316472967761	42.0529020622375
111	WGN38	29.3458478149992	4.26488207963044	1101	20.977633267761	37.7140623622374
113	WGN38	37.8249808949992	4.26488207963044	1101	29.456766347761	46.1931954422374
114	WGN38	23.8176379699991	4.26488207963045	1101	15.4494234227609	32.1858525172374
115	WGN38	21.3525668699992	4.26488207963045	1101	12.9843523227609	29.7207814172374
1	WGN39	30.8043107100016	4.26488207963054	1101	22.4360961627631	39.17252525724
2	WGN39	29.0150645249998	4.26488207963036	1101	20.6468499777617	37.3832790722379
3	WGN39	20.1882273599999	4.2648820796304	1101	11.8200128127617	28.556441907238
4	WGN39	35.3634713849999	4.26488207963043	1101	26.9952568377616	43.7316859322381
5	WGN39	33.1254674949997	4.26488207963045	1101	24.7572529477614	41.4936820422379
6	WGN39	41.6882262599994	4.26488207963038	1101	33.3200117127613	50.0564408072375
7	WGN39	39.5608938649998	4.26488207963045	1101	31.1926793177615	47.929108412238
8	WGN39	36.7620234249996	4.26488207963039	1101	28.3938088777615	45.1302379722378
9	WGN39	45.3542863299994	4.26488207963042	1101	36.9860717827612	53.7225008772376
10	WGN39	8.68115799049943	4.26488207963048	1101	0.312943443261117	17.0493725377377
11	WGN39	35.2197120749997	4.26488207963037	1101	26.8514975277616	43.5879266222378
12	WGN39	37.4704643449998	4.26488207963047	1101	29.1022497977616	45.8386788922381
13	WGN39	18.8595194749997	4.26488207963046	1101	10.4913049277614	27.2277340222379
14	WGN39	3.71540680849991	4.26488207963043	1101	-4.6528077387383	12.0836213557381
15	WGN39	59.05672009	4.26488207963044	1101	50.6885055427617	67.4249346372382
16	WGN39	42.1379982599997	4.26488207963046	1101	33.7697837127614	50.506212807238
17	WGN39	37.2327527399998	4.26488207963045	1101	28.8645381927615	45.600967287238
18	WGN39	36.1733994999996	4.26488207963037	1101	27.8051849527615	44.5416140472377
19	WGN39	33.5719238849998	4.26488207963044	1101	25.2037093377616	41.940138432238
20	WGN39	31.7808656849997	4.2648820796305	1101	23.4126511377614	40.1490802322381
21	WGN39	27.9168387199997	4.2648820796305	1101	19.5486241727613	36.285053267238
22	WGN39	37.6875509249998	4.26488207963046	1101	29.3193363777615	46.055765472238
24	WGN39	39.2972420849999	4.26488207963048	1101	30.9290275377616	47.6654566322382
25	WGN39	34.6135644749998	4.26488207963044	1101	26.2453499277615	42.981779022238
26	WGN39	32.5323331556975	6.03282222096937	1101	20.6952061899755	44.3694601214195
27	WGN39	24.7350413699997	4.26488207963048	1101	16.3668268227614	33.103255917238
28	WGN39	39.3535216649996	4.26488207963039	1101	30.9853071177615	47.7217362122377
29	WGN39	32.5152884299998	4.26488207963042	1101	24.1470738827616	40.883502977238
30	WGN39	28.3443432149997	4.26488207963046	1101	19.9761286677615	36.712557762238
31	WGN39	30.6074671399997	4.26488207963039	1101	22.2392525927616	38.9756816872378
32	WGN39	40.8991571749995	4.26488207963041	1101	32.5309426277613	49.2673717222377
34	WGN39	41.7668441099996	4.26488207963042	1101	33.3986295627614	50.1350586572378
35	WGN39	39.2288151299998	4.26488207963045	1101	30.8606005827616	47.5970296772381
36	WGN39	30.7666342249998	4.26488207963045	1101	22.3984196777616	39.1348487722381
37	WGN39	28.6438605199999	4.26488207963042	1101	20.2756459727617	37.0120750672381
38	WGN39	30.4034794399997	4.26488207963045	1101	22.0352648927615	38.7716939872379
39	WGN39	40.2780086099999	4.26488207963045	1101	31.9097940627616	48.6462231572381
40	WGN39	35.2515484999998	4.26488207963035	1101	26.8833339527617	43.6197630472378
41	WGN39	31.5907712549998	4.26488207963049	1101	23.2225567077615	39.9589858022381
42	WGN39	31.8653185899997	4.2648820796304	1101	23.4971040427616	40.2335331372379
43	WGN39	31.0885399556976	6.03282222096931	1101	19.2514129899758	42.9256669214195
44	WGN39	27.2217091299997	4.26488207963052	1101	18.8534945827613	35.5899236772381
45	WGN39	35.5223220649998	4.26488207963044	1101	27.1541075177616	43.890536612238
46	WGN39	30.4646176743019	6.03282222096921	1101	18.6274907085802	42.3017446400236
47	WGN39	41.5694846300001	4.26488207963051	1101	33.2012700827617	49.9376991772384
48	WGN39	22.8198378499998	4.26488207963044	1101	14.4516233027616	31.1880523972381
49	WGN39	36.0941323349998	4.26488207963044	1101	27.7259177877615	44.462346882238
50	WGN39	35.1849301099998	4.26488207963046	1101	26.8167155627615	43.553144657238
51	WGN39	31.1547534149997	4.26488207963051	1101	22.7865388677613	39.5229679622381
52	WGN39	35.8329588999997	4.26488207963044	1101	27.4647443527615	44.201173447238
53	WGN39	36.6762993599999	4.26488207963049	1101	28.3080848127616	45.0445139072382
54	WGN39	30.9859593199997	4.26488207963042	1101	22.6177447727615	39.3541738672379
55	WGN39	42.3672595649996	4.26488207963042	1101	33.9990450177614	50.7354741122378
56	WGN39	39.8778278049998	4.26488207963045	1101	31.5096132577615	48.246042352238
57	WGN39	59.1292495100002	4.26488207963048	1101	50.7610349627619	67.4974640572385
58	WGN39	49.3857646949998	4.26488207963045	1101	41.0175501477615	57.753979242238
59	WGN39	31.4557943099997	4.26488207963044	1101	23.0875797627615	39.824008857238
60	WGN39	29.1964290349997	4.26488207963038	1101	20.8282144877616	37.5646435822378
61	WGN39	27.1482882299997	4.2648820796305	1101	18.7800736827614	35.516502777238
62	WGN39	30.9721438699998	4.26488207963043	1101	22.6039293227616	39.340358417238
63	WGN39	30.6628501649997	4.26488207963045	1101	22.2946356177614	39.0310647122379
64	WGN39	40.4739523749998	4.26488207963046	1101	32.1057378277616	48.8421669222381
65	WGN39	38.3905303649997	4.26488207963042	1101	30.0223158177615	46.7587449122379
66	WGN39	25.4471948749997	4.26488207963046	1101	17.0789803277614	33.815409422238
67	WGN39	36.0590830949996	4.26488207963041	1101	27.6908685477615	44.4272976422378
68	WGN39	47.0417726943017	6.03282222096922	1101	35.20464572858	58.8788996600234
69	WGN39	48.1901792549997	4.26488207963042	1101	39.8219647077615	56.5583938022379
70	WGN39	29.2515879943023	6.03282222096925	1101	17.4144610285805	41.088714960024
71	WGN39	28.1291390149997	4.26488207963045	1101	19.7609244677615	36.497353562238
72	WGN39	35.9124373349998	4.26488207963046	1101	27.5442227877615	44.2806518822381
73	WGN39	35.8365832949998	4.26488207963045	1101	27.4683687477615	44.204797842238
74	WGN39	43.7597088299999	4.26488207963046	1101	35.3914942827616	52.1279233772381
75	WGN39	30.8843723249998	4.26488207963046	1101	22.5161577777615	39.2525868722381
76	WGN39	35.742002494302	6.03282222096927	1101	23.9048755285802	47.5791294600238
77	WGN39	15.0710636749996	4.26488207963045	1101	6.7028491277614	23.4392782222379
78	WGN39	37.7689675099998	4.26488207963043	1101	29.4007529627616	46.137182057238
79	WGN39	44.0430851449999	4.26488207963045	1101	35.6748705977616	52.4112996922381
80	WGN39	23.3339530949998	4.26488207963045	1101	14.9657385477615	31.702167642238
81	WGN39	17.2018664449999	4.26488207963043	1101	8.83365189776166	25.5700809922381
82	WGN39	42.4734609149997	4.26488207963042	1101	34.1052463677615	50.8416754622379
83	WGN39	54.0139046149997	4.26488207963043	1101	45.6456900677615	62.3821191622379
84	WGN39	24.9953957449998	4.26488207963044	1101	16.6271811977616	33.3636102922381
85	WGN39	29.145882634302	6.03282222096926	1101	17.3087556685802	40.9830096000237
86	WGN39	32.1342964699997	4.26488207963044	1101	23.7660819227615	40.5025110172379
87	WGN39	34.2864307699998	4.26488207963044	1101	25.9182162227616	42.654645317238
88	WGN39	12.830980644302	6.03282222096924	1101	0.993853678580303	24.6681076100238
89	WGN39	43.5689270549998	4.26488207963045	1101	35.2007125077616	51.9371416022381
90	WGN39	34.0057378749998	4.26488207963045	1101	25.6375233277616	42.3739524222381
91	WGN39	4.78372798599987	4.26488207963043	1101	-3.58448656123834	13.1519425332381
92	WGN39	13.9623184949998	4.26488207963043	1101	5.59410394776161	22.330533042238
93	WGN39	31.8951242649998	4.26488207963043	1101	23.5269097177615	40.263338812238
94	WGN39	7.0118289774997	4.26488207963044	1101	-1.35638556973853	15.3800435247379
95	WGN39	35.0390425899997	4.26488207963043	1101	26.6708280427615	43.4072571372379
96	WGN39	40.8959026099998	4.26488207963045	1101	32.5276880627616	49.2641171572381
97	WGN39	31.6728404599998	4.26488207963044	1101	23.3046259127616	40.041055007238
98	WGN39	38.5049541699997	4.26488207963044	1101	30.1367396227615	46.873168717238
99	WGN39	32.9990710449997	4.26488207963043	1101	24.6308564977615	41.367285592238
100	WGN39	37.0641757699997	4.26488207963044	1101	28.6959612227615	45.432390317238
101	WGN39	37.2621402349998	4.26488207963044	1101	28.8939256877615	45.630354782238
102	WGN39	44.8100530899998	4.26488207963045	1101	36.4418385427616	53.1782676372381
104	WGN39	57.8244357299997	4.26488207963044	1101	49.4562211827615	66.192650277238
105	WGN39	49.6766190899999	4.26488207963045	1101	41.3084045427616	58.0448336372381
106	WGN39	46.9595710199998	4.26488207963044	1101	38.5913564727615	55.327785567238
107	WGN39	25.4917541799998	4.26488207963043	1101	17.1235396327616	33.859968727238
108	WGN39	29.3655961899998	4.26488207963045	1101	20.9973816427615	37.733810737238
109	WGN39	43.8491861599998	4.26488207963045	1101	35.4809716127616	52.217400707238
110	WGN39	31.7275005099998	4.26488207963044	1101	23.3592859627615	40.095715057238
111	WGN39	28.8220421699998	4.26488207963044	1101	20.4538276227615	37.190256717238
112	WGN39	36.1260945549997	4.26488207963044	1101	27.7578800077615	44.494309102238
113	WGN39	22.5610193999998	4.26488207963044	1101	14.1928048527615	30.929233947238
114	WGN39	31.1441213649998	4.26488207963044	1101	22.7759068177615	39.512335912238
115	WGN39	27.7101489999998	4.26488207963044	1101	19.3419344527615	36.078363547238
116	WGN39	23.5523788249998	4.26488207963044	1101	15.1841642777615	31.920593372238
117	WGN39	44.0493268299997	4.26488207963044	1101	35.6811122827615	52.417541377238
118	WGN39	28.2897473249998	4.26488207963044	1101	19.9215327777615	36.657961872238
120	WGN39	31.5297422499997	4.26488207963044	1101	23.1615277027615	39.897956797238
121	WGN39	30.9152980999998	4.26488207963044	1101	22.5470835527615	39.283512647238
122	WGN39	43.3952798199997	4.26488207963044	1101	35.0270652727615	51.763494367238
123	WGN39	49.8661422749997	4.26488207963044	1101	41.4979277277615	58.234356822238
124	WGN39	33.0863156749998	4.26488207963045	1101	24.7181011277615	41.454530222238
125	WGN39	27.9260502099998	4.26488207963044	1101	19.5578356627615	36.294264757238
126	WGN39	29.5996518749998	4.26488207963044	1101	21.2314373277616	37.967866422238
127	WGN39	35.7489031049997	4.26488207963044	1101	27.3806885577615	44.117117652238
128	WGN39	42.7525514249997	4.26488207963044	1101	34.3843368777615	51.120765972238
129	WGN39	48.1447135649998	4.26488207963044	1101	39.7764990177615	56.512928112238
130	WGN39	32.6180871049997	4.26488207963044	1101	24.2498725577615	40.9863016522379
1	WGN45	21.5274483250005	4.26488207963045	1101	13.1592337777623	29.8956628722387
2	WGN45	33.8102827149996	4.26488207963036	1101	25.4420681677615	42.1784972622376
3	WGN45	15.750432404302	6.03282222096918	1101	3.91330543858043	27.5875593700236
4	WGN45	18.8935395499994	4.26488207963045	1101	10.5253250027611	27.2617540972376
5	WGN45	39.3534506699998	4.26488207963043	1101	30.9852361227616	47.721665217238
6	WGN45	31.9474530949997	4.26488207963041	1101	23.5792385477615	40.3156676422378
7	WGN45	41.1197455649998	4.26488207963049	1101	32.7515310177615	49.4879601122382
8	WGN45	28.1318318100001	4.26488207963051	1101	19.7636172627618	36.5000463572385
9	WGN45	29.382429235	4.26488207963047	1101	21.0142146877617	37.7506437822382
10	WGN45	34.4367664500001	4.2648820796305	1101	26.0685519027618	42.8049809972385
11	WGN45	43.3947578849995	4.26488207963041	1101	35.0265433377613	51.7629724322377
12	WGN45	35.9376006949999	4.26488207963049	1101	27.5693861477615	44.3058152422382
13	WGN45	46.0059380099997	4.26488207963043	1101	37.6377234627615	54.374152557238
14	WGN45	28.1365101549999	4.26488207963046	1101	19.7682956077617	36.5047247022382
15	WGN45	30.5798640356973	6.03282222096917	1101	18.7427370699757	42.4169910014188
16	WGN45	29.0992203049998	4.26488207963041	1101	20.7310057577616	37.4674348522379
17	WGN45	40.5622435849999	4.26488207963047	1101	32.1940290377616	48.9304581322381
18	WGN45	32.7882290799997	4.26488207963038	1101	24.4200145327616	41.1564436272378
19	WGN45	39.8349571949999	4.26488207963046	1101	31.4667426477616	48.2031717422382
20	WGN45	32.6618548749994	4.26488207963037	1101	24.2936403277613	41.0300694222375
22	WGN45	31.4433360099997	4.26488207963043	1101	23.0751214627615	39.8115505572379
23	WGN45	43.8184990143019	6.0328222209692	1101	31.9813720485803	55.6556259800236
24	WGN45	40.6427545199997	4.26488207963048	1101	32.2745399727614	49.0109690672381
25	WGN45	39.2992090449993	4.26488207963036	1101	30.9309944977612	47.6674235922374
26	WGN45	24.74769054	4.26488207963051	1101	16.3794759927616	33.1159050872384
28	WGN45	46.6658191099998	4.26488207963045	1101	38.2976045627616	55.0340336572381
29	WGN45	28.4429071699997	4.26488207963043	1101	20.0746926227615	36.8111217172379
31	WGN45	34.6704381950003	4.2648820796305	1101	26.302223647762	43.0386527422387
32	WGN45	30.5466203399998	4.26488207963042	1101	22.1784057927616	38.914834887238
33	WGN45	4.64830308799985	4.26488207963044	1101	-3.71991145923837	13.0165176352381
34	WGN45	36.9406361850002	4.26488207963046	1101	28.5724216377619	45.3088507322384
35	WGN45	42.69378306	4.26488207963046	1101	34.3255685127617	51.0619976072383
36	WGN45	25.24388886	4.26488207963043	1101	16.8756743127618	33.6121034072382
37	WGN45	27.9918456349999	4.26488207963047	1101	19.6236310877616	36.3600601822382
38	WGN45	34.9850427299997	4.26488207963047	1101	26.6168281827615	43.353257277238
40	WGN45	36.7165390349996	4.26488207963041	1101	28.3483244877615	45.0847535822378
41	WGN45	31.3502402899998	4.26488207963046	1101	22.9820257427616	39.7184548372381
42	WGN45	43.3041656550003	4.26488207963049	1101	34.935951107762	51.6723802022387
43	WGN45	33.3701486899997	4.26488207963043	1101	25.0019341427614	41.7383632372379
44	WGN45	38.1244995749998	4.26488207963042	1101	29.7562850277616	46.492714122238
45	WGN45	29.7240704399997	4.26488207963044	1101	21.3558558927615	38.0922849872379
46	WGN45	39.479673054999	4.26488207963037	1101	31.1114585077609	47.8478876022371
47	WGN45	51.2239612556985	6.03282222096931	1101	39.3868342899767	63.0610882214204
48	WGN45	43.9876964049999	4.26488207963047	1101	35.6194818577616	52.3559109522382
49	WGN45	25.9335528599997	4.26488207963041	1101	17.5653383127616	34.3017674072379
50	WGN45	42.762919875	4.26488207963043	1101	34.3947053277618	51.1311344222382
52	WGN45	40.2823880849997	4.26488207963043	1101	31.9141735377615	48.6506026322379
53	WGN45	34.3355961499998	4.26488207963043	1101	25.9673816027616	42.703810697238
54	WGN45	8.76168838150011	4.26488207963044	1101	0.393473834261881	17.1299029287383
55	WGN45	18.6566821749998	4.26488207963046	1101	10.2884676277615	27.0248967222381
56	WGN45	33.1563604950001	4.26488207963048	1101	24.7881459477618	41.5245750422384
57	WGN45	13.9339534999999	4.26488207963042	1101	5.56573895276166	22.302168047238
58	WGN45	29.4631385749999	4.26488207963043	1101	21.0949240277617	37.8313531222381
59	WGN45	40.8677831949997	4.26488207963042	1101	32.4995686477615	49.2359977422379
60	WGN45	39.8104898943021	6.03282222096928	1101	27.9733629285803	51.6476168600239
61	WGN45	31.9812708549996	4.26488207963042	1101	23.6130563077615	40.3494854022378
62	WGN45	28.8455411449998	4.26488207963044	1101	20.4773265977616	37.213755692238
64	WGN45	35.4545382549997	4.26488207963042	1101	27.0863237077615	43.8227528022378
65	WGN45	33.8325333299998	4.26488207963045	1101	25.4643187827616	42.2007478772381
66	WGN45	47.6403351349995	4.2648820796304	1101	39.2721205877613	56.0085496822376
68	WGN45	38.90105551	4.26488207963047	1101	30.5328409627617	47.2692700572383
69	WGN45	37.9250475699999	4.26488207963045	1101	29.5568330227617	46.2932621172382
70	WGN45	23.2072748543019	6.03282222096921	1101	11.3701478885802	35.0444018200236
71	WGN45	35.8936790799997	4.26488207963043	1101	27.5254645327615	44.2618936272379
72	WGN45	25.1032097099999	4.26488207963041	1101	16.7349951627617	33.471424257238
73	WGN45	33.1223567543021	6.03282222096927	1101	21.2852297885803	44.9594837200238
74	WGN45	39.5332475049998	4.26488207963045	1101	31.1650329577615	47.901462052238
75	WGN45	34.4328639149998	4.26488207963043	1101	26.0646493677616	42.8010784622381
76	WGN45	26.23567459	4.26488207963046	1101	17.8674600427618	34.6038891372383
77	WGN45	41.3241527943021	6.03282222096927	1101	29.4870258285803	53.1612797600239
78	WGN45	31.5213595099998	4.26488207963043	1101	23.1531449627616	39.889574057238
80	WGN45	33.2757661999998	4.26488207963043	1101	24.9075516527616	41.643980747238
81	WGN45	37.5010564149998	4.26488207963044	1101	29.1328418677616	45.869270962238
82	WGN45	22.7362162399998	4.26488207963045	1101	14.3680016927616	31.1044307872381
84	WGN45	35.2495699799998	4.26488207963044	1101	26.8813554327616	43.6177845272381
85	WGN45	30.660836834302	6.03282222096927	1101	18.8237098685802	42.4979638000238
86	WGN45	29.9575613299998	4.26488207963041	1101	21.5893467827617	38.325775877238
87	WGN45	36.5803695299997	4.26488207963044	1101	28.2121549827615	44.948584077238
88	WGN45	38.2286209649998	4.26488207963043	1101	29.8604064177616	46.596835512238
89	WGN45	25.8654167699998	4.26488207963043	1101	17.4972022227616	34.233631317238
90	WGN45	42.9065060099997	4.26488207963043	1101	34.5382914627615	51.2747205572379
92	WGN45	43.8172215300001	4.26488207963046	1101	35.4490069827618	52.1854360772383
93	WGN45	43.0915493700001	4.26488207963046	1101	34.7233348227618	51.4597639172384
94	WGN45	27.0792318099998	4.26488207963044	1101	18.7110172627616	35.447446357238
95	WGN45	38.5236572899998	4.26488207963044	1101	30.1554427427616	46.891871837238
96	WGN45	44.161873365	4.26488207963046	1101	35.7936588177618	52.5300879122383
98	WGN45	30.2278753899997	4.26488207963042	1101	21.8596608427616	38.5960899372379
99	WGN45	39.8635454556977	6.03282222096925	1101	28.0264184899759	51.7006724214194
100	WGN45	33.9220562299998	4.26488207963043	1101	25.5538416827616	42.290270777238
101	WGN45	37.5679986749998	4.26488207963044	1101	29.1997841277616	45.936213222238
102	WGN45	22.3561125199998	4.26488207963043	1101	13.9878979727616	30.724327067238
103	WGN45	41.9108442443019	6.03282222096923	1101	30.0737172785802	53.7479712100236
104	WGN45	24.7970164799999	4.26488207963044	1101	16.4288019327616	33.1652310272381
105	WGN45	37.0947258799998	4.26488207963043	1101	28.7265113327616	45.462940427238
106	WGN45	40.5684025949997	4.26488207963043	1101	32.2001880477615	48.9366171422379
107	WGN45	44.4038761349998	4.26488207963043	1101	36.0356615877616	52.772090682238
108	WGN45	47.2271607749996	4.26488207963042	1101	38.8589462277614	55.5953753222377
109	WGN45	29.6157045999997	4.26488207963043	1101	21.2474900527615	37.9839191472379
110	WGN45	46.1687750949997	4.26488207963043	1101	37.8005605477615	54.5369896422379
111	WGN45	41.4805482499999	4.26488207963044	1101	33.1123337027617	49.8487627972381
112	WGN45	39.0396817749998	4.26488207963044	1101	30.6714672277616	47.407896322238
113	WGN45	30.439475514302	6.03282222096926	1101	18.6023485485803	42.2766024800238
114	WGN45	32.5068925199998	4.26488207963043	1101	24.1386779727615	40.875107067238
115	WGN45	40.9088747799998	4.26488207963043	1101	32.5406602327616	49.277089327238
116	WGN45	39.0399249599999	4.26488207963045	1101	30.6717104127617	47.4081395072382
117	WGN45	29.6982819149999	4.26488207963044	1101	21.3300673677616	38.0664964622381
118	WGN45	44.2810823756976	6.03282222096925	1101	32.4439554099759	56.1182093414194
119	WGN45	26.9800215199998	4.26488207963044	1101	18.6118069727616	35.3482360672381
120	WGN45	38.6362335649998	4.26488207963044	1101	30.2680190177616	47.004448112238
121	WGN45	35.8602983149998	4.26488207963043	1101	27.4920837677615	44.228512862238
122	WGN45	42.5116856399998	4.26488207963043	1101	34.1434710927616	50.879900187238
123	WGN45	35.0556617299998	4.26488207963044	1101	26.6874471827616	43.423876277238
124	WGN45	31.4951833099998	4.26488207963043	1101	23.1269687627616	39.863397857238
126	WGN45	34.7848025799998	4.26488207963043	1101	26.4165880327616	43.153017127238
127	WGN45	27.1775056099998	4.26488207963044	1101	18.8092910627616	35.5457201572381
128	WGN45	24.5627096849998	4.26488207963043	1101	16.1944951377616	32.930924232238
129	WGN45	37.6623591549998	4.26488207963044	1101	29.2941446077616	46.030573702238
130	WGN45	27.3775963756977	6.03282222096926	1101	15.5404694099759	39.2147233414194
1	WGN46	29.477184545001	4.26488207963042	1101	21.1089699977628	37.8453990922392
2	WGN46	28.6124294150001	4.26488207963044	1101	20.2442148677619	36.9806439622384
3	WGN46	30.3603923500001	4.26488207963051	1101	21.9921778027617	38.7286068972384
4	WGN46	35.0872876150002	4.26488207963043	1101	26.719073067762	43.4555021622384
6	WGN46	15.1745778056975	6.03282222096933	1101	3.33745083997555	27.0117047714194
7	WGN46	45.0401898199999	4.2648820796304	1101	36.6719752727617	53.408404367238
8	WGN46	40.1057849543021	6.03282222096921	1101	28.2686579885805	51.9429119200238
9	WGN46	30.1816339000001	4.26488207963046	1101	21.8134193527618	38.5498484472384
10	WGN46	38.4972359950002	4.26488207963043	1101	30.129021447762	46.8654505422384
11	WGN46	39.1955073450004	4.26488207963046	1101	30.8272927977622	47.5637218922387
12	WGN46	16.45934132	4.26488207963046	1101	8.09112677276173	24.8275558672383
13	WGN46	30.5092011250002	4.26488207963045	1101	22.1409865777619	38.8774156722384
14	WGN46	19.7566315500004	4.26488207963039	1101	11.3884170027623	28.1248460972386
15	WGN46	36.8235709999999	4.2648820796304	1101	28.4553564527617	45.191785547238
16	WGN46	33.1299214400002	4.26488207963043	1101	24.761706892762	41.4981359872385
17	WGN46	33.8891707700002	4.26488207963049	1101	25.5209562227619	42.2573853172386
18	WGN46	31.1588812700002	4.26488207963041	1101	22.790666722762	39.5270958172383
19	WGN46	33.8662248150001	4.26488207963048	1101	25.4980102677618	42.2344393622384
20	WGN46	36.333057965698	6.03282222096928	1101	24.4959309999762	48.1701849314198
21	WGN46	35.8667080143024	6.03282222096928	1101	24.0295810485806	47.7038349800242
22	WGN46	29.13291559	4.26488207963049	1101	20.7647010427617	37.5011301372384
23	WGN46	29.4678150350001	4.26488207963047	1101	21.0996004877618	37.8360295822384
24	WGN46	28.7068648300002	4.26488207963039	1101	20.3386502827621	37.0750793772383
25	WGN46	35.96620117	4.26488207963042	1101	27.5979866227619	44.3344157172382
26	WGN46	27.4590245050001	4.26488207963045	1101	19.0908099577618	35.8272390522383
27	WGN46	29.153878795698	6.03282222096928	1101	17.3167518299762	40.9910057614198
28	WGN46	22.1395519499999	4.26488207963048	1101	13.7713374027616	30.5077664972382
29	WGN46	33.8777478300001	4.26488207963048	1101	25.5095332827618	42.2459623772385
30	WGN46	38.6957476400002	4.26488207963045	1101	30.3275330927619	47.0639621872384
31	WGN46	39.22810291	4.26488207963042	1101	30.8598883627618	47.5963174572382
32	WGN46	48.95876847	4.26488207963042	1101	40.5905539227618	57.3269830172382
33	WGN46	37.9186009000002	4.26488207963045	1101	29.5503863527619	46.2868154472385
34	WGN46	34.7481393050002	4.26488207963047	1101	26.3799247577619	43.1163538522384
36	WGN46	35.8093540850002	4.26488207963047	1101	27.4411395377619	44.1775686322385
37	WGN46	45.8846448600002	4.26488207963045	1101	37.5164303127619	54.2528594072384
38	WGN46	34.0518809950002	4.26488207963048	1101	25.6836664477619	42.4200955422385
39	WGN46	12.9417129080002	4.26488207963042	1101	4.57349836076206	21.3099274552384
40	WGN46	28.5782059250001	4.26488207963044	1101	20.2099913777619	36.9464204722383
41	WGN46	32.0941711550001	4.26488207963042	1101	23.7259566077619	40.4623857022383
42	WGN46	17.4668898800003	4.2648820796304	1101	9.09867533276211	25.8351044272384
43	WGN46	46.00257401	4.26488207963043	1101	37.6343594627618	54.3707885572382
44	WGN46	30.5075219550001	4.26488207963046	1101	22.1393074077618	38.8757365022384
45	WGN46	20.896319165	4.26488207963046	1101	12.5281046177618	29.2645337122383
46	WGN46	36.07282225	4.26488207963041	1101	27.7046077027619	44.4410367972382
47	WGN46	26.0117136300001	4.26488207963044	1101	17.6434990827619	34.3799281772384
48	WGN46	42.0275569200002	4.26488207963047	1101	33.659342372762	50.3957714672385
49	WGN46	38.8809499450002	4.26488207963046	1101	30.512735397762	47.2491644922385
50	WGN46	36.9468400000002	4.26488207963046	1101	28.5786254527619	45.3150545472385
52	WGN46	20.5734850100002	4.26488207963042	1101	12.205270462762	28.9416995572384
53	WGN46	39.90635668	4.26488207963042	1101	31.5381421327618	48.2745712272382
54	WGN46	31.148949755	4.26488207963044	1101	22.7807352077618	39.5171643022383
55	WGN46	51.710550605698	6.03282222096928	1101	39.8734236399762	63.5476775714198
56	WGN46	41.0136857899998	4.26488207963041	1101	32.6454712427617	49.381900337238
57	WGN46	25.5404970700002	4.26488207963043	1101	17.172282522762	33.9087116172384
58	WGN46	32.9012908350002	4.26488207963043	1101	24.5330762877619	41.2695053822384
59	WGN46	33.2092822450001	4.26488207963042	1101	24.8410676977619	41.5774967922383
60	WGN46	29.7196656300001	4.26488207963048	1101	21.3514510827618	38.0878801772384
61	WGN46	42.6121940300001	4.26488207963043	1101	34.2439794827619	50.9804085772383
62	WGN46	36.0505699500001	4.26488207963043	1101	27.6823554027619	44.4187844972383
63	WGN46	36.5742553600001	4.26488207963042	1101	28.2060408127619	44.9424699072383
64	WGN46	22.3472926843023	6.03282222096926	1101	10.5101657185805	34.184419650024
65	WGN46	42.732001385	4.26488207963042	1101	34.3637868377618	51.1002159322382
66	WGN46	24.4631998050001	4.26488207963043	1101	16.0949852577619	32.8314143522383
67	WGN46	29.4579814800001	4.26488207963046	1101	21.0897669327618	37.8261960272384
68	WGN46	35.4044083950001	4.26488207963045	1101	27.0361938477619	43.7726229422384
69	WGN46	33.0439296000001	4.26488207963046	1101	24.6757150527618	41.4121441472384
70	WGN46	47.7899975100001	4.26488207963045	1101	39.4217829627619	56.1582120572384
71	WGN46	46.7283080950002	4.26488207963045	1101	38.3600935477619	55.0965226422384
72	WGN46	26.0990427400001	4.26488207963045	1101	17.7308281927619	34.4672572872384
73	WGN46	41.5498869600001	4.26488207963043	1101	33.1816724127619	49.9181015072383
74	WGN46	39.2452611750001	4.26488207963044	1101	30.8770466277619	47.6134757222383
75	WGN46	35.3700897750001	4.26488207963043	1101	27.0018752277619	43.7383043222383
76	WGN46	37.3537709450001	4.26488207963044	1101	28.9855563977619	45.7219854922384
78	WGN46	38.8418812700001	4.26488207963044	1101	30.4736667227618	47.2100958172383
79	WGN46	39.0051327800001	4.26488207963045	1101	30.6369182327619	47.3733473272384
80	WGN46	30.4036960300001	4.26488207963044	1101	22.0354814827619	38.7719105772383
81	WGN46	41.7210845800002	4.26488207963045	1101	33.3528700327619	50.0892991272384
82	WGN46	21.5594750856979	6.03282222096925	1101	9.72234811997613	33.3966020514196
83	WGN46	35.4502883250002	4.26488207963046	1101	27.0820737777619	43.8185028722384
84	WGN46	23.5931052900001	4.26488207963043	1101	15.2248907427619	31.9613198372383
85	WGN46	41.0852057349999	4.26488207963041	1101	32.7169911877617	49.453420282238
86	WGN46	44.830798595	4.26488207963043	1101	36.4625840477618	53.1990131422382
87	WGN46	35.97988496	4.26488207963042	1101	27.6116704127619	44.3480995072382
88	WGN46	24.1290352400001	4.26488207963045	1101	15.7608206927618	32.4972497872383
89	WGN46	38.0023012350001	4.26488207963045	1101	29.6340866877619	46.3705157822384
90	WGN46	25.7750363950001	4.26488207963042	1101	17.4068218477619	34.1432509422383
91	WGN46	33.0874412000001	4.26488207963044	1101	24.7192266527619	41.4556557472383
92	WGN46	36.0567477600001	4.26488207963045	1101	27.6885332127618	44.4249623072383
93	WGN46	32.8884323150001	4.26488207963043	1101	24.5202177677619	41.2566468622383
94	WGN46	39.1034557850001	4.26488207963043	1101	30.7352412377618	47.4716703322383
95	WGN46	42.0849820600001	4.26488207963045	1101	33.7167675127619	50.4531966072384
96	WGN46	31.9997349700001	4.26488207963043	1101	23.6315204227619	40.3679495172384
98	WGN46	36.16831087	4.26488207963043	1101	27.8000963227618	44.5365254172382
100	WGN46	34.8334351343023	6.03282222096927	1101	22.9963081685805	46.6705621000241
101	WGN46	37.1000640100001	4.26488207963044	1101	28.7318494627619	45.4682785572383
102	WGN46	41.456540995	4.26488207963043	1101	33.0883264477618	49.8247555422383
103	WGN46	37.5020495800001	4.26488207963044	1101	29.1338350327619	45.8702641272383
104	WGN46	45.9983543750001	4.26488207963044	1101	37.6301398277618	54.3665689222383
106	WGN46	34.3972476450001	4.26488207963045	1101	26.0290330977619	42.7654621922384
107	WGN46	24.8238829600001	4.26488207963044	1101	16.4556684127619	33.1920975072383
108	WGN46	40.2837512900002	4.26488207963045	1101	31.9155367427619	48.6519658372384
109	WGN46	31.9992472200001	4.26488207963044	1101	23.6310326727619	40.3674617672383
110	WGN46	41.3532065850001	4.26488207963044	1101	32.9849920377619	49.7214211322383
111	WGN46	32.5754969950001	4.26488207963044	1101	24.2072824477619	40.9437115422383
112	WGN46	43.2274835150002	4.26488207963045	1101	34.8592689677619	51.5956980622384
113	WGN46	31.3313263450001	4.26488207963045	1101	22.9631117977619	39.6995408922384
114	WGN46	25.9995855950001	4.26488207963044	1101	17.6313710477618	34.3678001422383
115	WGN46	34.4382657750001	4.26488207963044	1101	26.0700512277619	42.8064803222383
116	WGN46	30.3968589050001	4.26488207963045	1101	22.0286443577619	38.7650734522383
117	WGN46	30.9397663500001	4.26488207963045	1101	22.5715518027619	39.3079808972383
118	WGN46	34.2557112050001	4.26488207963044	1101	25.8874966577619	42.6239257522383
119	WGN46	36.3789580600001	4.26488207963044	1101	28.0107435127619	44.7471726072383
120	WGN46	48.9809023150001	4.26488207963044	1101	40.6126877677619	57.3491168622383
121	WGN46	29.7510658200001	4.26488207963044	1101	21.3828512727619	38.1192803672383
122	WGN46	27.2592263250001	4.26488207963044	1101	18.8910117777619	35.6274408722383
123	WGN46	33.4855149800001	4.26488207963044	1101	25.1173004327619	41.8537295272383
124	WGN46	19.4357147800001	4.26488207963044	1101	11.0675002327619	27.8039293272383
125	WGN46	24.1197718250001	4.26488207963044	1101	15.7515572777618	32.4879863722383
126	WGN46	32.8040849300001	4.26488207963044	1101	24.4358703827619	41.1722994772383
127	WGN46	42.7896169500001	4.26488207963044	1101	34.4214024027618	51.1578314972383
128	WGN46	40.4842752300001	4.26488207963044	1101	32.1160606827619	48.8524897772384
129	WGN46	38.0261843200001	4.26488207963044	1101	29.6579697727619	46.3943988672383
130	WGN46	31.9652077050001	4.26488207963044	1101	23.5969931577619	40.3334222522383
1	WGN55	36.8582804850002	4.26488207963044	1101	28.4900659377619	45.2264950322384
2	WGN55	34.5365064599998	4.26488207963045	1101	26.1682919127616	42.9047210072381
3	WGN55	41.1885656600001	4.26488207963039	1101	32.8203511127619	49.5567802072382
4	WGN55	46.4076955549998	4.26488207963043	1101	38.0394810077616	54.775910102238
5	WGN55	34.3165257649999	4.26488207963044	1101	25.9483112177617	42.6847403122381
6	WGN55	38.053029935	4.26488207963049	1101	29.6848153877617	46.4212444822384
7	WGN55	32.8759995849991	4.26488207963047	1101	24.5077850377609	41.2442141322374
8	WGN55	54.5367388949997	4.26488207963044	1101	46.1685243477615	62.904953442238
9	WGN55	42.1027797850001	4.26488207963045	1101	33.7345652377619	50.4709943322384
10	WGN55	34.7835266099998	4.26488207963049	1101	26.4153120627615	43.1517411572381
11	WGN55	29.4925039599996	4.26488207963047	1101	21.1242894127614	37.8607185072379
12	WGN55	27.0257829349999	4.26488207963041	1101	18.6575683877618	35.3939974822381
13	WGN55	31.51416842	4.26488207963047	1101	23.1459538727617	39.8823829672383
14	WGN55	37.2281530849998	4.26488207963043	1101	28.8599385377616	45.596367632238
15	WGN55	42.0168765200001	4.26488207963042	1101	33.6486619727619	50.3850910672383
16	WGN55	54.5125662899999	4.26488207963043	1101	46.1443517427617	62.8807808372381
17	WGN55	39.3415484299999	4.26488207963044	1101	30.9733338827616	47.7097629772381
18	WGN55	29.6863865000003	4.26488207963041	1101	21.3181719527621	38.0546010472384
19	WGN55	34.7160601750001	4.26488207963044	1101	26.3478456277619	43.0842747222383
20	WGN55	42.9536177700001	4.26488207963051	1101	34.5854032227617	51.3218323172385
21	WGN55	32.492415855	4.26488207963046	1101	24.1242013077617	40.8606304022383
22	WGN55	36.1997582949999	4.26488207963041	1101	27.8315437477618	44.5679728422381
23	WGN55	38.0789403799999	4.26488207963047	1101	29.7107258327616	46.4471549272382
24	WGN55	28.10432451	4.26488207963044	1101	19.7361099627618	36.4725390572382
25	WGN55	25.3706761649999	4.26488207963046	1101	17.0024616177616	33.7388907122381
26	WGN55	39.1172823399997	4.26488207963042	1101	30.7490677927615	47.4854968872379
27	WGN55	37.7698772199999	4.26488207963042	1101	29.4016626727617	46.1380917672381
28	WGN55	28.2871646300001	4.26488207963042	1101	19.918950082762	36.6553791772383
29	WGN55	33.841453145	4.26488207963041	1101	25.4732385977618	42.2096676922382
30	WGN55	46.9976154299998	4.26488207963043	1101	38.6294008827616	55.365829977238
31	WGN55	28.9332678600002	4.26488207963038	1101	20.5650533127621	37.3014824072383
32	WGN55	31.0616103549998	4.26488207963047	1101	22.6933958077616	39.4298249022381
33	WGN55	30.8521802149999	4.26488207963046	1101	22.4839656677617	39.2203947622382
34	WGN55	36.5238419449999	4.26488207963047	1101	28.1556273977616	44.8920564922382
35	WGN55	40.0273616649999	4.26488207963045	1101	31.6591471177617	48.3955762122382
36	WGN55	38.1954411599999	4.26488207963044	1101	29.8272266127617	46.5636557072381
37	WGN55	38.2268060649998	4.26488207963042	1101	29.8585915177616	46.595020612238
38	WGN55	20.8035652899997	4.26488207963048	1101	12.4353507427614	29.171779837238
40	WGN55	25.1098192200002	4.26488207963042	1101	16.741604672762	33.4780337672383
41	WGN55	40.7588593549999	4.26488207963045	1101	32.3906448077617	49.1270739022382
42	WGN55	32.02266152	4.26488207963041	1101	23.6544469727618	40.3908760672382
43	WGN55	39.14776181	4.26488207963045	1101	30.7795472627617	47.5159763572382
44	WGN55	48.4471317299998	4.26488207963042	1101	40.0789171827616	56.815346277238
45	WGN55	30.12581145	4.26488207963042	1101	21.7575969027618	38.4940259972382
46	WGN55	19.6702563956979	6.03282222096922	1101	7.83312942997626	31.5073833614196
47	WGN55	35.4511910849999	4.26488207963044	1101	27.0829765377617	43.8194056322382
48	WGN55	31.38566457	4.26488207963042	1101	23.0174500227618	39.7538791172382
49	WGN55	43.2504315099999	4.26488207963044	1101	34.8822169627617	51.6186460572381
50	WGN55	48.5817444949999	4.26488207963045	1101	40.2135299477617	56.9499590422381
52	WGN55	38.72510565	4.26488207963046	1101	30.3568911027617	47.0933201972382
53	WGN55	38.9816551149999	4.26488207963047	1101	30.6134405677617	47.3498696622382
54	WGN55	34.92610489	4.26488207963045	1101	26.5578903427618	43.2943194372383
55	WGN55	41.1707211599999	4.26488207963045	1101	32.8025066127617	49.5389357072382
56	WGN55	40.079026305	4.26488207963047	1101	31.7108117577617	48.4472408522383
57	WGN55	30.9623550743022	6.03282222096927	1101	19.1252281085804	42.799482040024
58	WGN55	43.854991835	4.26488207963047	1101	35.4867772877617	52.2232063822383
59	WGN55	38.3193594799998	4.26488207963043	1101	29.9511449327616	46.687574027238
60	WGN55	26.11727906	4.26488207963044	1101	17.7490645127618	34.4854936072382
61	WGN55	25.3054841049998	4.26488207963046	1101	16.9372695577616	33.6736986522381
62	WGN55	42.2424175743021	6.03282222096928	1101	30.4052906085803	54.0795445400239
63	WGN55	34.7635366499999	4.26488207963046	1101	26.3953221027617	43.1317511972382
64	WGN55	48.68352314	4.26488207963046	1101	40.3153085927617	57.0517376872383
65	WGN55	26.120194425	4.26488207963042	1101	17.7519798777618	34.4884089722382
66	WGN55	26.46746407	4.26488207963043	1101	18.0992495227618	34.8356786172382
67	WGN55	48.8909447956976	6.03282222096923	1101	37.0538178299759	60.7280717614193
68	WGN55	19.01033831	4.26488207963044	1101	10.6421237627617	27.3785528572382
69	WGN55	35.1068646149999	4.26488207963046	1101	26.7386500677616	43.4750791622381
70	WGN55	36.7450805399999	4.26488207963045	1101	28.3768659927617	45.1132950872382
71	WGN55	40.5459529549999	4.26488207963044	1101	32.1777384077617	48.9141675022381
72	WGN55	38.5069660849999	4.26488207963043	1101	30.1387515377617	46.8751806322381
73	WGN55	39.6683213299999	4.26488207963044	1101	31.3001067827617	48.0365358772381
74	WGN55	31.9306786400001	4.26488207963041	1101	23.5624640927619	40.2988931872382
75	WGN55	30.1515669149999	4.26488207963045	1101	21.7833523677616	38.5197814622381
76	WGN55	30.1798435049999	4.26488207963044	1101	21.8116289577617	38.5480580522381
77	WGN55	40.5108286156977	6.03282222096924	1101	28.673701649976	52.3479555814194
78	WGN55	27.6603500549999	4.26488207963045	1101	19.2921355077616	36.0285646022381
80	WGN55	42.6884150199999	4.26488207963043	1101	34.3202004727617	51.0566295672381
81	WGN55	34.7857172849999	4.26488207963044	1101	26.4175027377617	43.1539318322382
82	WGN55	36.3682035349999	4.26488207963043	1101	27.9999889877617	44.7364180822381
83	WGN55	39.3525343149999	4.26488207963044	1101	30.9843197677617	47.7207488622381
84	WGN55	29.6986483749999	4.26488207963044	1101	21.3304338277617	38.0668629222381
85	WGN55	31.7968994299999	4.26488207963046	1101	23.4286848827616	40.1651139772381
86	WGN55	26.3135510649999	4.26488207963045	1101	17.9453365177616	34.6817656122381
87	WGN55	32.8173524799999	4.26488207963044	1101	24.4491379327617	41.1855670272381
88	WGN55	39.2737556149999	4.26488207963044	1101	30.9055410677617	47.6419701622381
89	WGN55	43.0943643849999	4.26488207963043	1101	34.7261498377617	51.4625789322381
90	WGN55	39.4806524499999	4.26488207963043	1101	31.1124379027617	47.8488669972381
91	WGN55	43.8763291599999	4.26488207963044	1101	35.5081146127617	52.2445437072382
92	WGN55	58.3806728299999	4.26488207963044	1101	50.0124582827617	66.7488873772382
93	WGN55	40.1412033699999	4.26488207963044	1101	31.7729888227617	48.5094179172381
94	WGN55	41.6569963599999	4.26488207963045	1101	33.2887818127617	50.0252109072381
95	WGN55	34.2700013049999	4.26488207963043	1101	25.9017867577617	42.6382158522381
96	WGN55	32.1568138399999	4.26488207963043	1101	23.7885992927617	40.5250283872381
97	WGN55	33.6944120099999	4.26488207963044	1101	25.3261974627617	42.0626265572381
98	WGN55	47.8404346399998	4.26488207963043	1101	39.4722200927616	56.208649187238
99	WGN55	45.2227775999998	4.26488207963044	1101	36.8545630527616	53.5909921472381
100	WGN55	32.0578156799999	4.26488207963044	1101	23.6896011327617	40.4260302272381
101	WGN55	38.5628109349999	4.26488207963043	1101	30.1945963877617	46.9310254822381
102	WGN55	41.7550598499999	4.26488207963043	1101	33.3868453027617	50.1232743972381
103	WGN55	34.8885285649999	4.26488207963045	1101	26.5203140177617	43.2567431122382
104	WGN55	33.2030227456977	6.03282222096925	1101	21.365895779976	45.0401497114195
105	WGN55	37.2564713849999	4.26488207963044	1101	28.8882568377617	45.6246859322381
106	WGN55	38.6349787699999	4.26488207963044	1101	30.2667642227617	47.0031933172381
107	WGN55	44.835658735	4.26488207963045	1101	36.4674441877617	53.2038732822382
108	WGN55	42.6926780799999	4.26488207963044	1101	34.3244635327617	51.0608926272381
109	WGN55	40.7906086999999	4.26488207963044	1101	32.4223941527617	49.1588232472381
110	WGN55	42.3799730299999	4.26488207963043	1101	34.0117584827617	50.7481875772381
111	WGN55	33.3259453849999	4.26488207963044	1101	24.9577308377617	41.6941599322381
112	WGN55	28.6690062649999	4.26488207963044	1101	20.3007917177617	37.0372208122382
113	WGN55	37.6235953499999	4.26488207963044	1101	29.2553808027617	45.9918098972381
114	WGN55	26.5203253299999	4.26488207963044	1101	18.1521107827617	34.8885398772381
115	WGN55	38.4060170149999	4.26488207963045	1101	30.0378024677617	46.7742315622381
116	WGN55	24.7510110049999	4.26488207963045	1101	16.3827964577617	33.1192255522381
117	WGN55	34.2836469949999	4.26488207963043	1101	25.9154324477617	42.6518615422381
118	WGN55	50.9752803449999	4.26488207963044	1101	42.6070657977617	59.3434948922382
119	WGN55	43.3034259499999	4.26488207963044	1101	34.9352114027617	51.6716404972381
120	WGN55	36.1977501856977	6.03282222096925	1101	24.360623219976	48.0348771514195
121	WGN55	35.8415987799999	4.26488207963044	1101	27.4733842327617	44.2098133272381
122	WGN55	29.0071049349999	4.26488207963044	1101	20.6388903877617	37.3753194822381
123	WGN55	44.8846926199999	4.26488207963044	1101	36.5164780727617	53.2529071672381
124	WGN55	36.3591217299999	4.26488207963044	1101	27.9909071827617	44.7273362772381
125	WGN55	34.1155484799999	4.26488207963044	1101	25.7473339327617	42.4837630272381
126	WGN55	39.1476310949999	4.26488207963044	1101	30.7794165477617	47.5158456422381
128	WGN55	38.1704946399999	4.26488207963044	1101	29.8022800927617	46.5387091872382
129	WGN55	41.8192340449999	4.26488207963044	1101	33.4510194977617	50.1874485922381
130	WGN55	32.4675105499999	4.26488207963044	1101	24.0992960027617	40.8357250972381
1	WGN63	46.4304881699998	4.26488207963044	1101	38.0622736227616	54.798702717238
2	WGN63	23.3251357149999	4.26488207963047	1101	14.9569211677616	31.6933502622382
3	WGN63	24.3485265400004	4.26488207963044	1101	15.9803119927622	32.7167410872387
4	WGN63	31.2928800450002	4.26488207963042	1101	22.924665497762	39.6610945922384
5	WGN63	33.9819645249998	4.26488207963044	1101	25.6137499777615	42.350179072238
6	WGN63	31.0002159049999	4.26488207963045	1101	22.6320013577617	39.3684304522382
7	WGN63	33.7618219449999	4.26488207963042	1101	25.3936073977617	42.1300364922381
8	WGN63	42.3697226200001	4.26488207963044	1101	34.0015080727619	50.7379371672383
9	WGN63	34.2623298300001	4.26488207963047	1101	25.8941152827618	42.6305443772384
10	WGN63	27.4613961650001	4.26488207963043	1101	19.0931816177619	35.8296107122383
12	WGN63	17.8044580500004	4.26488207963042	1101	9.43624350276224	26.1726725972386
13	WGN63	40.3015466500002	4.26488207963041	1101	31.933332102762	48.6697611972383
14	WGN63	29.3565256156977	6.03282222096925	1101	17.519398649976	41.1936525814195
16	WGN63	26.6449687400002	4.26488207963043	1101	18.276754192762	35.0131832872384
17	WGN63	24.04996238	4.26488207963043	1101	15.6817478327618	32.4181769272382
18	WGN63	45.5931701399998	4.26488207963044	1101	37.2249555927616	53.9613846872381
19	WGN63	28.0123479199999	4.26488207963044	1101	19.6441333727617	36.3805624672381
20	WGN63	39.5340553599998	4.26488207963045	1101	31.1658408127616	47.9022699072381
21	WGN63	35.5981878949999	4.26488207963044	1101	27.2299733477617	43.9664024422381
22	WGN63	39.59095242	4.26488207963044	1101	31.2227378727617	47.9591669672382
23	WGN63	31.3566404049996	4.26488207963047	1101	22.9884258577613	39.7248549522379
24	WGN63	41.205056415	4.26488207963042	1101	32.8368418677618	49.5732709622382
25	WGN63	20.4324251899997	4.26488207963046	1101	12.0642106427615	28.800639737238
26	WGN63	30.1912110699999	4.26488207963045	1101	21.8229965227616	38.5594256172381
27	WGN63	39.9924711649999	4.26488207963045	1101	31.6242566177616	48.3606857122381
28	WGN63	30.1286977149999	4.26488207963045	1101	21.7604831677617	38.4969122622382
29	WGN63	33.9145287300001	4.26488207963044	1101	25.5463141827619	42.2827432772383
30	WGN63	35.8723551299999	4.26488207963044	1101	27.5041405827617	44.2405696772381
31	WGN63	29.90791038	4.26488207963045	1101	21.5396958327618	38.2761249272383
32	WGN63	30.5352323449998	4.26488207963046	1101	22.1670177977616	38.9034468922381
33	WGN63	27.7885033100001	4.26488207963043	1101	19.4202887627619	36.1567178572383
34	WGN63	37.6382161950001	4.26488207963043	1101	29.2700016477619	46.0064307422383
35	WGN63	30.9839944450001	4.26488207963043	1101	22.6157798977619	39.3522089922384
36	WGN63	35.0611409649999	4.26488207963045	1101	26.6929264177617	43.4293555122382
37	WGN63	33.62511655	4.26488207963044	1101	25.2569020027617	41.9933310972382
38	WGN63	17.5386828656976	6.03282222096925	1101	5.70155589997587	29.3758098314194
39	WGN63	28.4351699556977	6.03282222096927	1101	16.598042989976	40.2722969214195
40	WGN63	13.2686647600005	4.26488207963041	1101	4.90045021276236	21.6368793072387
41	WGN63	34.83385836	4.26488207963044	1101	26.4656438127618	43.2020729072382
42	WGN63	42.1960561249999	4.26488207963045	1101	33.8278415777617	50.5642706722382
43	WGN63	33.894515295	4.26488207963044	1101	25.5263007477618	42.2627298422382
44	WGN63	35.0767013556978	6.03282222096929	1101	23.239574389976	46.9138283214196
45	WGN63	37.2634754650001	4.26488207963041	1101	28.895260917762	45.6316900122383
46	WGN63	27.5350758949999	4.26488207963045	1101	19.1668613477616	35.9032904422381
47	WGN63	25.9853466300001	4.26488207963044	1101	17.6171320827618	34.3535611772383
48	WGN63	34.5879617850001	4.26488207963043	1101	26.2197472377619	42.9561763322383
49	WGN63	43.34191429	4.26488207963044	1101	34.9736997427618	51.7101288372382
50	WGN63	30.1813818556977	6.03282222096928	1101	18.3442548899759	42.0185088214195
51	WGN63	27.4458272549999	4.26488207963045	1101	19.0776127077617	35.8140418022382
52	WGN63	23.3352257599999	4.26488207963045	1101	14.9670112127617	31.7034403072382
53	WGN63	34.6991738849999	4.26488207963046	1101	26.3309593377616	43.0673884322382
54	WGN63	36.409062305	4.26488207963045	1101	28.0408477577617	44.7772768522382
55	WGN63	29.57338408	4.26488207963045	1101	21.2051695327617	37.9415986272382
56	WGN63	31.0046941200001	4.26488207963044	1101	22.6364795727619	39.3729086672383
57	WGN63	29.324814805	4.26488207963044	1101	20.9566002577618	37.6930293522383
58	WGN63	32.8819881050001	4.26488207963043	1101	24.5137735577619	41.2502026522383
59	WGN63	27.1413192299999	4.26488207963045	1101	18.7731046827617	35.5095337772382
60	WGN63	32.9686020850001	4.26488207963044	1101	24.6003875377618	41.3368166322383
61	WGN63	30.9393465349999	4.26488207963045	1101	22.5711319877617	39.3075610822382
62	WGN63	41.47673114	4.26488207963045	1101	33.1085165927617	49.8449456872382
63	WGN63	42.8470314743022	6.03282222096925	1101	31.0099045085804	54.6841584400239
64	WGN63	42.3261288950001	4.26488207963043	1101	33.9579143477618	50.6943434422383
65	WGN63	21.72827074	4.26488207963045	1101	13.3600561927618	30.0964852872383
66	WGN63	33.1711339150001	4.26488207963042	1101	24.8029193677619	41.5393484622383
67	WGN63	26.8890691400001	4.26488207963044	1101	18.5208545927619	35.2572836872384
68	WGN63	44.7328693443022	6.03282222096926	1101	32.8957423785805	56.569996310024
69	WGN63	41.0882451	4.26488207963044	1101	32.7200305527618	49.4564596472382
70	WGN63	29.3861882799999	4.26488207963045	1101	21.0179737327616	37.7544028272381
72	WGN63	27.5995505450001	4.26488207963044	1101	19.2313359977618	35.9677650922383
73	WGN63	29.3098581950001	4.26488207963044	1101	20.9416436477618	37.6780727422383
74	WGN63	17.2397285200002	4.26488207963043	1101	8.87151397276197	25.6079430672384
75	WGN63	34.2973247700001	4.26488207963044	1101	25.9291102227618	42.6655393172383
76	WGN63	35.3847454600001	4.26488207963044	1101	27.0165309127619	43.7529600072383
77	WGN63	33.8220361750001	4.26488207963043	1101	25.4538216277619	42.1902507222384
78	WGN63	28.81587018	4.26488207963045	1101	20.4476556327618	37.1840847272383
79	WGN63	32.3949821400001	4.26488207963044	1101	24.0267675927619	40.7631966872383
80	WGN63	33.211083575	4.26488207963044	1101	24.8428690277617	41.5792981222382
81	WGN63	32.5589735949999	4.26488207963046	1101	24.1907590477617	40.9271881422382
82	WGN63	31.5612359699999	4.26488207963046	1101	23.1930214227617	39.9294505172382
83	WGN63	25.640296435	4.26488207963045	1101	17.2720818877618	34.0085109822382
84	WGN63	33.0885471850001	4.26488207963044	1101	24.7203326377618	41.4567617322383
85	WGN63	25.93976962	4.26488207963044	1101	17.5715550727618	34.3079841672383
86	WGN63	30.1978198549999	4.26488207963045	1101	21.8296053077617	38.5660344022382
87	WGN63	32.01199901	4.26488207963045	1101	23.6437844627618	40.3802135572383
88	WGN63	30.34874773	4.26488207963044	1101	21.9805331827618	38.7169622772382
89	WGN63	30.848248545	4.26488207963044	1101	22.4800339977618	39.2164630922383
90	WGN63	18.2745908956979	6.03282222096926	1101	6.4374639299761	30.1117178614196
91	WGN63	29.86905438	4.26488207963044	1101	21.5008398327618	38.2372689272382
92	WGN63	27.96784628	4.26488207963045	1101	19.5996317327618	36.3360608272382
93	WGN63	39.3175277500001	4.26488207963045	1101	30.9493132027618	47.6857422972383
94	WGN63	22.90995571	4.26488207963045	1101	14.5417411627618	31.2781702572382
95	WGN63	20.1512254900001	4.26488207963045	1101	11.7830109427619	28.5194400372383
96	WGN63	27.2741454300001	4.26488207963044	1101	18.9059308827619	35.6423599772383
97	WGN63	23.5671723300001	4.26488207963044	1101	15.1989577827618	31.9353868772383
98	WGN63	23.0625269243022	6.03282222096926	1101	11.2253999585805	34.899653890024
99	WGN63	45.2635982243022	6.03282222096926	1101	33.4264712585804	57.1007251900239
100	WGN63	43.84035842	4.26488207963045	1101	35.4721438727618	52.2085729672383
101	WGN63	38.0138682643022	6.03282222096926	1101	26.1767412985804	49.850995230024
102	WGN63	40.29020134	4.26488207963045	1101	31.9219867927618	48.6584158872383
103	WGN63	32.4663125150001	4.26488207963044	1101	24.0980979677619	40.8345270622383
105	WGN63	28.227880105	4.26488207963044	1101	19.8596655577618	36.5960946522382
106	WGN63	34.29904007	4.26488207963044	1101	25.9308255227618	42.6672546172382
107	WGN63	21.601963475	4.26488207963044	1101	13.2337489277618	29.9701780222382
109	WGN63	12.798826395	4.26488207963044	1101	4.43061184776182	21.1670409422383
110	WGN63	24.5331679056978	6.03282222096926	1101	12.6960409399761	36.3702948714196
111	WGN63	29.369779875	4.26488207963045	1101	21.0015653277617	37.7379944222382
112	WGN63	29.093591795	4.26488207963044	1101	20.7253772477618	37.4618063422382
114	WGN63	34.122399515	4.26488207963044	1101	25.7541849677618	42.4906140622382
115	WGN63	23.2495897350001	4.26488207963044	1101	14.8813751877618	31.6178042822383
116	WGN63	29.60023369	4.26488207963044	1101	21.2320191427618	37.9684482372382
117	WGN63	31.973407635	4.26488207963044	1101	23.6051930877618	40.3416221822383
118	WGN63	28.68181538	4.26488207963044	1101	20.3136008327618	37.0500299272383
119	WGN63	35.4345139	4.26488207963044	1101	27.0662993527618	43.8027284472382
121	WGN63	34.33864417	4.26488207963044	1101	25.9704296227618	42.7068587172382
122	WGN63	57.396139225	4.26488207963044	1101	49.0279246777617	65.7643537722382
123	WGN63	20.38849669	4.26488207963044	1101	12.0202821427618	28.7567112372382
124	WGN63	33.06388085	4.26488207963044	1101	24.6956663027618	41.4320953972382
126	WGN63	44.634307965	4.26488207963044	1101	36.2660934177618	53.0025225122382
127	WGN63	36.78383252	4.26488207963044	1101	28.4156179727618	45.1520470672382
128	WGN63	31.711184155	4.26488207963044	1101	23.3429696077618	40.0793987022383
129	WGN63	25.274925935	4.26488207963044	1101	16.9067113877618	33.6431404822382
130	WGN63	27.913645805	4.26488207963044	1101	19.5454312577618	36.2818603522382
