plantID3	famID	emmean	SE	df	lower.CL	upper.CL
1	WGN07	34.5481696399921	4.8720011497819	1095	24.9886563910044	44.1076828889798
2	WGN07	52.2739194150066	4.87200114977926	1095	42.7144061660241	61.8334326639891
3	WGN07	38.83406165999	4.87200114977869	1095	29.2745484110086	48.3935749089714
4	WGN07	43.9929803149951	4.87200114977844	1095	34.4334670660142	53.5524935639759
5	WGN07	45.5388634049998	4.87200114977857	1095	35.9793501560187	55.098376653981
6	WGN07	40.3885182349995	4.87200114977865	1095	30.8290049860181	49.9480314839808
7	WGN07	47.0126326050003	4.87200114977871	1095	37.4531193560189	56.5721458539818
8	WGN07	44.424280895	4.87200114977876	1095	34.8647676460184	53.9837941439815
9	WGN07	48.3778414949997	4.87200114977875	1095	38.8183282460182	57.9373547439812
10	WGN07	45.6786408399996	4.87200114977866	1095	36.1191275910183	55.238154088981
11	WGN07	40.1689610550005	4.87200114977895	1095	30.6094478060187	49.7284743039824
12	WGN07	35.324440235	4.87200114977864	1095	25.7649269860187	44.8839534839812
13	WGN07	43.8572774599993	4.87200114977858	1095	34.2977642110181	53.4167907089805
14	WGN07	56.6074279099997	4.87200114977865	1095	47.0479146610184	66.166941158981
15	WGN07	34.5246629249997	4.8720011497786	1095	24.9651496760185	44.0841761739809
16	WGN07	51.5870700299994	4.87200114977869	1095	42.027556781018	61.1465832789807
17	WGN07	53.2207123299999	4.87200114977869	1095	43.6611990810185	62.7802255789813
18	WGN07	33.6663172099992	4.87200114977865	1095	24.1068039610179	43.2258304589806
20	WGN07	12.1574912999997	4.87200114977863	1095	2.59797805101844	21.717004548981
21	WGN07	46.7396558000002	4.87200114977868	1095	37.1801425510189	56.2991690489816
22	WGN07	56.091246654999	4.87200114977866	1095	46.5317334060177	65.6507599039804
23	WGN07	51.8916306500002	4.87200114977871	1095	42.3321174010187	61.4511438989816
24	WGN07	33.5557767799998	4.87200114977872	1095	23.9962635310183	43.1152900289812
25	WGN07	30.9391728950001	4.87200114977855	1095	21.379659646019	40.4986861439812
26	WGN07	41.8794218850001	4.87200114977862	1095	32.3199086360188	51.4389351339813
27	WGN07	43.794289015	4.87200114977881	1095	34.2347757660184	53.3538022639816
28	WGN07	51.1679213949998	4.87200114977872	1095	41.6084081460184	60.7274346439813
29	WGN07	37.8348005499997	4.8720011497787	1095	28.2752873010183	47.3943137989811
30	WGN07	43.3313595500001	4.8720011497788	1095	33.7718463010185	52.8908727989817
31	WGN07	36.9851762449989	4.87200114977874	1095	27.4256629960174	46.5446894939803
32	WGN07	45.7033460299998	4.87200114977862	1095	36.1438327810185	55.262859278981
33	WGN07	43.3018327349996	4.87200114977868	1095	33.7423194860183	52.861345983981
34	WGN07	39.3843784549999	4.87200114977862	1095	29.8248652060187	48.9438917039812
35	WGN07	46.9480963099996	4.87200114977859	1095	37.3885830610185	56.5076095589808
36	WGN07	21.3667012999993	4.87200114977868	1095	11.8071880510179	30.9262145489807
37	WGN07	30.2683664550001	4.87200114977871	1095	20.7088532060187	39.8278797039815
38	WGN07	36.1488984049998	4.87200114977862	1095	26.5893851560185	45.708411653981
39	WGN07	50.1376930699994	4.87200114977855	1095	40.5781798210183	59.6972063189805
40	WGN07	36.0317513499992	4.87200114977863	1095	26.4722381010179	45.5912645989805
41	WGN07	48.5552317599996	4.87200114977858	1095	38.9957185110184	58.1147450089807
42	WGN07	37.8320585599998	4.87200114977867	1095	28.2725453110184	47.3915718089811
44	WGN07	47.6819134699996	4.87200114977862	1095	38.1224002210184	57.2414267189809
46	WGN07	36.2827580699998	4.87200114977866	1095	26.7232448210185	45.8422713189811
47	WGN07	39.4463874049991	4.87200114977871	1095	29.8868741560177	49.0059006539805
48	WGN07	25.8185420449999	4.87200114977867	1095	16.2590287960185	35.3780552939812
49	WGN07	52.4278697249995	4.8720011497786	1095	42.8683564760183	61.9873829739807
50	WGN07	47.2295750049996	4.87200114977862	1095	37.6700617560184	56.7890882539809
51	WGN07	40.0867297196527	6.89162155822426	1095	26.5644530272913	53.6090064120142
52	WGN07	37.7174631699997	4.87200114977856	1095	28.1579499210185	47.2769764189808
53	WGN07	50.8082038099994	4.87200114977855	1095	41.2486905610183	60.3677170589805
54	WGN07	36.5116352403466	6.89162155822433	1095	22.989358547985	50.0339119327082
55	WGN07	42.567012425	4.87200114977863	1095	33.0074991760187	52.1265256739812
56	WGN07	31.5613251149999	4.87200114977865	1095	22.0018118660186	41.1208383639812
57	WGN07	49.3292886499995	4.87200114977862	1095	39.7697754010182	58.8888018989807
58	WGN07	38.0615033249998	4.87200114977862	1095	28.5019900760185	47.621016573981
59	WGN07	44.3718794699996	4.87200114977864	1095	34.8123662210184	53.9313927189809
60	WGN07	42.3498878049996	4.87200114977861	1095	32.7903745560183	51.9094010539808
61	WGN07	42.1404058549997	4.87200114977873	1095	32.5808926060182	51.6999191039812
63	WGN07	44.5770640850001	4.87200114977871	1095	35.0175508360187	54.1365773339815
64	WGN07	44.4203928799999	4.87200114977864	1095	34.8608796310186	53.9799061289812
66	WGN07	54.3586533299993	4.87200114977866	1095	44.799140081018	63.9181665789806
67	WGN07	34.3490566249994	4.87200114977866	1095	24.7895433760181	43.9085698739807
68	WGN07	47.0881255499996	4.87200114977865	1095	37.5286123010183	56.6476387989809
69	WGN07	44.0837375749996	4.87200114977857	1095	34.5242243260185	53.6432508239808
71	WGN07	40.9660378299998	4.87200114977866	1095	31.4065245810185	50.5255510789812
73	WGN07	53.2809967949998	4.87200114977858	1095	43.7214835460186	62.840510043981
74	WGN07	42.3482459899998	4.87200114977874	1095	32.7887327410183	51.9077592389813
75	WGN07	39.7515095249994	4.87200114977873	1095	30.191996276018	49.3110227739809
76	WGN07	47.6307266550005	4.87200114977876	1095	38.0712134060189	57.190239903982
77	WGN07	44.5767310500003	4.87200114977877	1095	35.0172178010188	54.1362442989819
78	WGN07	36.1885751799996	4.87200114977878	1095	26.629061931018	45.7480884289812
79	WGN07	38.9677356899997	4.87200114977865	1095	29.4082224410184	48.527248938981
80	WGN07	37.9367098450003	4.8720011497788	1095	28.3771965960187	47.4962230939819
81	WGN07	61.937472775	4.87200114977866	1095	52.3779595260187	71.4969860239813
82	WGN07	42.8902492900001	4.87200114977873	1095	33.3307360410186	52.4497625389815
83	WGN07	42.6211891349998	4.87200114977866	1095	33.0616758860184	52.1807023839811
84	WGN07	46.2228756449993	4.87200114977856	1095	36.6633623960182	55.7823888939804
85	WGN07	44.681439724999	4.87200114977859	1095	35.1219264760178	54.2409529739801
86	WGN07	37.1525486449992	4.87200114977859	1095	27.593035396018	46.7120618939804
87	WGN07	54.8096805249997	4.87200114977865	1095	45.2501672760184	64.369193773981
88	WGN07	54.8772977749999	4.87200114977868	1095	45.3177845260185	64.4368110239813
89	WGN07	38.3573962149995	4.87200114977876	1095	28.7978829660179	47.916909463981
90	WGN07	47.2106799099992	4.87200114977874	1095	37.6511666610177	56.7701931589807
91	WGN07	43.56863794	4.87200114977869	1095	34.0091246910186	53.1281511889814
92	WGN07	40.5908647499998	4.87200114977864	1095	31.0313515010185	50.1503779989811
93	WGN07	51.1695321649997	4.87200114977858	1095	41.6100189160185	60.7290454139809
94	WGN07	45.90828971	4.87200114977869	1095	36.3487764610186	55.4678029589814
95	WGN07	46.4132169749995	4.87200114977877	1095	36.8537037260179	55.972730223981
96	WGN07	22.1430263249996	4.87200114977867	1095	12.5835130760182	31.7025395739809
97	WGN07	47.5645454849997	4.87200114977861	1095	38.0050322360185	57.1240587339809
98	WGN07	48.0136079599995	4.87200114977864	1095	38.4540947110182	57.5731212089808
99	WGN07	38.6583601899999	4.87200114977863	1095	29.0988469410187	48.2178734389812
100	WGN07	50.5316067800001	4.87200114977872	1095	40.9720935310186	60.0911200289815
101	WGN07	40.408259605	4.8720011497786	1095	30.8487463560188	49.9677728539812
102	WGN07	39.0790029149996	4.87200114977861	1095	29.5194896660184	48.6385161639808
103	WGN07	39.4060288849997	4.87200114977861	1095	29.8465156360185	48.965542133981
104	WGN07	55.0011376049993	4.87200114977871	1095	45.4416243560179	64.5606508539807
105	WGN07	48.0244548549999	4.87200114977871	1095	38.4649416060184	57.5839681039813
106	WGN07	47.1445863349998	4.87200114977867	1095	37.5850730860184	56.7040995839811
107	WGN07	36.1174273349996	4.87200114977858	1095	26.5579140860184	45.6769405839807
108	WGN07	57.8414466299995	4.87200114977872	1095	48.2819333810181	67.400959878981
109	WGN07	27.1335482199996	4.87200114977863	1095	17.5740349710183	36.6930614689808
110	WGN07	46.8985451749996	4.87200114977859	1095	37.3390319260184	56.4580584239808
111	WGN07	41.52611183	4.87200114977869	1095	31.9665985810186	51.0856250789814
112	WGN07	35.574931965	4.87200114977869	1095	26.0154187160186	45.1344452139814
113	WGN07	50.5500785099991	4.87200114977857	1095	40.9905652610179	60.1095917589802
114	WGN07	32.1646083099992	4.87200114977861	1095	22.6050950610179	41.7241215589804
115	WGN07	47.5676985499997	4.87200114977872	1095	38.0081853010182	57.1272117989811
116	WGN07	57.4788423949996	4.87200114977865	1095	47.9193291460183	67.0383556439809
117	WGN07	40.6039979799997	4.87200114977857	1095	31.0444847310186	50.1635112289809
118	WGN07	40.51685261	4.87200114977872	1095	30.9573393610186	50.0763658589815
119	WGN07	50.2152788950001	4.87200114977872	1095	40.6557656460187	59.7747921439816
120	WGN07	46.2133749449996	4.87200114977859	1095	36.6538616960184	55.7728881939808
121	WGN07	51.2206016949997	4.8720011497786	1095	41.6610884460185	60.7801149439809
122	WGN07	31.3526889896529	6.89162155822446	1095	17.8304122972911	44.8749656820148
123	WGN07	48.2595063299999	4.87200114977872	1095	38.6999930810185	57.8190195789813
124	WGN07	49.5070201999996	4.87200114977874	1095	39.9475069510181	59.0665334489811
125	WGN07	46.9176552799996	4.87200114977868	1095	37.3581420310182	56.4771685289809
126	WGN07	41.2787498649995	4.87200114977864	1095	31.7192366160182	50.8382631139807
127	WGN07	52.4577097199995	4.87200114977862	1095	42.8981964710183	62.0172229689808
128	WGN07	39.5673758399999	4.87200114977871	1095	30.0078625910185	49.1268890889814
129	WGN07	43.7993169999997	4.87200114977869	1095	34.2398037510183	53.3588302489811
130	WGN07	50.1954355749995	4.87200114977861	1095	40.6359223260183	59.7549488239808
1	WGN15	33.711314824999	4.87200114977873	1095	24.1518015760175	43.2708280739804
2	WGN15	45.1551320950015	4.87200114977876	1095	35.5956188460199	54.714645343983
3	WGN15	58.9450955800002	4.87200114977865	1095	49.3855823310189	68.5046088289815
4	WGN15	50.7256258950008	4.87200114977863	1095	41.1661126460195	60.2851391439821
5	WGN15	41.873679360001	4.87200114977868	1095	32.3141661110196	51.4331926089824
7	WGN15	43.1214060850007	4.87200114977867	1095	33.5618928360193	52.680919333982
8	WGN15	43.0243777600004	4.87200114977853	1095	33.4648645110193	52.5838910089814
9	WGN15	46.9296542100007	4.87200114977867	1095	37.3701409610194	56.4891674589821
10	WGN15	51.1505925600001	4.87200114977858	1095	41.5910793110189	60.7101058089812
11	WGN15	44.3060868000005	4.87200114977859	1095	34.7465735510194	53.8656000489817
12	WGN15	43.5963313000007	4.87200114977864	1095	34.0368180510194	53.155844548982
13	WGN15	44.5344249650013	4.87200114977881	1095	34.9749117160196	54.0939382139829
14	WGN15	46.6590624600011	4.87200114977872	1095	37.0995492110196	56.2185757089825
15	WGN15	35.5389631050007	4.87200114977878	1095	25.9794498560191	45.0984763539823
16	WGN15	48.7721518600008	4.87200114977869	1095	39.2126386110194	58.3316651089822
17	WGN15	57.077842469654	6.8916215582244	1095	43.5555657772923	70.6001191620157
18	WGN15	52.3362354300013	4.87200114977871	1095	42.7767221810199	61.8957486789828
19	WGN15	30.570005650348	6.8916215582245	1095	17.047728957986	44.0922823427099
20	WGN15	46.0594826350011	4.87200114977873	1095	36.4999693860197	55.6189958839826
21	WGN15	46.4468226750008	4.87200114977863	1095	36.8873094260195	56.006335923982
22	WGN15	28.0048534850009	4.87200114977856	1095	18.4453402360198	37.564366733982
23	WGN15	44.1739949100008	4.87200114977868	1095	34.6144816610195	53.7335081589822
24	WGN15	16.108908469654	6.89162155822433	1095	2.58663177729242	29.6311851620156
25	WGN15	45.654981840001	4.87200114977872	1095	36.0954685910196	55.2144950889825
26	WGN15	52.849977975001	4.87200114977866	1095	43.2904647260197	62.4094912239823
27	WGN15	44.4178348050011	4.87200114977876	1095	34.8583215560196	53.9773480539827
28	WGN15	48.6966353800011	4.87200114977872	1095	39.1371221310197	58.2561486289826
29	WGN15	44.7464059050007	4.87200114977868	1095	35.1868926560194	54.3059191539821
30	WGN15	46.4539285650006	4.87200114977863	1095	36.8944153160194	56.0134418139819
31	WGN15	41.2108330696546	6.8916215582243	1095	27.688556377293	54.7331097620161
32	WGN15	46.352861840001	4.87200114977874	1095	36.7933485910196	55.9123750889825
33	WGN15	55.2773600400003	4.87200114977862	1095	45.717846791019	64.8368732889815
34	WGN15	39.9907169150001	4.87200114977865	1095	30.4312036660188	49.5502301639814
35	WGN15	62.5305574150007	4.87200114977869	1095	52.9710441660193	72.090070663982
36	WGN15	43.3714757600011	4.87200114977867	1095	33.8119625110197	52.9309890089824
37	WGN15	42.7530188100003	4.87200114977867	1095	33.193505561019	52.3125320589817
38	WGN15	42.4125109850016	4.87200114977879	1095	32.85299773602	51.9720242339832
39	WGN15	39.2018794550009	4.87200114977859	1095	29.6423662060197	48.7613927039821
40	WGN15	48.3375666200005	4.87200114977859	1095	38.7780533710193	57.8970798689817
41	WGN15	41.4661285300006	4.87200114977855	1095	31.9066152810195	51.0256417789817
43	WGN15	41.6717466850008	4.87200114977862	1095	32.1122334360196	51.2312599339821
44	WGN15	53.3519377800009	4.87200114977866	1095	43.7924245310195	62.9114510289822
45	WGN15	33.4509829550008	4.87200114977869	1095	23.8914697060194	43.0104962039822
46	WGN15	44.7897931450003	4.87200114977867	1095	35.230279896019	54.3493063939817
47	WGN15	45.3168309900006	4.87200114977864	1095	35.7573177410193	54.8763442389819
48	WGN15	40.7198299400008	4.87200114977863	1095	31.1603166910195	50.2793431889821
50	WGN15	40.2069915800001	4.87200114977856	1095	30.647478331019	49.7665048289813
51	WGN15	44.5401176650005	4.87200114977865	1095	34.9806044160192	54.0996309139818
52	WGN15	41.1627831200008	4.87200114977868	1095	31.6032698710194	50.7222963689822
53	WGN15	39.305554985001	4.87200114977872	1095	29.7460417360195	48.8650682339824
54	WGN15	54.3426471196529	6.89162155822439	1095	40.8203704272912	67.8649238120147
55	WGN15	46.8651257150007	4.87200114977862	1095	37.3056124660194	56.4246389639819
56	WGN15	39.6071564800009	4.87200114977876	1095	30.0476432310194	49.1666697289824
57	WGN15	46.5488493500009	4.8720011497786	1095	36.9893361010197	56.1083625989822
58	WGN15	62.5219431850008	4.87200114977862	1095	52.9624299360195	72.081456433982
59	WGN15	47.6546903550013	4.87200114977875	1095	38.0951771060198	57.2142036039828
60	WGN15	31.4930191700012	4.87200114977858	1095	21.93350592102	41.0525324189823
61	WGN15	35.5811122100005	4.8720011497787	1095	26.0215989610191	45.1406254589819
62	WGN15	41.2117764950008	4.8720011497787	1095	31.6522632460194	50.7712897439822
63	WGN15	39.2601270650005	4.87200114977864	1095	29.7006138160192	48.8196403139818
64	WGN15	43.079482030001	4.8720011497787	1095	33.5199687810195	52.6389952789824
65	WGN15	50.6360935150008	4.87200114977865	1095	41.0765802660195	60.1956067639821
66	WGN15	41.6589059650009	4.87200114977865	1095	32.0993927160196	51.2184192139822
67	WGN15	55.6971942350008	4.87200114977867	1095	46.1376809860194	65.2567074839821
69	WGN15	42.9984348100005	4.87200114977868	1095	33.4389215610191	52.5579480589818
70	WGN15	41.5302513450012	4.87200114977868	1095	31.9707380960199	51.0897645939826
71	WGN15	46.996140360001	4.87200114977873	1095	37.4366271110196	56.5556536089825
72	WGN15	43.5201758596548	6.89162155822446	1095	29.9978991672929	57.0424525520166
73	WGN15	47.6258387500012	4.87200114977867	1095	38.0663255010198	57.1853519989825
74	WGN15	37.9600352850009	4.87200114977874	1095	28.4005220360194	47.5195485339824
75	WGN15	41.8130981396541	6.89162155822444	1095	28.2908214472923	55.3353748320159
77	WGN15	38.2369978900005	4.87200114977868	1095	28.6774846410191	47.7965111389819
78	WGN15	52.1190398950011	4.87200114977867	1095	42.5595266460198	61.6785531439825
79	WGN15	45.3954551200009	4.87200114977869	1095	35.8359418710196	54.9549683689823
80	WGN15	51.7760125350007	4.87200114977859	1095	42.2164992860195	61.3355257839819
81	WGN15	44.3946576800007	4.87200114977863	1095	34.8351444310194	53.954170928982
82	WGN15	47.6147470400009	4.8720011497786	1095	38.0552337910197	57.1742602889821
83	WGN15	59.8520109050008	4.87200114977862	1095	50.2924976560196	69.4115241539821
84	WGN15	44.9985899350009	4.8720011497786	1095	35.4390766860197	54.5581031839821
85	WGN15	46.7175114650009	4.87200114977872	1095	37.1579982160194	56.2770247139823
86	WGN15	54.4756372350007	4.87200114977866	1095	44.9161239860193	64.035150483982
87	WGN15	40.5879800350008	4.87200114977859	1095	31.0284667860196	50.147493283982
88	WGN15	51.8897392300003	4.87200114977853	1095	42.3302259810193	61.4492524789814
89	WGN15	52.7419517700007	4.87200114977864	1095	43.1824385210194	62.301465018982
90	WGN15	34.4800239900006	4.8720011497786	1095	24.9205107410194	44.0395372389819
91	WGN15	46.9985271950002	4.87200114977866	1095	37.4390139460189	56.5580404439815
92	WGN15	32.8433953100009	4.87200114977862	1095	23.2838820610196	42.4029085589821
93	WGN15	37.3118308300008	4.87200114977869	1095	27.7523175810194	46.8713440789822
94	WGN15	61.9124501700004	4.87200114977861	1095	52.3529369210192	71.4719634189817
95	WGN15	36.5644449200008	4.87200114977864	1095	27.0049316710195	46.1239581689821
96	WGN15	47.6437160100009	4.87200114977866	1095	38.0842027610196	57.2032292589823
97	WGN15	47.8623757700009	4.8720011497787	1095	38.3028625210195	57.4218890189823
98	WGN15	36.3411237600009	4.87200114977868	1095	26.7816105110196	45.9006370089823
99	WGN15	46.3081854100008	4.87200114977863	1095	36.7486721610195	55.8676986589821
100	WGN15	47.069716950001	4.87200114977867	1095	37.5102037010196	56.6292301989824
101	WGN15	48.3330872300006	4.87200114977866	1095	38.7735739810193	57.8926004789819
102	WGN15	44.2662385600005	4.87200114977866	1095	34.7067253110192	53.8257518089818
103	WGN15	39.3859184400008	4.87200114977867	1095	29.8264051910195	48.9454316889822
104	WGN15	39.9536608350008	4.87200114977868	1095	30.3941475860194	49.5131740839822
106	WGN15	46.1890357700008	4.8720011497787	1095	36.6295225210194	55.7485490189822
107	WGN15	39.0095131550007	4.87200114977863	1095	29.4499999060194	48.569026403982
108	WGN15	35.4773989200004	4.87200114977866	1095	25.9178856710191	45.0369121689817
109	WGN15	36.5610179600007	4.87200114977869	1095	27.0015047110193	46.1205312089821
110	WGN15	43.5316546550009	4.87200114977869	1095	33.9721414060195	53.0911679039823
111	WGN15	37.3876358050006	4.87200114977865	1095	27.8281225560193	46.947149053982
112	WGN15	43.0343135000006	4.87200114977866	1095	33.4748002510193	52.593826748982
113	WGN15	32.6987988500004	4.87200114977878	1095	23.1392856010188	42.2583120989819
114	WGN15	39.6370034500007	4.87200114977865	1095	30.0774902010194	49.1965166989821
115	WGN15	50.8026829650006	4.87200114977864	1095	41.2431697160193	60.3621962139819
116	WGN15	44.5132208600009	4.87200114977869	1095	34.9537076110195	54.0727341089823
117	WGN15	58.7404851050011	4.87200114977874	1095	49.1809718560197	68.2999983539826
118	WGN15	38.1713589000007	4.87200114977863	1095	28.6118456510194	47.730872148982
119	WGN15	38.8080827400008	4.87200114977867	1095	29.2485694910194	48.3675959889821
120	WGN15	40.7288972400008	4.87200114977866	1095	31.1693839910195	50.2884104889822
121	WGN15	46.286319855001	4.87200114977871	1095	36.7268066060196	55.8458331039824
122	WGN15	42.5286945200008	4.87200114977868	1095	32.9691812710194	52.0882077689821
123	WGN15	49.031211070001	4.87200114977868	1095	39.4716978210196	58.5907243189823
124	WGN15	52.280740985001	4.8720011497787	1095	42.7212277360196	61.8402542339824
125	WGN15	38.2910409150012	4.87200114977859	1095	28.73152766602	47.8505541639824
126	WGN15	34.7558035500009	4.87200114977861	1095	25.1962903010196	44.3153167989821
127	WGN15	52.546179890001	4.87200114977866	1095	42.9866666410197	62.1056931389823
128	WGN15	50.4681050350009	4.8720011497787	1095	40.9085917860195	60.0276182839823
129	WGN15	44.0017027000006	4.87200114977865	1095	34.4421894510193	53.5612159489819
130	WGN15	49.0392897950006	4.87200114977863	1095	39.4797765460194	58.5988030439819
3	WGN26	43.7479211149997	4.87200114977871	1095	34.1884078660183	53.3074343639812
4	WGN26	37.16468244	4.87200114977863	1095	27.6051691910187	46.7241956889813
5	WGN26	51.4615123499983	4.87200114977857	1095	41.9019991010171	61.0210255989794
6	WGN26	47.9251106249998	4.87200114977871	1095	38.3655973760183	57.4846238739812
7	WGN26	45.0412106649992	4.87200114977862	1095	35.481697416018	54.6007239139805
9	WGN26	41.7861057850002	4.87200114977873	1095	32.2265925360187	51.3456190339816
10	WGN26	36.2504447399994	4.87200114977869	1095	26.690931491018	45.8099579889808
11	WGN26	42.421973679653	6.89162155822443	1095	28.8996969872912	55.9442503720148
12	WGN26	38.5860742049994	4.87200114977865	1095	29.0265609560181	48.1455874539808
13	WGN26	47.4066417599995	4.87200114977865	1095	37.8471285110182	56.9661550089808
14	WGN26	35.5458926999995	4.87200114977868	1095	25.9863794510181	45.1054059489809
15	WGN26	51.0236681999989	4.87200114977865	1095	41.4641549510176	60.5831814489802
17	WGN26	51.8794678249988	4.8720011497786	1095	42.3199545760176	61.43898107398
18	WGN26	58.0761525196535	6.89162155822446	1095	44.5538758272917	71.5984292120154
19	WGN26	49.1352296803466	6.89162155822447	1095	35.6129529879848	62.6575063727085
20	WGN26	41.4589646496528	6.8916215582243	1095	27.9366879572913	54.9812413420144
21	WGN26	51.7505802949993	4.87200114977864	1095	42.191067046018	61.3100935439806
22	WGN26	49.2799039199996	4.87200114977872	1095	39.7203906710182	58.8394171689811
23	WGN26	50.6839007000006	4.87200114977879	1095	41.124387451019	60.2434139489821
25	WGN26	45.5892060999995	4.87200114977863	1095	36.0296928510182	55.1487193489807
26	WGN26	29.9484798649999	4.87200114977861	1095	20.3889666160186	39.5079931139811
27	WGN26	30.2885493449998	4.87200114977874	1095	20.7290360960183	39.8480625939813
28	WGN26	42.1040039400002	4.87200114977875	1095	32.5444906910187	51.6635171889817
29	WGN26	18.988356229999	4.8720011497787	1095	9.42884298101762	28.5478694789804
30	WGN26	48.7509283599998	4.87200114977873	1095	39.1914151110183	58.3104416089813
31	WGN26	44.5571468249997	4.87200114977875	1095	34.9976335760182	54.1166600739812
32	WGN26	43.6098055899998	4.87200114977872	1095	34.0502923410184	53.1693188389813
33	WGN26	43.204700139653	6.89162155822442	1095	29.6824234472913	56.7269768320148
34	WGN26	34.9579082999992	4.87200114977855	1095	25.3983950510181	44.5174215489803
35	WGN26	39.4737370649998	4.87200114977866	1095	29.9142238160185	49.0332503139811
36	WGN26	42.4051848499995	4.87200114977862	1095	32.8456716010183	51.9646980989808
38	WGN26	35.7768695199997	4.87200114977866	1095	26.2173562710184	45.336382768981
39	WGN26	33.9094955049995	4.87200114977874	1095	24.349982256018	43.469008753981
40	WGN26	33.0283370799994	4.87200114977868	1095	23.468823831018	42.5878503289807
41	WGN26	37.1076013303466	6.89162155822432	1095	23.585324637985	50.6298780227081
42	WGN26	43.6824026749995	4.87200114977865	1095	34.1228894260182	53.2419159239808
43	WGN26	51.5701296149994	4.87200114977868	1095	42.0106163660181	61.1296428639808
44	WGN26	44.772332624999	4.87200114977859	1095	35.2128193760178	54.3318458739802
45	WGN26	49.5273213499997	4.87200114977868	1095	39.9678081010183	59.0868345989811
46	WGN26	44.4943472099995	4.87200114977868	1095	34.9348339610181	54.0538604589809
47	WGN26	53.2089897899995	4.87200114977868	1095	43.6494765410181	62.7685030389808
48	WGN26	42.2787491499994	4.87200114977865	1095	32.7192359010181	51.8382623989807
49	WGN26	51.1163272749999	4.87200114977869	1095	41.5568140260185	60.6758405239812
50	WGN26	39.8091053399993	4.87200114977863	1095	30.249592091018	49.3686185889805
51	WGN26	32.0998194649998	4.87200114977867	1095	22.5403062160185	41.6593327139812
52	WGN26	55.7713997600004	4.87200114977876	1095	46.2118865110189	65.330913008982
53	WGN26	50.2048535149993	4.87200114977867	1095	40.645340266018	59.7643667639807
54	WGN26	46.5377897799993	4.87200114977863	1095	36.978276531018	56.0973030289806
55	WGN26	55.5603053003461	6.89162155822432	1095	42.0380286079845	69.0825819927076
56	WGN26	52.8708553149998	4.8720011497787	1095	43.3113420660183	62.4303685639812
57	WGN26	53.4011511949991	4.87200114977862	1095	43.8416379460179	62.9606644439804
58	WGN26	39.3150097099995	4.87200114977867	1095	29.7554964610181	48.8745229589808
59	WGN26	66.2797847303452	6.89162155822426	1095	52.7575080379838	79.8020614227066
60	WGN26	48.9811026849997	4.87200114977868	1095	39.4215894360183	58.540615933981
61	WGN26	48.0730555949997	4.87200114977867	1095	38.5135423460183	57.632568843981
62	WGN26	40.0433071199995	4.87200114977865	1095	30.4837938710182	49.6028203689808
64	WGN26	47.7531241099994	4.87200114977863	1095	38.1936108610181	57.3126373589807
65	WGN26	37.8792365349998	4.87200114977871	1095	28.3197232860184	47.4387497839812
66	WGN26	49.2837005199994	4.87200114977863	1095	39.7241872710181	58.8432137689807
67	WGN26	40.9438595199994	4.87200114977863	1095	31.3843462710182	50.5033727689807
68	WGN26	51.7054728899995	4.87200114977867	1095	42.1459596410182	61.2649861389809
69	WGN26	44.0534188649995	4.87200114977864	1095	34.4939056160183	53.6129321139808
70	WGN26	37.1207322899993	4.87200114977864	1095	27.561219041018	46.6802455389806
71	WGN26	42.5845925199996	4.87200114977864	1095	33.0250792710183	52.1441057689809
73	WGN26	43.9429977599995	4.87200114977863	1095	34.3834845110183	53.5025110089808
74	WGN26	40.5135838749996	4.87200114977865	1095	30.9540706260183	50.0730971239809
75	WGN26	30.4399563099994	4.87200114977868	1095	20.8804430610181	39.9994695589808
76	WGN26	60.3265703399988	4.87200114977864	1095	50.7670570910175	69.8860835889801
77	WGN26	51.4640101603459	6.89162155822438	1095	37.9417334679842	64.9862868527076
78	WGN26	29.5655808549998	4.87200114977874	1095	20.0060676060183	39.1250941039813
79	WGN26	35.8908476596529	6.89162155822426	1095	22.3685709672914	49.4131243520143
80	WGN26	49.4553129299996	4.87200114977863	1095	39.8957996810183	59.0148261789808
81	WGN26	56.6606000699994	4.87200114977864	1095	47.1010868210181	66.2201133189807
82	WGN26	49.1960282799995	4.87200114977871	1095	39.6365150310181	58.7555415289809
83	WGN26	42.9938023999993	4.87200114977859	1095	33.4342891510181	52.5533156489805
85	WGN26	33.1536194503462	6.89162155822449	1095	19.6313427579843	46.6758961427081
86	WGN26	17.6470369203466	6.89162155822436	1095	4.12476022798498	31.1693136127083
87	WGN26	41.7908847349996	4.87200114977868	1095	32.2313714860182	51.350397983981
88	WGN26	40.0054162199996	4.87200114977863	1095	30.4459029710183	49.5649294689808
89	WGN26	42.8079286499996	4.87200114977867	1095	33.2484154010183	52.367441898981
90	WGN26	44.6505544999998	4.87200114977868	1095	35.0910412510185	54.2100677489812
91	WGN26	34.5971733349996	4.87200114977865	1095	25.0376600860183	44.1566865839809
92	WGN26	22.7484446949995	4.87200114977868	1095	13.1889314460182	32.3079579439809
93	WGN26	38.0687598599996	4.8720011497787	1095	28.5092466110182	47.628273108981
94	WGN26	33.0286691499999	4.8720011497786	1095	23.4691559010187	42.5881823989812
95	WGN26	47.7123275749995	4.87200114977868	1095	38.1528143260182	57.2718408239809
96	WGN26	23.7873649199996	4.8720011497787	1095	14.2278516710182	33.346878168981
97	WGN26	31.7202478099996	4.87200114977865	1095	22.1607345610183	41.2797610589809
98	WGN26	32.4593232349996	4.8720011497786	1095	22.8998099860183	42.0188364839808
99	WGN26	48.1954198849997	4.87200114977867	1095	38.6359066360183	57.754933133981
101	WGN26	43.2898112549999	4.87200114977871	1095	33.7302980060184	52.8493245039813
102	WGN26	33.1057418849995	4.87200114977867	1095	23.5462286360182	42.6652551339809
103	WGN26	23.0025126549993	4.87200114977865	1095	13.442999406018	32.5620259039806
104	WGN26	48.1419139399995	4.87200114977866	1095	38.5824006910182	57.7014271889809
105	WGN26	56.1633554449994	4.87200114977862	1095	46.6038421960182	65.7228686939807
106	WGN26	48.2083277099996	4.87200114977863	1095	38.6488144610183	57.7678409589809
108	WGN26	37.2277445999997	4.87200114977869	1095	27.6682313510183	46.7872578489811
109	WGN26	47.2668739249996	4.87200114977869	1095	37.7073606760182	56.826387173981
111	WGN26	51.6777630849997	4.87200114977867	1095	42.1182498360183	61.237276333981
112	WGN26	51.5140766549995	4.87200114977865	1095	41.9545634060182	61.0735899039808
113	WGN26	24.5003259499996	4.87200114977862	1095	14.9408127010183	34.0598391989808
115	WGN26	35.0773709849995	4.87200114977867	1095	25.5178577360181	44.6368842339808
116	WGN26	37.4806398349996	4.87200114977867	1095	27.9211265860182	47.0401530839809
117	WGN26	44.6495895703462	6.89162155822437	1095	31.1273128779846	58.1718662627079
118	WGN26	44.6664261849995	4.87200114977867	1095	35.1069129360181	54.2259394339808
119	WGN26	58.6285094796526	6.89162155822435	1095	45.106232787291	72.1507861720142
121	WGN26	44.0185116599997	4.87200114977866	1095	34.4589984110183	53.578024908981
122	WGN26	45.4948361699997	4.87200114977865	1095	35.9353229210184	55.054349418981
123	WGN26	44.3056068949995	4.87200114977868	1095	34.7460936460181	53.8651201439809
125	WGN26	45.0724503849996	4.87200114977869	1095	35.5129371360182	54.631963633981
127	WGN26	37.0871546649996	4.87200114977866	1095	27.5276414160183	46.6466679139809
128	WGN26	53.0510449049998	4.87200114977873	1095	43.4915316560184	62.6105581539813
129	WGN26	49.8173996996529	6.89162155822434	1095	36.2951230072912	63.3396763920145
130	WGN26	33.8828087500006	4.87200114977879	1095	24.323295501019	43.4423219989822
1	WGN36	45.3792816650011	4.87200114977832	1095	35.8197684160205	54.9387949139818
2	WGN36	46.4125108499995	4.87200114977868	1095	36.8529976010182	55.9720240989809
4	WGN36	40.6388535549995	4.87200114977871	1095	31.0793403060181	50.1983668039809
5	WGN36	37.0186085449992	4.87200114977871	1095	27.4590952960178	46.5781217939806
6	WGN36	39.8304686099995	4.87200114977871	1095	30.2709553610181	49.3899818589809
7	WGN36	50.2257271699995	4.87200114977862	1095	40.6662139210182	59.7852404189807
8	WGN36	45.2154949949997	4.87200114977875	1095	35.6559817460182	54.7750082439812
9	WGN36	41.2692568796526	6.89162155822453	1095	27.7469801872906	54.7915335720146
10	WGN36	53.0765509799995	4.8720011497787	1095	43.5170377310181	62.6360642289809
11	WGN36	41.5558158149994	4.8720011497787	1095	31.996302566018	51.1153290639808
12	WGN36	52.2131445596527	6.89162155822434	1095	38.6908678672911	65.7354212520143
13	WGN36	54.9100923299996	4.87200114977869	1095	45.3505790810182	64.469605578981
14	WGN36	42.7718365399994	4.8720011497787	1095	33.212323291018	52.3313497889808
15	WGN36	45.9114095649994	4.87200114977863	1095	36.3518963160181	55.4709228139806
16	WGN36	39.7505064549992	4.87200114977866	1095	30.1909932060179	49.3100197039805
17	WGN36	44.0476450799993	4.87200114977871	1095	34.4881318310178	53.6071583289807
18	WGN36	27.6450648249999	4.87200114977858	1095	18.0855515760187	37.2045780739811
19	WGN36	37.9778619699993	4.87200114977867	1095	28.418348721018	47.5373752189807
20	WGN36	37.5698561849996	4.87200114977868	1095	28.0103429360182	47.129369433981
21	WGN36	45.8934132399995	4.87200114977869	1095	36.3338999910181	55.4529264889809
22	WGN36	55.4470176349995	4.87200114977865	1095	45.8875043860182	65.0065308839808
23	WGN36	44.4235526299996	4.87200114977869	1095	34.8640393810182	53.9830658789809
24	WGN36	57.7401276299998	4.87200114977873	1095	48.1806143810184	67.2996408789813
26	WGN36	48.6333798749993	4.87200114977871	1095	39.0738666260179	58.1928931239808
27	WGN36	32.1645882449998	4.87200114977862	1095	22.6050749960185	41.724101493981
28	WGN36	48.4781712199991	4.8720011497786	1095	38.9186579710179	58.0376844689803
30	WGN36	39.7435231299997	4.87200114977861	1095	30.1840098810185	49.3030363789809
31	WGN36	35.2415302899995	4.87200114977865	1095	25.6820170410182	44.8010435389808
32	WGN36	39.8490221699993	4.87200114977861	1095	30.2895089210181	49.4085354189806
33	WGN36	36.7646050999996	4.87200114977865	1095	27.2050918510183	46.3241183489809
34	WGN36	46.2643316749995	4.87200114977869	1095	36.7048184260181	55.8238449239809
35	WGN36	31.7691094949989	4.87200114977874	1095	22.2095962460175	41.3286227439804
36	WGN36	29.6249353349993	4.87200114977867	1095	20.065422086018	39.1844485839807
37	WGN36	30.2009192996535	6.89162155822427	1095	16.6786426072921	43.723195992015
38	WGN36	23.2074704996533	6.89162155822425	1095	9.68519380729191	36.7297471920148
39	WGN36	43.4006680049995	4.87200114977857	1095	33.8411547560184	52.9601812539807
40	WGN36	52.6705587849992	4.8720011497786	1095	43.1110455360179	62.2300720339804
41	WGN36	46.9158612299994	4.87200114977875	1095	37.3563479810179	56.4753744789809
42	WGN36	35.8955280599993	4.87200114977873	1095	26.3360148110178	45.4550413089808
43	WGN36	44.3766690849998	4.87200114977865	1095	34.8171558360184	53.9361823339811
44	WGN36	42.5110627049996	4.87200114977863	1095	32.9515494560184	52.0705759539809
45	WGN36	35.9934285749994	4.87200114977869	1095	26.433915326018	45.5529418239808
46	WGN36	41.5454819949993	4.87200114977868	1095	31.985968746018	51.1049952439807
47	WGN36	28.8316992899995	4.87200114977866	1095	19.2721860410182	38.3912125389809
48	WGN36	38.7779068899994	4.87200114977872	1095	29.2183936410179	48.3374201389808
49	WGN36	55.1083168499991	4.8720011497786	1095	45.5488036010179	64.6678300989803
51	WGN36	52.1112218799996	4.87200114977867	1095	42.5517086310182	61.6707351289809
52	WGN36	45.9015480999994	4.87200114977869	1095	36.3420348510181	55.4610613489808
53	WGN36	48.6242947549997	4.87200114977875	1095	39.0647815060182	58.1838080039812
54	WGN36	39.8112632399994	4.87200114977871	1095	30.251749991018	49.3707764889808
55	WGN36	44.1184427799995	4.87200114977865	1095	34.5589295310182	53.6779560289808
56	WGN36	37.5977842499994	4.87200114977871	1095	28.038271001018	47.1572974989808
57	WGN36	44.4433489999995	4.87200114977859	1095	34.8838357510183	54.0028622489807
58	WGN36	47.1703116999995	4.87200114977859	1095	37.6107984510183	56.7298249489807
59	WGN36	53.2639405699997	4.87200114977872	1095	43.7044273210183	62.8234538189812
60	WGN36	28.4633902939995	4.87200114977865	1095	18.9038770450182	38.0229035429808
62	WGN36	39.6706794649994	4.87200114977867	1095	30.1111662160181	49.2301927139808
64	WGN36	43.5650300599994	4.87200114977871	1095	34.005516811018	53.1245433089809
65	WGN36	50.3526348099993	4.87200114977862	1095	40.7931215610181	59.9121480589806
66	WGN36	47.1995860749994	4.87200114977862	1095	37.6400728260181	56.7590993239807
68	WGN36	28.5156391199997	4.87200114977861	1095	18.9561258710185	38.075152368981
69	WGN36	41.8683209399995	4.87200114977864	1095	32.3088076910182	51.4278341889808
70	WGN36	38.6247522149996	4.87200114977861	1095	29.0652389660184	48.1842654639809
71	WGN36	49.1102146299996	4.87200114977866	1095	39.5507013810182	58.6697278789809
72	WGN36	25.6271752399991	4.87200114977869	1095	16.0676619910177	35.1866884889805
74	WGN36	29.3224976749998	4.87200114977862	1095	19.7629844260185	38.882010923981
75	WGN36	38.7597390649996	4.87200114977865	1095	29.2002258160183	48.3192523139809
76	WGN36	48.8147088799995	4.87200114977865	1095	39.2551956310181	58.3742221289808
77	WGN36	47.8167561049995	4.87200114977871	1095	38.2572428560181	57.376269353981
78	WGN36	37.9430647499996	4.87200114977865	1095	28.3835515010182	47.5025779989809
79	WGN36	39.0001042699994	4.8720011497787	1095	29.440591021018	48.5596175189808
80	WGN36	41.3657771249995	4.87200114977866	1095	31.8062638760181	50.9252903739808
81	WGN36	52.4796050449994	4.87200114977864	1095	42.9200917960181	62.0391182939807
82	WGN36	42.4923574749995	4.87200114977866	1095	32.9328442260182	52.0518707239808
83	WGN36	35.9884748399996	4.87200114977866	1095	26.4289615910183	45.5479880889809
84	WGN36	49.0819754649995	4.87200114977866	1095	39.5224622160181	58.6414887139808
85	WGN36	40.6806748749995	4.87200114977867	1095	31.1211616260182	50.2401881239809
86	WGN36	38.2592358649995	4.87200114977868	1095	28.6997226160181	47.8187491139809
87	WGN36	31.3366359099994	4.87200114977869	1095	21.777122661018	40.8961491589808
88	WGN36	52.0532077649995	4.87200114977867	1095	42.4936945160182	61.6127210139808
89	WGN36	48.8004162599995	4.87200114977868	1095	39.2409030110182	58.3599295089809
90	WGN36	18.7695969249999	4.87200114977863	1095	9.21008367601863	28.3291101739812
92	WGN36	40.0643259099995	4.87200114977867	1095	30.5048126610181	49.6238391589808
93	WGN36	29.8226429449995	4.87200114977865	1095	20.2631296960182	39.3821561939808
94	WGN36	55.0085920449994	4.87200114977866	1095	45.4490787960181	64.5681052939807
95	WGN36	50.7666759049994	4.87200114977867	1095	41.207162656018	60.3261891539807
96	WGN36	36.7331574899996	4.8720011497786	1095	27.1736442410183	46.2926707389808
97	WGN36	50.4209330299994	4.87200114977863	1095	40.8614197810181	59.9804462789807
98	WGN36	50.3823249999995	4.87200114977865	1095	40.8228117510182	59.9418382489808
99	WGN36	22.3659900496529	6.89162155822436	1095	8.84371335729121	35.8882667420145
100	WGN36	55.9575037199995	4.87200114977866	1095	46.3979904710181	65.5170169689808
102	WGN36	41.8284203049995	4.87200114977868	1095	32.2689070560181	51.3879335539808
104	WGN36	41.8376925399995	4.87200114977862	1095	32.2781792910183	51.3972057889808
105	WGN36	47.2033962996529	6.89162155822437	1095	33.6811196072912	60.7256729920146
106	WGN36	37.8913555299995	4.87200114977866	1095	28.3318422810182	47.4508687789809
107	WGN36	28.5702406999995	4.87200114977866	1095	19.0107274510182	38.1297539489809
108	WGN36	31.6783405699994	4.87200114977866	1095	22.1188273210181	41.2378538189807
109	WGN36	52.8027328699995	4.87200114977864	1095	43.2432196210182	62.3622461189808
110	WGN36	57.0658469899995	4.87200114977865	1095	47.5063337410182	66.6253602389808
112	WGN36	28.4106611549993	4.87200114977868	1095	18.8511479060179	37.9701744039807
114	WGN36	31.6283550649996	4.87200114977864	1095	22.0688418160183	41.1878683139809
116	WGN36	34.2043120699995	4.87200114977867	1095	24.6447988210181	43.7638253189808
117	WGN36	45.2234382049995	4.87200114977868	1095	35.6639249560181	54.7829514539808
118	WGN36	46.6512325249996	4.87200114977868	1095	37.0917192760182	56.2107457739809
119	WGN36	47.3755333499995	4.87200114977866	1095	37.8160201010181	56.9350465989808
120	WGN36	59.0416504249995	4.87200114977867	1095	49.4821371760181	68.6011636739808
121	WGN36	35.0713784299995	4.87200114977866	1095	25.5118651810182	44.6308916789809
122	WGN36	39.7521451999995	4.87200114977866	1095	30.1926319510182	49.3116584489809
123	WGN36	46.5331259849996	4.87200114977868	1095	36.9736127360182	56.0926392339809
124	WGN36	42.8977505299994	4.8720011497787	1095	33.338237281018	52.4572637789808
125	WGN36	55.6993577849994	4.87200114977865	1095	46.1398445360181	65.2588710339807
126	WGN36	53.8903212049995	4.87200114977865	1095	44.3308079560182	63.4498344539808
127	WGN36	39.6542882399995	4.87200114977867	1095	30.0947749910182	49.2138014889809
128	WGN36	43.1620927399995	4.87200114977864	1095	33.6025794910182	52.7216059889808
129	WGN36	21.5881042099995	4.87200114977865	1095	12.0285909610182	31.1476174589808
130	WGN36	43.6368558749994	4.87200114977869	1095	34.0773426260181	53.1963691239808
1	WGN38	44.9146598750032	4.87200114977901	1095	35.3551466260212	54.4741731239852
2	WGN38	27.9143676950007	4.87200114977863	1095	18.3548544460194	37.473880943982
3	WGN38	40.9213104250005	4.87200114977875	1095	31.361797176019	50.480823673982
4	WGN38	41.4216837350007	4.87200114977868	1095	31.8621704860193	50.981196983982
5	WGN38	45.6818924050007	4.8720011497786	1095	36.1223791560195	55.2414056539819
6	WGN38	40.341271249654	6.8916215582243	1095	26.8189945572925	53.8635479420155
7	WGN38	33.1800833800007	4.87200114977871	1095	23.6205701310193	42.7395966289821
8	WGN38	32.6287538550008	4.87200114977859	1095	23.0692406060196	42.188267103982
10	WGN38	42.6712565300005	4.87200114977862	1095	33.1117432810193	52.2307697789818
11	WGN38	40.8517338100006	4.87200114977865	1095	31.2922205610192	50.4112470589819
12	WGN38	59.9638010996546	6.89162155822449	1095	46.4415244072927	73.4860777920165
13	WGN38	37.9771588300005	4.87200114977861	1095	28.4176455810192	47.5366720789817
14	WGN38	36.4365012400005	4.87200114977877	1095	26.8769879910189	45.996014488982
16	WGN38	37.7599305700004	4.87200114977867	1095	28.200417321019	47.3194438189817
18	WGN38	35.1333906950006	4.87200114977863	1095	25.5738774460193	44.6929039439819
19	WGN38	23.3207490050009	4.87200114977862	1095	13.7612357560196	32.8802622539821
20	WGN38	39.0739618050004	4.87200114977866	1095	29.5144485560191	48.6334750539817
21	WGN38	37.0498197100007	4.87200114977866	1095	27.4903064610194	46.609332958982
22	WGN38	42.0899358900009	4.87200114977863	1095	32.5304226410196	51.6494491389821
23	WGN38	32.1093715550009	4.8720011497786	1095	22.5498583060197	41.6688848039821
24	WGN38	29.6324477900015	4.87200114977854	1095	20.0729345410204	39.1919610389826
26	WGN38	40.861633765001	4.87200114977858	1095	31.3021205160198	50.4211470139821
27	WGN38	31.2776129750007	4.87200114977863	1095	21.7180997260194	40.8371262239819
28	WGN38	43.7096010650008	4.8720011497787	1095	34.1500878160194	53.2691143139822
29	WGN38	41.4917741950008	4.87200114977867	1095	31.9322609460194	51.0512874439821
30	WGN38	40.1338805550008	4.87200114977862	1095	30.5743673060196	49.6933938039821
32	WGN38	47.0315366800006	4.8720011497786	1095	37.4720234310194	56.5910499289818
33	WGN38	33.9888855550007	4.87200114977865	1095	24.4293723060194	43.548398803982
34	WGN38	41.8275248850006	4.87200114977864	1095	32.2680116360193	51.3870381339818
35	WGN38	35.1221535400009	4.87200114977862	1095	25.5626402910197	44.6816667889822
36	WGN38	35.5690188450004	4.87200114977873	1095	26.0095055960189	45.1285320939819
37	WGN38	35.1705244350009	4.8720011497786	1095	25.6110111860197	44.7300376839821
38	WGN38	46.5255475200006	4.87200114977865	1095	36.9660342710193	56.0850607689819
39	WGN38	36.0458426250003	4.87200114977871	1095	26.4863293760189	45.6053558739817
40	WGN38	36.8561720200009	4.87200114977864	1095	27.2966587710196	46.4156852689822
41	WGN38	42.9859306250007	4.87200114977863	1095	33.4264173760195	52.545443873982
42	WGN38	27.6743309650008	4.87200114977863	1095	18.1148177160195	37.2338442139821
45	WGN38	41.7337139550004	4.87200114977869	1095	32.174200706019	51.2932272039818
46	WGN38	44.8273017250007	4.87200114977861	1095	35.2677884760194	54.3868149739819
47	WGN38	45.6955562300007	4.87200114977861	1095	36.1360429810195	55.255069478982
48	WGN38	46.0104573100007	4.87200114977862	1095	36.4509440610194	55.569970558982
49	WGN38	32.5577572400009	4.87200114977861	1095	22.9982439910197	42.1172704889822
50	WGN38	43.1421102350007	4.87200114977863	1095	33.5825969860194	52.701623483982
51	WGN38	49.4174260200008	4.87200114977867	1095	39.8579127710194	58.9769392689821
52	WGN38	28.4303783050004	4.87200114977867	1095	18.8708650560191	37.9898915539818
53	WGN38	38.0308035900006	4.8720011497787	1095	28.4712903410192	47.590316838982
54	WGN38	31.5645221600007	4.87200114977865	1095	22.0050089110194	41.124035408982
55	WGN38	25.2199458700007	4.87200114977864	1095	15.6604326210194	34.779459118982
56	WGN38	31.7418841700007	4.87200114977863	1095	22.1823709210194	41.301397418982
59	WGN38	54.7315297100006	4.87200114977867	1095	45.1720164610192	64.2910429589819
61	WGN38	37.5135660000007	4.87200114977862	1095	27.9540527510194	47.073079248982
63	WGN38	44.8764037800007	4.87200114977867	1095	35.3168905310193	54.435917028982
64	WGN38	23.8933662000004	4.87200114977869	1095	14.333852951019	33.4528794489818
65	WGN38	34.8661476150007	4.87200114977868	1095	25.3066343660193	44.425660863982
66	WGN38	38.3441236050005	4.87200114977871	1095	28.784610356019	47.9036368539819
67	WGN38	49.1338827200006	4.87200114977868	1095	39.5743694710192	58.693395968982
68	WGN38	33.4818066800006	4.87200114977866	1095	23.9222934310192	43.0413199289819
69	WGN38	33.6369923450008	4.87200114977865	1095	24.0774790960195	43.1965055939821
70	WGN38	29.9491781500004	4.8720011497787	1095	20.389664901019	39.5086913989818
72	WGN38	41.9482708750006	4.8720011497787	1095	32.3887576260192	51.507784123982
73	WGN38	44.9891861500007	4.87200114977861	1095	35.4296729010195	54.5486993989819
74	WGN38	39.9765946400007	4.87200114977866	1095	30.4170813910193	49.536107888982
76	WGN38	42.6542197900007	4.87200114977865	1095	33.0947065410194	52.213733038982
77	WGN38	48.5353661650008	4.87200114977867	1095	38.9758529160194	58.0948794139821
78	WGN38	39.3374197350006	4.87200114977867	1095	29.7779064860192	48.8969329839819
80	WGN38	43.7278453100006	4.87200114977864	1095	34.1683320610193	53.2873585589819
81	WGN38	22.5499993200008	4.87200114977865	1095	12.9904860710195	32.1095125689821
82	WGN38	39.3354827150006	4.87200114977866	1095	29.7759694660193	48.894995963982
83	WGN38	52.1107634196539	6.89162155822436	1095	38.5884867272923	65.6330401120155
84	WGN38	44.0500990300007	4.87200114977866	1095	34.4905857810193	53.609612278982
85	WGN38	49.4474674150007	4.87200114977865	1095	39.8879541660193	59.006980663982
86	WGN38	40.6063283400007	4.87200114977866	1095	31.0468150910193	50.165841588982
87	WGN38	34.4993554050006	4.87200114977866	1095	24.9398421560193	44.058868653982
88	WGN38	32.4549982050007	4.87200114977865	1095	22.8954849560194	42.014511453982
89	WGN38	38.6338209000007	4.87200114977866	1095	29.0743076510193	48.193334148982
90	WGN38	46.1227411000007	4.87200114977865	1095	36.5632278510193	55.682254348982
91	WGN38	35.9419680350006	4.87200114977867	1095	26.3824547860193	45.501481283982
92	WGN38	55.0392578700007	4.87200114977866	1095	45.4797446210193	64.598771118982
93	WGN38	41.7085083450007	4.87200114977867	1095	32.1489950960193	51.268021593982
94	WGN38	34.2146491550007	4.87200114977866	1095	24.6551359060194	43.774162403982
95	WGN38	36.7296754300007	4.87200114977866	1095	27.1701621810194	46.289188678982
96	WGN38	31.9921628650007	4.87200114977866	1095	22.4326496160194	41.551676113982
97	WGN38	36.9639530900007	4.87200114977865	1095	27.4044398410194	46.523466338982
98	WGN38	46.4109232450007	4.87200114977866	1095	36.8514099960194	55.970436493982
99	WGN38	40.0872687200007	4.87200114977866	1095	30.5277554710193	49.646781968982
100	WGN38	37.9435408300007	4.87200114977866	1095	28.3840275810193	47.503054078982
101	WGN38	40.6673340300006	4.87200114977867	1095	31.1078207810193	50.226847278982
102	WGN38	39.9707166250007	4.87200114977864	1095	30.4112033760194	49.530229873982
103	WGN38	44.1977133700007	4.87200114977868	1095	34.6382001210193	53.757226618982
104	WGN38	53.0410661200006	4.87200114977864	1095	43.4815528710193	62.6005793689819
106	WGN38	61.0196372296539	6.89162155822434	1095	47.4973605372923	74.5419139220155
107	WGN38	43.5613725800007	4.87200114977866	1095	34.0018593310193	53.120885828982
108	WGN38	41.0801433903474	6.89162155822436	1095	27.5578666979858	54.6024200827091
109	WGN38	35.5064095103474	6.89162155822437	1095	21.9841328179857	49.0286862027091
110	WGN38	48.7443501650007	4.87200114977865	1095	39.1848369160194	58.303863413982
111	WGN38	37.6773284050006	4.87200114977867	1095	28.1178151560193	47.236841653982
112	WGN38	43.890063099654	6.89162155822434	1095	30.3677864072923	57.4123397920156
113	WGN38	40.6863831350007	4.87200114977866	1095	31.1268698860193	50.245896383982
114	WGN38	34.5805175000007	4.87200114977866	1095	25.0210042510193	44.140030748982
115	WGN38	42.8806686500007	4.87200114977866	1095	33.3211554010194	52.440181898982
1	WGN39	38.5605278200004	4.87200114977875	1095	29.0010145710188	48.1200410689819
2	WGN39	40.2745481850007	4.87200114977869	1095	30.7150349360193	49.8340614339821
3	WGN39	30.4014315800003	4.87200114977873	1095	20.8419183310188	39.9609448289818
4	WGN39	57.1788846950001	4.87200114977859	1095	47.6193714460189	66.7383979439813
5	WGN39	42.7387153300001	4.87200114977858	1095	33.1792020810189	52.2982285789813
6	WGN39	53.058348915	4.87200114977864	1095	43.4988356660187	62.6178621639813
7	WGN39	48.6847972100003	4.8720011497786	1095	39.1252839610191	58.2443104589815
8	WGN39	46.7398427300003	4.8720011497786	1095	37.1803294810191	56.2993559789815
9	WGN39	57.2853256150003	4.87200114977863	1095	47.725812366019	66.8448388639815
10	WGN39	32.1052992050007	4.87200114977858	1095	22.5457859560195	41.6648124539818
11	WGN39	62.0388369500004	4.87200114977866	1095	52.4793237010191	71.5983501989817
12	WGN39	63.8538165000003	4.87200114977865	1095	54.294303251019	73.4133297489816
13	WGN39	36.1909591000003	4.87200114977865	1095	26.631445851019	45.7504723489816
14	WGN39	18.4578968500004	4.8720011497787	1095	8.89838360101895	28.0174100989818
15	WGN39	57.0817501700001	4.87200114977863	1095	47.5222369210189	66.6412634189814
16	WGN39	47.0108987000007	4.87200114977864	1095	37.4513854510194	56.570411948982
17	WGN39	50.8781743350009	4.87200114977873	1095	41.3186610860194	60.4376875839823
18	WGN39	58.05018772	4.8720011497786	1095	48.4906744710188	67.6097009689812
19	WGN39	60.3730387150004	4.87200114977865	1095	50.8135254660191	69.9325519639817
20	WGN39	53.9345657400005	4.87200114977868	1095	44.3750524910191	63.4940789889819
21	WGN39	43.9874632100004	4.87200114977866	1095	34.427949961019	53.5469764589817
22	WGN39	62.5303176096533	6.89162155822436	1095	49.0080409172917	76.0525943020149
24	WGN39	63.8938756650006	4.87200114977867	1095	54.3343624160192	73.4533889139819
25	WGN39	51.0765974350003	4.87200114977861	1095	41.5170841860191	60.6361106839816
26	WGN39	38.6570622350005	4.87200114977862	1095	29.0975489860193	48.2165754839818
27	WGN39	38.3909944500005	4.87200114977869	1095	28.8314812010191	47.9505076989818
28	WGN39	62.3317056149998	4.8720011497786	1095	52.7721923660186	71.891218863981
29	WGN39	49.4788477000004	4.87200114977868	1095	39.919334451019	59.0383609489818
30	WGN39	39.8929333100005	4.87200114977864	1095	30.3334200610192	49.4524465589818
31	WGN39	43.5948398050007	4.87200114977875	1095	34.0353265560192	53.1543530539822
32	WGN39	48.6608723850006	4.87200114977869	1095	39.1013591360192	58.220385633982
34	WGN39	51.111800180001	4.87200114977876	1095	41.5522869310195	60.6713134289826
35	WGN39	47.2272475200003	4.8720011497786	1095	37.667734271019	56.7867607689815
36	WGN39	46.1659507700004	4.87200114977864	1095	36.6064375210192	55.7254640189817
37	WGN39	39.8955754350004	4.87200114977866	1095	30.3360621860191	49.4550886839817
38	WGN39	54.3394603396545	6.8916215582245	1095	40.8171836472926	67.8617370320164
39	WGN39	61.2787370550005	4.87200114977867	1095	51.7192238060192	70.8382503039819
40	WGN39	76.0793501450011	4.8720011497787	1095	66.5198368960197	85.6388633939825
41	WGN39	47.7357231900003	4.87200114977863	1095	38.176209941019	57.2952364389815
42	WGN39	49.0042683150004	4.87200114977867	1095	39.444755066019	58.5637815639817
43	WGN39	54.5177474550002	4.87200114977864	1095	44.9582342060189	64.0772607039815
44	WGN39	37.0779552900004	4.87200114977862	1095	27.5184420410191	46.6374685389816
45	WGN39	41.4290467350003	4.87200114977865	1095	31.869533486019	50.9885599839816
46	WGN39	56.4254180750005	4.87200114977869	1095	46.8659048260192	65.9849313239819
47	WGN39	45.9636452800004	4.87200114977868	1095	36.4041320310191	55.5231585289818
48	WGN39	21.5718486250007	4.87200114977862	1095	12.0123353760194	31.1313618739819
49	WGN39	42.2986726350005	4.87200114977866	1095	32.7391593860191	51.8581858839818
50	WGN39	37.2380789400004	4.87200114977869	1095	27.678565691019	46.7975921889818
51	WGN39	45.9342586200005	4.87200114977869	1095	36.3747453710191	55.4937718689819
52	WGN39	59.0217758650006	4.87200114977869	1095	49.4622626160192	68.581289113982
53	WGN39	49.9939336500003	4.87200114977864	1095	40.434420401019	59.5534468989816
54	WGN39	48.2530897500004	4.87200114977864	1095	38.6935765010191	57.8126029989816
55	WGN39	45.4250420550005	4.87200114977867	1095	35.8655288060191	54.9845553039818
56	WGN39	58.2999349700003	4.87200114977865	1095	48.740421721019	67.8594482189816
57	WGN39	63.5574053300001	4.87200114977864	1095	53.9978920810188	73.1169185789814
58	WGN39	54.7687889600005	4.87200114977867	1095	45.2092757110191	64.3283022089819
59	WGN39	43.9978388700004	4.87200114977864	1095	34.4383256210191	53.5573521189817
60	WGN39	44.6266649950006	4.87200114977868	1095	35.0671517460192	54.1861782439819
61	WGN39	48.4292368750005	4.87200114977866	1095	38.8697236260191	57.9887501239818
62	WGN39	29.0823597100004	4.87200114977866	1095	19.5228464610191	38.6418729589818
63	WGN39	46.1951390200004	4.87200114977867	1095	36.6356257710191	55.7546522689818
64	WGN39	57.3546701400002	4.87200114977864	1095	47.7951568910189	66.9141833889815
65	WGN39	48.6014727200004	4.87200114977864	1095	39.0419594710191	58.1609859689817
66	WGN39	37.1099768900004	4.87200114977866	1095	27.5504636410191	46.6694901389818
67	WGN39	49.8089270250004	4.87200114977866	1095	40.2494137760191	59.3684402739817
68	WGN39	60.1962567150006	4.87200114977868	1095	50.6367434660192	69.7557699639819
69	WGN39	60.1287263050002	4.87200114977864	1095	50.5692130560189	69.6882395539815
70	WGN39	57.5695618050005	4.87200114977867	1095	48.0100485560191	67.1290750539818
71	WGN39	42.0252424500004	4.87200114977867	1095	32.4657292010191	51.5847556989818
72	WGN39	55.4850180050005	4.87200114977868	1095	45.9255047560192	65.0445312539819
73	WGN39	46.8314726800004	4.87200114977865	1095	37.2719594310191	56.3909859289818
74	WGN39	61.3475120300004	4.87200114977866	1095	51.7879987810191	70.9070252789818
75	WGN39	57.5821314500003	4.87200114977865	1095	48.022618201019	67.1416446989817
76	WGN39	73.9313332700005	4.87200114977867	1095	64.3718200210192	83.4908465189819
77	WGN39	29.3335749050004	4.87200114977866	1095	19.7740616560191	38.8930881539818
78	WGN39	44.7408460800005	4.87200114977867	1095	35.1813328310191	54.3003593289818
79	WGN39	64.8122461796533	6.89162155822431	1095	51.2899694872918	78.3345228720148
80	WGN39	29.1529952300005	4.87200114977865	1095	19.5934819810192	38.7125084789818
81	WGN39	29.3345886100006	4.87200114977865	1095	19.7750753610193	38.8941018589819
82	WGN39	48.7503830700003	4.87200114977865	1095	39.190869821019	58.3098963189816
83	WGN39	44.0609745900005	4.87200114977867	1095	34.5014613410192	53.6204878389819
84	WGN39	50.7504680350005	4.87200114977866	1095	41.1909547860191	60.3099812839818
85	WGN39	46.8315467250004	4.87200114977867	1095	37.2720334760191	56.3910599739818
86	WGN39	51.8643785350004	4.87200114977866	1095	42.3048652860191	61.4238917839818
87	WGN39	52.0510829100006	4.87200114977867	1095	42.4915696610192	61.6105961589819
88	WGN39	20.5886954100003	4.87200114977868	1095	11.029182161019	30.1482086589817
89	WGN39	53.1296358450006	4.87200114977869	1095	43.5701225960192	62.689149093982
90	WGN39	42.3969663150004	4.87200114977863	1095	32.8374530660191	51.9564795639817
91	WGN39	17.5409778700004	4.87200114977867	1095	7.98146462101907	27.1004911189818
92	WGN39	17.2975677503471	6.89162155822438	1095	3.77529105798545	30.8198444427088
93	WGN39	40.2355387450004	4.87200114977865	1095	30.6760254960191	49.7950519939817
94	WGN39	19.9368017300003	4.87200114977867	1095	10.377288481019	29.4963149789817
95	WGN39	64.2741408100005	4.87200114977866	1095	54.7146275610191	73.8336540589818
96	WGN39	60.4626551750003	4.87200114977865	1095	50.903141926019	70.0221684239816
97	WGN39	51.4341616150004	4.87200114977865	1095	41.8746483660191	60.9936748639817
98	WGN39	57.8814119700005	4.87200114977866	1095	48.3218987210192	67.4409252189818
99	WGN39	50.0892059750004	4.87200114977865	1095	40.5296927260191	59.6487192239817
100	WGN39	50.4889878100005	4.87200114977866	1095	40.9294745610192	60.0485010589818
101	WGN39	59.3683398300004	4.87200114977866	1095	49.8088265810191	68.9278530789817
102	WGN39	57.1154897600005	4.87200114977867	1095	47.5559765110192	66.6750030089818
104	WGN39	61.6419488950004	4.87200114977866	1095	52.0824356460191	71.2014621439817
105	WGN39	52.0493578803471	6.89162155822434	1095	38.5270811879855	65.5716345727087
106	WGN39	47.0895245450005	4.87200114977867	1095	37.5300112960192	56.6490377939819
107	WGN39	39.9266456650005	4.87200114977869	1095	30.3671324160192	49.4861589139819
108	WGN39	68.5244972496538	6.89162155822438	1095	55.0022205572921	82.0467739420155
109	WGN39	43.2925067050005	4.87200114977866	1095	33.7329934560191	52.8520199539818
110	WGN39	56.1472138250004	4.87200114977865	1095	46.5877005760191	65.7067270739817
111	WGN39	38.0620605100005	4.87200114977867	1095	28.5025472610191	47.6215737589818
112	WGN39	47.6390095250005	4.87200114977867	1095	38.0794962760192	57.1985227739818
113	WGN39	46.5918094050005	4.87200114977866	1095	37.0322961560191	56.1513226539818
114	WGN39	46.9457213600005	4.87200114977867	1095	37.3862081110192	56.5052346089819
115	WGN39	54.0899511400004	4.87200114977866	1095	44.5304378910191	63.6494643889818
116	WGN39	43.0458448150005	4.87200114977867	1095	33.4863315660191	52.6053580639818
117	WGN39	44.6616210000005	4.87200114977867	1095	35.1021077510191	54.2211342489818
118	WGN39	41.8561629350005	4.87200114977867	1095	32.2966496860191	51.4156761839818
120	WGN39	25.5180149800005	4.87200114977866	1095	15.9585017310191	35.0775282289818
121	WGN39	32.7693796996537	6.89162155822437	1095	19.2471030072921	46.2916563920154
122	WGN39	48.5449969650005	4.87200114977866	1095	38.9854837160192	58.1045102139818
123	WGN39	58.6195068150005	4.87200114977867	1095	49.0599935660192	68.1790200639818
124	WGN39	50.6909539050005	4.87200114977867	1095	41.1314406560191	60.2504671539818
125	WGN39	46.2836809550004	4.87200114977866	1095	36.7241677060191	55.8431942039818
126	WGN39	21.7246809750005	4.87200114977866	1095	12.1651677260191	31.2841942239818
127	WGN39	56.0228298150005	4.87200114977867	1095	46.4633165660192	65.5823430639819
128	WGN39	49.7195694003472	6.89162155822437	1095	36.1972927079855	63.2418460927089
129	WGN39	59.2476659500005	4.87200114977866	1095	49.6881527010191	68.8071791989818
130	WGN39	55.7266723200005	4.87200114977867	1095	46.1671590710191	65.2861855689818
1	WGN45	41.6365261050026	4.87200114977879	1095	32.077012856021	51.1960393539842
2	WGN45	39.6622778	4.87200114977869	1095	30.1027645510187	49.2217910489814
3	WGN45	32.5815370000001	4.87200114977866	1095	23.0220237510188	42.1410502489814
4	WGN45	42.6478112	4.87200114977864	1095	33.0882979510187	52.2073244489813
5	WGN45	52.3846046500002	4.87200114977869	1095	42.8250914010188	61.9441178989816
6	WGN45	34.4908568050004	4.87200114977863	1095	24.9313435560191	44.0503700539817
7	WGN45	44.3398366399998	4.87200114977863	1095	34.7803233910185	53.8993498889811
8	WGN45	47.7722803350002	4.87200114977871	1095	38.2127670860187	57.3317935839816
9	WGN45	36.3807486850001	4.87200114977867	1095	26.8212354360188	45.9402619339815
10	WGN45	42.188246815	4.87200114977869	1095	32.6287335660187	51.7477600639814
11	WGN45	52.6790288450002	4.87200114977867	1095	43.1195155960189	62.2385420939816
12	WGN45	43.9025976950001	4.8720011497786	1095	34.3430844460188	53.4621109439813
13	WGN45	46.4899309100001	4.87200114977865	1095	36.9304176610188	56.0494441589814
14	WGN45	52.3375919850001	4.8720011497787	1095	42.7780787360187	61.8971052339815
15	WGN45	40.5754051850002	4.87200114977869	1095	31.0158919360188	50.1349184339816
16	WGN45	42.3287502750003	4.87200114977863	1095	32.769237026019	51.8882635239815
17	WGN45	45.4285726950002	4.87200114977869	1095	35.8690594460188	54.9880859439816
18	WGN45	34.4483802699998	4.87200114977875	1095	24.8888670210183	44.0078935189813
19	WGN45	43.448460715	4.87200114977865	1095	33.8889474660187	53.0079739639813
20	WGN45	32.4777486400001	4.87200114977864	1095	22.9182353910189	42.0372618889814
22	WGN45	64.3483307949997	4.87200114977864	1095	54.7888175460184	73.907844043981
23	WGN45	49.2476017749998	4.87200114977862	1095	39.6880885260186	58.8071150239811
24	WGN45	27.5797215503464	6.89162155822437	1095	14.0574448579848	41.1019982427081
26	WGN45	28.1558222996535	6.89162155822433	1095	14.6335456072919	41.6780989920151
28	WGN45	43.408219	4.87200114977866	1095	33.8487057510187	52.9677322489813
29	WGN45	53.9913094750003	4.87200114977868	1095	44.4317962260189	63.5508227239817
31	WGN45	46.8866007399999	4.87200114977863	1095	37.3270874910186	56.4461139889812
32	WGN45	40.87247966	4.87200114977862	1095	31.3129664110188	50.4319929089813
33	WGN45	13.2895661139991	4.87200114977872	1095	3.73005286501768	22.8490793629806
34	WGN45	50.2500168849998	4.87200114977863	1095	40.6905036360185	59.8095301339811
35	WGN45	45.3830376050002	4.87200114977871	1095	35.8235243560188	54.9425508539816
36	WGN45	40.6892059000002	4.87200114977862	1095	31.129692651019	50.2487191489815
37	WGN45	47.8255659149998	4.8720011497786	1095	38.2660526660186	57.385079163981
40	WGN45	38.1715894900001	4.87200114977863	1095	28.6120762410188	47.7311027389813
41	WGN45	49.2386772149998	4.87200114977863	1095	39.6791639660185	58.798190463981
42	WGN45	51.3537767400004	4.87200114977874	1095	41.7942634910189	60.9132899889819
43	WGN45	39.03921446	4.87200114977865	1095	29.4797012110187	48.5987277089813
44	WGN45	42.79872072	4.87200114977868	1095	33.2392074710186	52.3582339689814
45	WGN45	43.70673667	4.87200114977865	1095	34.1472234210187	53.2662499189813
46	WGN45	34.2280616899997	4.87200114977874	1095	24.6685484410182	43.7875749389812
49	WGN45	33.43861284	4.87200114977866	1095	23.8790995910187	42.9981260889813
52	WGN45	48.8978240903466	6.89162155822437	1095	35.3755473979849	62.4201007827082
53	WGN45	34.6181376550001	4.87200114977866	1095	25.0586244060187	44.1776509039814
54	WGN45	21.2384390650003	4.87200114977862	1095	11.6789258160191	30.7979523139816
55	WGN45	39.952914545	4.87200114977862	1095	30.3934012960188	49.5124277939813
56	WGN45	43.876756905	4.87200114977864	1095	34.3172436560187	53.4362701539812
57	WGN45	26.48946119	4.87200114977866	1095	16.9299479410187	36.0489744389813
58	WGN45	42.471666445	4.87200114977869	1095	32.9121531960186	52.0311796939814
59	WGN45	41.12442179	4.87200114977868	1095	31.5649085410186	50.6839350389813
60	WGN45	35.8166891803468	6.89162155822437	1095	22.2944124879851	49.3389658727085
61	WGN45	52.561604445	4.87200114977865	1095	43.0020911960187	62.1211176939813
62	WGN45	41.5991905950001	4.87200114977864	1095	32.0396773460188	51.1587038439814
64	WGN45	41.010383885	4.87200114977869	1095	31.4508706360186	50.5698971339814
65	WGN45	41.90560761	4.87200114977869	1095	32.3460943610187	51.4651208589814
66	WGN45	53.3067972700002	4.87200114977868	1095	43.7472840210188	62.8663105189815
68	WGN45	50.4934058449999	4.87200114977863	1095	40.9338925960187	60.0529190939812
69	WGN45	41.612977255	4.87200114977863	1095	32.0534640060187	51.1724905039813
70	WGN45	52.999124845	4.87200114977866	1095	43.4396115960187	62.5586380939813
71	WGN45	60.0039166399997	4.87200114977862	1095	50.4444033910185	69.563429888981
72	WGN45	41.77352753	4.87200114977866	1095	32.2140142810187	51.3330407789814
73	WGN45	54.452430860347	6.89162155822439	1095	40.9301541679853	67.9747075527087
74	WGN45	37.6484866496533	6.89162155822437	1095	24.1262099572917	51.170763342015
75	WGN45	57.8395273796529	6.89162155822429	1095	44.3172506872914	71.3618040720144
76	WGN45	40.6959470950001	4.87200114977866	1095	31.1364338460187	50.2554603439814
78	WGN45	45.4782554003468	6.8916215582244	1095	31.9559787079851	59.0005320927086
80	WGN45	43.5619434600001	4.87200114977866	1095	34.0024302110188	53.1214567089814
81	WGN45	43.68188383	4.87200114977867	1095	34.1223705810187	53.2413970789814
82	WGN45	35.7579395303468	6.89162155822435	1095	22.2356628379852	49.2802162227084
84	WGN45	48.099562755	4.87200114977864	1095	38.5400495060187	57.6590760039813
85	WGN45	35.00154161	4.87200114977866	1095	25.4420283610187	44.5610548589813
86	WGN45	43.975358195	4.87200114977864	1095	34.4158449460187	53.5348714439813
88	WGN45	42.095635935	4.87200114977867	1095	32.5361226860187	51.6551491839814
89	WGN45	54.793234695	4.87200114977866	1095	45.2337214460186	64.3527479439813
90	WGN45	46.975635795	4.87200114977865	1095	37.4161225460187	56.5351490439813
92	WGN45	43.403172825	4.87200114977864	1095	33.8436595760187	52.9626860739813
93	WGN45	55.9176923203469	6.89162155822439	1095	42.3954156279852	69.4399690127086
94	WGN45	39.614106495	4.87200114977867	1095	30.0545932460187	49.1736197439814
95	WGN45	34.6133816700001	4.87200114977864	1095	25.0538684210188	44.1728949189814
96	WGN45	39.2383170403467	6.8916215582244	1095	25.7160403479849	52.7605937327084
98	WGN45	42.4681815100001	4.87200114977865	1095	32.9086682610188	52.0276947589814
99	WGN45	29.3999681996532	6.89162155822436	1095	15.8776915072916	42.9222448920149
100	WGN45	54.5418796599999	4.87200114977863	1095	44.9823664110186	64.1013929089812
101	WGN45	47.994715165	4.87200114977866	1095	38.4352019160187	57.5542284139813
102	WGN45	44.391920635	4.87200114977865	1095	34.8324073860187	53.9514338839814
103	WGN45	49.106462815	4.87200114977865	1095	39.5469495660187	58.6659760639813
104	WGN45	50.9651593699999	4.87200114977865	1095	41.4056461210186	60.5246726189812
105	WGN45	39.96985048	4.87200114977866	1095	30.4103372310187	49.5293637289814
106	WGN45	47.2425658600001	4.87200114977866	1095	37.6830526110187	56.8020791089814
107	WGN45	54.46738648	4.87200114977866	1095	44.9078732310187	64.0268997289814
108	WGN45	47.06805801	4.87200114977866	1095	37.5085447610187	56.6275712589814
109	WGN45	44.25628096	4.87200114977864	1095	34.6967677110187	53.8157942089813
110	WGN45	43.1890458700001	4.87200114977866	1095	33.6295326210187	52.7485591189814
111	WGN45	53.60536993	4.87200114977865	1095	44.0458566810187	63.1648831789813
114	WGN45	31.792501475	4.87200114977866	1095	22.2329882260186	41.3520147239813
116	WGN45	43.8206751	4.87200114977866	1095	34.2611618510187	53.3801883489814
117	WGN45	1.72890440165373	6.89162155822432	1095	-11.7933722907078	15.2511810940153
118	WGN45	33.677267965	4.87200114977866	1095	24.1177547160187	43.2367812139813
119	WGN45	39.34363642	4.87200114977866	1095	29.7841231710187	48.9031496689813
120	WGN45	50.309159735	4.87200114977866	1095	40.7496464860187	59.8686729839814
121	WGN45	55.26371314	4.87200114977866	1095	45.7041998910187	64.8232263889813
122	WGN45	52.3988580703468	6.89162155822436	1095	38.8765813779851	65.9211347627084
123	WGN45	24.7623159196533	6.89162155822436	1095	11.2400392272917	38.284592612015
124	WGN45	39.710253995	4.87200114977866	1095	30.1507407460187	49.2697672439813
126	WGN45	46.74852154	4.87200114977866	1095	37.1890082910187	56.3080347889813
127	WGN45	49.469712955	4.87200114977866	1095	39.9101997060187	59.0292262039814
128	WGN45	49.216913235	4.87200114977866	1095	39.6573999860187	58.7764264839814
129	WGN45	45.946172905	4.87200114977866	1095	36.3866596560187	55.5056861539813
1	WGN46	45.272254854999	4.87200114977883	1095	35.7127416060173	54.8317681039807
2	WGN46	36.5523222150002	4.87200114977859	1095	26.992808966019	46.1118354639814
3	WGN46	44.9602825199999	4.87200114977862	1095	35.4007692710187	54.5197957689812
4	WGN46	47.0778600400001	4.87200114977869	1095	37.5183467910187	56.6373732889815
6	WGN46	37.8119878100002	4.87200114977865	1095	28.2524745610189	47.3715010589815
7	WGN46	53.2226086849999	4.87200114977864	1095	43.6630954360187	62.7821219339812
8	WGN46	44.7073844400002	4.87200114977874	1095	35.1478711910187	54.2668976889817
9	WGN46	43.33257211	4.87200114977866	1095	33.7730588610186	52.8920853589813
10	WGN46	39.753862215	4.87200114977866	1095	30.1943489660187	49.3133754639813
11	WGN46	43.2482884050002	4.87200114977867	1095	33.6887751560189	52.8078016539816
12	WGN46	38.2708145350004	4.87200114977865	1095	28.7113012860191	47.8303277839817
13	WGN46	49.7753312700002	4.87200114977861	1095	40.215818021019	59.3348445189814
14	WGN46	33.5743240400003	4.87200114977862	1095	24.0148107910191	43.1338372889816
15	WGN46	47.7131421450002	4.87200114977863	1095	38.1536288960189	57.2726553939815
16	WGN46	50.6818225000001	4.8720011497786	1095	41.1223092510189	60.2413357489813
17	WGN46	41.2950385403469	6.89162155822434	1095	27.7727618479853	54.8173152327085
18	WGN46	44.2442060350002	4.8720011497786	1095	34.684692786019	53.8037192839814
19	WGN46	45.2276997550001	4.87200114977871	1095	35.6681865060186	54.7872130039815
20	WGN46	51.1112938500001	4.87200114977865	1095	41.5517806010188	60.6708070989814
21	WGN46	49.1608046603466	6.89162155822441	1095	35.6385279679848	62.6830813527083
22	WGN46	44.7332385300002	4.87200114977864	1095	35.1737252810189	54.2927517789815
23	WGN46	55.6525758596534	6.89162155822429	1095	42.1302991672919	69.174852552015
24	WGN46	47.6321444950002	4.87200114977868	1095	38.0726312460188	57.1916577439816
25	WGN46	38.4355511100002	4.87200114977861	1095	28.876037861019	47.9950643589815
26	WGN46	37.2441693150001	4.87200114977865	1095	27.6846560660188	46.8036825639814
27	WGN46	33.8090373650001	4.87200114977868	1095	24.2495241160187	43.3685506139814
28	WGN46	38.0776015350001	4.87200114977865	1095	28.5180882860188	47.6371147839815
29	WGN46	39.6851385750001	4.87200114977865	1095	30.1256253260188	49.2446518239815
30	WGN46	45.4515203000002	4.8720011497786	1095	35.892007051019	55.0110335489814
31	WGN46	63.7107564150008	4.87200114977873	1095	54.1512431660193	73.2702696639822
32	WGN46	55.3973204450004	4.87200114977871	1095	45.8378071960189	64.9568336939818
33	WGN46	53.0941730100002	4.87200114977859	1095	43.534659761019	62.6536862589814
34	WGN46	59.8276789500003	4.87200114977868	1095	50.2681657010189	69.3871921989816
36	WGN46	38.6164607050002	4.87200114977863	1095	29.056947456019	48.1759739539815
37	WGN46	46.9940742700003	4.8720011497787	1095	37.4345610210188	56.5535875189817
38	WGN46	57.1859807199999	4.8720011497786	1095	47.6264674710187	66.7454939689812
39	WGN46	28.813914499653	6.89162155822442	1095	15.2916378072912	42.3361911920148
40	WGN46	43.3860307250004	4.87200114977867	1095	33.826517476019	52.9455439739817
41	WGN46	37.6814183250005	4.87200114977864	1095	28.1219050760192	47.2409315739818
42	WGN46	26.8549867499997	4.8720011497787	1095	17.2954735010183	36.4144999989811
43	WGN46	42.3675059200001	4.87200114977865	1095	32.8079926710188	51.9270191689814
44	WGN46	32.0235690599998	4.87200114977874	1095	22.4640558110183	41.5830823089812
45	WGN46	37.0997163700002	4.87200114977864	1095	27.5402031210189	46.6592296189815
46	WGN46	56.6400721450001	4.87200114977867	1095	47.0805588960188	66.1995853939815
47	WGN46	45.7010899450003	4.8720011497787	1095	36.1415766960189	55.2606031939817
48	WGN46	46.7303860700002	4.87200114977863	1095	37.1708728210189	56.2898993189815
49	WGN46	42.6286216850002	4.87200114977866	1095	33.0691084360188	52.1881349339815
50	WGN46	53.1512294149999	4.8720011497786	1095	43.5917161660187	62.7107426639811
51	WGN46	42.0414549696537	6.89162155822437	1095	28.519178277292	55.5637316620154
52	WGN46	44.3153558200003	4.87200114977863	1095	34.755842571019	53.8748690689815
53	WGN46	49.8395744650001	4.87200114977866	1095	40.2800612160188	59.3990877139814
54	WGN46	47.4604226200002	4.87200114977863	1095	37.9009093710189	57.0199358689815
55	WGN46	41.0629863296534	6.89162155822441	1095	27.5407096372917	54.5852630220152
56	WGN46	43.2597336850002	4.87200114977862	1095	33.700220436019	52.8192469339815
57	WGN46	39.0787243500001	4.87200114977867	1095	29.5192111010188	48.6382375989815
58	WGN46	39.5093051050001	4.87200114977869	1095	29.9497918560187	49.0688183539815
59	WGN46	53.42554223	4.87200114977867	1095	43.8660289810187	62.9850554789814
60	WGN46	37.7495017100001	4.87200114977868	1095	28.1899884610187	47.3090149589815
61	WGN46	59.3728406800005	4.87200114977869	1095	49.8133274310191	68.9323539289818
62	WGN46	47.1316555000002	4.87200114977865	1095	37.5721422510189	56.6911687489815
63	WGN46	47.4883979700002	4.87200114977866	1095	37.9288847210189	57.0479112189815
64	WGN46	41.6984785250002	4.87200114977867	1095	32.1389652760188	51.2579917739815
65	WGN46	47.2767532796535	6.8916215582244	1095	33.7544765872918	60.7990299720152
66	WGN46	39.3849971500002	4.87200114977863	1095	29.825483901019	48.9445103989815
67	WGN46	37.3753224550001	4.87200114977869	1095	27.8158092060187	46.9348357039815
68	WGN46	34.3831771000003	4.87200114977863	1095	24.823663851019	43.9426903489816
69	WGN46	47.2472562450002	4.87200114977867	1095	37.6877429960188	56.8067694939815
70	WGN46	46.2126634550003	4.87200114977868	1095	36.6531502060189	55.7721767039817
71	WGN46	48.3492384250002	4.87200114977863	1095	38.789725176019	57.9087516739815
72	WGN46	49.8795319750003	4.87200114977866	1095	40.320018726019	59.4390452239817
73	WGN46	35.5427115400003	4.87200114977865	1095	25.983198291019	45.1022247889816
74	WGN46	48.5897624450002	4.87200114977866	1095	39.0302491960188	58.1492756939815
75	WGN46	45.2954234100001	4.87200114977867	1095	35.7359101610188	54.8549366589815
76	WGN46	56.9624072800002	4.87200114977866	1095	47.4028940310188	66.5219205289815
78	WGN46	54.9151385200002	4.87200114977867	1095	45.3556252710188	64.4746517689815
79	WGN46	48.196220215	4.87200114977864	1095	38.6367069660187	57.7557334639813
80	WGN46	58.40600143	4.87200114977865	1095	48.8464881810187	67.9655146789814
81	WGN46	51.0271648449999	4.87200114977866	1095	41.4676515960186	60.5866780939812
82	WGN46	40.9243411550001	4.87200114977868	1095	31.3648279060188	50.4838544039815
83	WGN46	51.2821741500002	4.87200114977865	1095	41.7226609010189	60.8416873989815
84	WGN46	28.1820930550003	4.87200114977864	1095	18.622579806019	37.7416063039816
85	WGN46	54.0068714000001	4.87200114977866	1095	44.4473581510188	63.5663846489815
86	WGN46	47.7349689050002	4.87200114977865	1095	38.1754556560189	57.2944821539815
87	WGN46	42.7767119600002	4.87200114977866	1095	33.2171987110189	52.3362252089815
88	WGN46	38.3261570900002	4.87200114977865	1095	28.7666438410189	47.8856703389815
89	WGN46	64.1979579150002	4.87200114977865	1095	54.6384446660189	73.7574711639815
90	WGN46	31.0592188600001	4.87200114977866	1095	21.4997056110188	40.6187321089814
91	WGN46	54.4002213103468	6.89162155822435	1095	40.8779446179852	67.9224980027085
93	WGN46	44.5325125400002	4.87200114977869	1095	34.9729992910188	54.0920257889816
94	WGN46	55.1963613600002	4.87200114977865	1095	45.6368481110189	64.7558746089815
95	WGN46	49.2024545000002	4.87200114977867	1095	39.6429412510188	58.7619677489815
96	WGN46	42.9810828650002	4.87200114977865	1095	33.4215696160189	52.5405961139815
98	WGN46	47.0192992600001	4.87200114977863	1095	37.4597860110188	56.5788125089814
100	WGN46	44.4374615200002	4.87200114977865	1095	34.8779482710189	53.9969747689815
101	WGN46	45.5277180300001	4.87200114977866	1095	35.9682047810188	55.0872312789814
102	WGN46	43.8120290150002	4.87200114977864	1095	34.2525157660189	53.3715422639815
103	WGN46	43.3711897650002	4.87200114977865	1095	33.8116765160189	52.9307030139815
104	WGN46	39.0678647950001	4.87200114977867	1095	29.5083515460187	48.6273780439814
106	WGN46	42.6036944750002	4.87200114977865	1095	33.0441812260189	52.1632077239815
107	WGN46	45.3693759450002	4.87200114977866	1095	35.8098626960188	54.9288891939815
108	WGN46	46.6180324150002	4.87200114977865	1095	37.0585191660189	56.1775456639815
109	WGN46	40.5159048750002	4.87200114977865	1095	30.9563916260189	50.0754181239815
110	WGN46	50.5903586750002	4.87200114977865	1095	41.0308454260189	60.1498719239815
111	WGN46	31.7420043550002	4.87200114977866	1095	22.1824911060189	41.3015176039815
112	WGN46	51.2329291550002	4.87200114977865	1095	41.6734159060188	60.7924424039815
113	WGN46	43.6688807650002	4.87200114977866	1095	34.1093675160188	53.2283940139815
114	WGN46	44.8495034050002	4.87200114977865	1095	35.2899901560188	54.4090166539815
115	WGN46	40.6594648450002	4.87200114977865	1095	31.0999515960188	50.2189780939815
116	WGN46	46.8633930400001	4.87200114977866	1095	37.3038797910188	56.4229062889815
117	WGN46	38.8903026900001	4.87200114977865	1095	29.3307894410188	48.4498159389815
118	WGN46	46.2279220203469	6.89162155822436	1095	32.7056453279852	59.7501987127085
119	WGN46	44.6171306550002	4.87200114977865	1095	35.0576174060188	54.1766439039815
120	WGN46	45.3386719300002	4.87200114977866	1095	35.7791586810188	54.8981851789815
121	WGN46	40.8419219100001	4.87200114977866	1095	31.2824086610188	50.4014351589815
122	WGN46	37.4107891750001	4.87200114977865	1095	27.8512759260188	46.9703024239815
123	WGN46	49.9039389500002	4.87200114977865	1095	40.3444257010188	59.4634521989815
124	WGN46	28.1818693650002	4.87200114977866	1095	18.6223561160189	37.7413826139815
125	WGN46	45.6688658400002	4.87200114977865	1095	36.1093525910189	55.2283790889815
126	WGN46	44.8307948000002	4.87200114977865	1095	35.2712815510188	54.3903080489815
127	WGN46	43.4963457450002	4.87200114977865	1095	33.9368324960188	53.0558589939815
128	WGN46	47.3517023650002	4.87200114977865	1095	37.7921891160188	56.9112156139815
129	WGN46	48.2445138850002	4.87200114977865	1095	38.6850006360188	57.8040271339815
130	WGN46	50.4755525400002	4.87200114977865	1095	40.9160392910189	60.0350657889815
1	WGN55	40.1076177749992	4.87200114977872	1095	30.5481045260178	49.6671310239807
2	WGN55	37.1598079849999	4.87200114977864	1095	27.6002947360186	46.7193212339812
3	WGN55	44.0423468899995	4.87200114977866	1095	34.4828336410182	53.6018601389808
4	WGN55	50.6775800899999	4.87200114977871	1095	41.1180668410185	60.2370933389813
5	WGN55	43.9645893199999	4.87200114977865	1095	34.4050760710185	53.5241025689812
6	WGN55	56.6513100599999	4.87200114977866	1095	47.0917968110185	66.2108233089812
7	WGN55	55.3705229049997	4.87200114977866	1095	45.8110096560184	64.930036153981
8	WGN55	42.9458941549998	4.87200114977873	1095	33.3863809060183	52.5054074039812
9	WGN55	41.5701462749997	4.87200114977867	1095	32.0106330260184	51.1296595239811
10	WGN55	42.9635844349998	4.87200114977866	1095	33.4040711860185	52.5230976839811
11	WGN55	48.6505992649996	4.87200114977862	1095	39.0910860160183	58.2101125139808
12	WGN55	58.473245009653	6.89162155822435	1095	44.9509683172914	71.9955217020147
13	WGN55	51.3157736399998	4.87200114977865	1095	41.7562603910185	60.8752868889811
14	WGN55	46.2994745599996	4.87200114977861	1095	36.7399613110184	55.8589878089809
15	WGN55	50.1529247999999	4.87200114977868	1095	40.5934115510185	59.7124380489812
16	WGN55	46.18285669	4.87200114977867	1095	36.6233434410186	55.7423699389813
17	WGN55	43.9414993096528	6.89162155822438	1095	30.4192226172911	57.4637760020145
18	WGN55	42.4550177099998	4.87200114977866	1095	32.8955044610185	52.0145309589812
19	WGN55	57.631452845	4.87200114977871	1095	48.0719395960186	67.1909660939814
20	WGN55	58.5357732399999	4.87200114977868	1095	48.9762599910186	68.0952864889813
21	WGN55	52.2160869099997	4.87200114977866	1095	42.6565736610184	61.775600158981
22	WGN55	51.7249549550001	4.8720011497787	1095	42.1654417060187	61.2844682039815
23	WGN55	65.8782129700001	4.87200114977867	1095	56.3186997210187	75.4377262189814
24	WGN55	48.2974487699999	4.87200114977873	1095	38.7379355210184	57.8569620189814
25	WGN55	40.8816207049998	4.87200114977865	1095	31.3221074560185	50.4411339539811
26	WGN55	47.8009868099998	4.87200114977867	1095	38.2414735610185	57.3605000589812
27	WGN55	52.8720158296532	6.89162155822436	1095	39.3497391372915	66.3942925220148
28	WGN55	48.673232379653	6.89162155822435	1095	35.1509556872914	62.1955090720146
29	WGN55	42.0030444449998	4.87200114977866	1095	32.4435311960185	51.5625576939811
30	WGN55	57.9108837149998	4.87200114977867	1095	48.3513704660184	67.4703969639811
31	WGN55	36.8878768199994	4.87200114977869	1095	27.328363571018	46.4473900689808
32	WGN55	42.4390827399999	4.87200114977871	1095	32.8795694910184	51.9985959889813
33	WGN55	49.4243861349999	4.87200114977871	1095	39.8648728860185	58.9838993839813
34	WGN55	47.3409942949998	4.87200114977867	1095	37.7814810460184	56.9005075439811
35	WGN55	56.1288489450003	4.87200114977873	1095	46.5693356960188	65.6883621939817
36	WGN55	46.2079293149999	4.87200114977862	1095	36.6484160660186	55.7674425639811
37	WGN55	52.6967910349997	4.87200114977868	1095	43.1372777860183	62.256304283981
38	WGN55	40.8641083049997	4.87200114977863	1095	31.3045950560184	50.423621553981
40	WGN55	38.7376414596532	6.89162155822436	1095	25.2153647672916	52.2599181520148
41	WGN55	44.1862055199998	4.87200114977871	1095	34.6266922710184	53.7457187689812
42	WGN55	42.1356925800004	4.8720011497787	1095	32.576179331019	51.6952058289818
43	WGN55	40.8520820399998	4.87200114977869	1095	31.2925687910184	50.4115952889812
44	WGN55	52.0429582249996	4.87200114977861	1095	42.4834449760184	61.6024714739809
45	WGN55	43.0571142099996	4.87200114977868	1095	33.4976009610183	52.616627458981
46	WGN55	33.4097062849996	4.87200114977869	1095	23.8501930360182	42.969219533981
47	WGN55	52.6264424599997	4.87200114977864	1095	43.0669292110184	62.185955708981
48	WGN55	45.1754463349998	4.87200114977865	1095	35.6159330860185	54.7349595839811
49	WGN55	51.7088106399997	4.87200114977866	1095	42.1492973910183	61.268323888981
50	WGN55	57.03302216	4.87200114977869	1095	47.4735089110186	66.5925354089814
52	WGN55	44.9778628549999	4.87200114977864	1095	35.4183496060186	54.5373761039812
53	WGN55	47.8877566249997	4.87200114977867	1095	38.3282433760184	57.4472698739811
54	WGN55	42.6233685099998	4.87200114977867	1095	33.0638552610184	52.1828817589812
55	WGN55	38.9565873499998	4.87200114977866	1095	29.3970741010185	48.5161005989811
56	WGN55	53.8999646549999	4.87200114977867	1095	44.3404514060185	63.4594779039812
57	WGN55	45.2056634499999	4.87200114977867	1095	35.6461502010185	54.7651766989812
58	WGN55	54.816522765	4.87200114977871	1095	45.2570095160186	64.3760360139814
59	WGN55	48.0968882799997	4.87200114977866	1095	38.5373750310184	57.656401528981
60	WGN55	47.9671623049998	4.87200114977867	1095	38.4076490560185	57.5266755539811
61	WGN55	40.9505022399996	4.87200114977867	1095	31.3909889910182	50.5100154889809
62	WGN55	51.7182956699998	4.87200114977866	1095	42.1587824210184	61.2778089189811
63	WGN55	46.4069121449997	4.87200114977866	1095	36.8473988960184	55.966425393981
64	WGN55	57.7047889599996	4.87200114977862	1095	48.1452757110183	67.2643022089808
65	WGN55	45.3295121349999	4.87200114977866	1095	35.7699988860186	54.8890253839813
66	WGN55	40.4075506399997	4.87200114977866	1095	30.8480373910183	49.967063888981
67	WGN55	51.8978906549997	4.87200114977865	1095	42.3383774060184	61.457403903981
68	WGN55	36.5469536199998	4.87200114977865	1095	26.9874403710185	46.1064668689811
69	WGN55	35.9908088799997	4.8720011497787	1095	26.4312956310183	45.5503221289811
70	WGN55	47.8350803299997	4.87200114977864	1095	38.2755670810184	57.394593578981
71	WGN55	46.0562499899998	4.87200114977868	1095	36.4967367410184	55.6157632389811
72	WGN55	55.9581883949999	4.87200114977868	1095	46.3986751460185	65.5177016439812
73	WGN55	53.4211433349997	4.87200114977864	1095	43.8616300860184	62.980656583981
74	WGN55	51.7345432499997	4.87200114977863	1095	42.1750300010184	61.2940564989809
75	WGN55	42.5837535149998	4.87200114977864	1095	33.0242402660185	52.1432667639811
76	WGN55	45.3886143899998	4.87200114977866	1095	35.8291011410184	54.9481276389811
77	WGN55	43.9028808049998	4.87200114977864	1095	34.3433675560185	53.4623940539811
78	WGN55	39.3408408849998	4.87200114977867	1095	29.7813276360184	48.9003541339811
80	WGN55	39.2183952149998	4.87200114977867	1095	29.6588819660184	48.7779084639811
81	WGN55	48.5850305499997	4.87200114977864	1095	39.0255173010184	58.144543798981
82	WGN55	46.2613537799997	4.87200114977866	1095	36.7018405310184	55.8208670289811
83	WGN55	42.6595652099998	4.87200114977866	1095	33.1000519610185	52.2190784589811
84	WGN55	43.3119197799997	4.87200114977865	1095	33.7524065310184	52.871433028981
85	WGN55	53.4376029199997	4.87200114977865	1095	43.8780896710184	62.997116168981
86	WGN55	42.6507081949998	4.87200114977865	1095	33.0911949460185	52.2102214439811
87	WGN55	52.5641077449999	4.87200114977867	1095	43.0045944960185	62.1236209939812
88	WGN55	40.5252111349998	4.87200114977866	1095	30.9656978860184	50.0847243839811
89	WGN55	51.1117628249997	4.87200114977865	1095	41.5522495760184	60.671276073981
90	WGN55	30.7371797149997	4.87200114977867	1095	21.1776664660183	40.296692963981
91	WGN55	54.6950629099998	4.87200114977866	1095	45.1355496610185	64.2545761589811
92	WGN55	59.36711965	4.87200114977868	1095	49.8076064010187	68.9266328989814
93	WGN55	47.5608773999997	4.87200114977864	1095	38.0013641510184	57.120390648981
94	WGN55	56.9718875099998	4.87200114977866	1095	47.4123742610185	66.5314007589811
95	WGN55	44.3954526649998	4.87200114977867	1095	34.8359394160185	53.9549659139812
96	WGN55	37.8593774749997	4.87200114977866	1095	28.2998642260184	47.418890723981
97	WGN55	47.4492961349998	4.87200114977866	1095	37.8897828860185	57.0088093839811
98	WGN55	38.8684255149998	4.87200114977867	1095	29.3089122660184	48.4279387639811
99	WGN55	56.4107559849997	4.87200114977866	1095	46.8512427360184	65.970269233981
100	WGN55	47.9480228099998	4.87200114977865	1095	38.3885095610185	57.5075360589811
101	WGN55	43.4735281199997	4.87200114977865	1095	33.9140148710184	53.033041368981
102	WGN55	46.4796698799998	4.87200114977867	1095	36.9201566310185	56.0391831289811
103	WGN55	50.7289817449998	4.87200114977867	1095	41.1694684960185	60.2884949939812
104	WGN55	39.0565833303464	6.89162155822438	1095	25.5343066379847	52.5788600227081
105	WGN55	48.2592829099997	4.87200114977865	1095	38.6997696610184	57.8187961589811
106	WGN55	47.2230169949998	4.87200114977866	1095	37.6635037460185	56.7825302439811
107	WGN55	49.6659187399998	4.87200114977865	1095	40.1064054910184	59.2254319889811
108	WGN55	54.0116374349998	4.87200114977866	1095	44.4521241860185	63.5711506839811
109	WGN55	46.4878363099998	4.87200114977867	1095	36.9283230610185	56.0473495589811
110	WGN55	46.8665244399998	4.87200114977866	1095	37.3070111910185	56.4260376889811
111	WGN55	55.1680624249998	4.87200114977867	1095	45.6085491760185	64.7275756739812
112	WGN55	48.9027336449998	4.87200114977866	1095	39.3432203960185	58.4622468939811
113	WGN55	49.4459536799998	4.87200114977867	1095	39.8864404310184	59.0054669289811
114	WGN55	40.5618949549998	4.87200114977866	1095	31.0023817060185	50.1214082039811
115	WGN55	42.8045058949998	4.87200114977867	1095	33.2449926460184	52.3640191439811
116	WGN55	41.2778270703465	6.89162155822436	1095	27.7555503779849	54.8001037627082
117	WGN55	41.0085448199998	4.87200114977866	1095	31.4490315710184	50.5680580689811
118	WGN55	53.4240470049998	4.87200114977866	1095	43.8645337560184	62.9835602539811
119	WGN55	43.1854165849998	4.87200114977866	1095	33.6259033360185	52.7449298339811
120	WGN55	51.0235721449998	4.87200114977866	1095	41.4640588960184	60.5830853939811
121	WGN55	46.4797438049998	4.87200114977866	1095	36.9202305560185	56.0392570539811
122	WGN55	47.6411569649998	4.87200114977866	1095	38.0816437160184	57.2006702139811
123	WGN55	49.9563289299998	4.87200114977866	1095	40.3968156810184	59.5158421789811
124	WGN55	45.1482478649998	4.87200114977866	1095	35.5887346160185	54.7077611139811
125	WGN55	56.1938523949998	4.87200114977866	1095	46.6343391460185	65.7533656439812
126	WGN55	51.4159984799998	4.87200114977866	1095	41.8564852310185	60.9755117289811
128	WGN55	50.3240082699998	4.87200114977866	1095	40.7644950210184	59.8835215189811
129	WGN55	45.2232773899998	4.87200114977866	1095	35.6637641410185	54.7827906389811
130	WGN55	42.3031697999998	4.87200114977866	1095	32.7436565510184	51.8626830489811
1	WGN63	54.5387060249984	4.87200114977859	1095	44.9791927760172	64.0982192739796
2	WGN63	36.1617668149992	4.87200114977867	1095	26.6022535660178	45.7212800639805
3	WGN63	36.5371497099997	4.87200114977864	1095	26.9776364610184	46.096662958981
4	WGN63	30.5197258349998	4.87200114977863	1095	20.9602125860186	40.0792390839811
5	WGN63	38.0578103849991	4.87200114977871	1095	28.4982971360177	47.6173236339805
6	WGN63	38.9667999296523	6.89162155822441	1095	25.4445232372905	52.489076622014
7	WGN63	43.7354938599994	4.87200114977864	1095	34.1759806110181	53.2950071089807
8	WGN63	48.9193392099994	4.87200114977866	1095	39.359825961018	58.4788524589807
9	WGN63	42.5291695149994	4.87200114977866	1095	32.969656266018	52.0886827639807
10	WGN63	41.4035777199992	4.87200114977867	1095	31.8440644710179	50.9630909689806
12	WGN63	37.2527942599996	4.87200114977867	1095	27.6932810110183	46.8123075089809
13	WGN63	37.3508264203461	6.89162155822436	1095	23.8285497279845	50.8731031127077
14	WGN63	38.6649866299997	4.87200114977864	1095	29.1054733810184	48.224499878981
16	WGN63	30.0028700599993	4.87200114977866	1095	20.4433568110179	39.5623833089806
17	WGN63	39.8630686096529	6.89162155822433	1095	26.3407919172913	53.3853453020145
18	WGN63	41.4872681299997	4.87200114977868	1095	31.9277548810183	51.046781378981
19	WGN63	41.6672811549993	4.8720011497787	1095	32.1077679060179	51.2267944039807
20	WGN63	48.0932436799993	4.87200114977869	1095	38.533730431018	57.6527569289807
21	WGN63	47.7322783099996	4.87200114977863	1095	38.1727650610183	57.2917915589808
22	WGN63	50.0220231549994	4.87200114977869	1095	40.462509906018	59.5815364039808
23	WGN63	44.7200785999993	4.8720011497787	1095	35.160565351018	54.2795918489807
24	WGN63	56.9130847049995	4.87200114977866	1095	47.3535714560181	66.4725979539808
25	WGN63	37.0088677399996	4.87200114977867	1095	27.4493544910182	46.5683809889809
26	WGN63	38.1654685799998	4.87200114977866	1095	28.6059553310184	47.7249818289811
27	WGN63	45.3531216799998	4.87200114977863	1095	35.7936084310185	54.9126349289811
28	WGN63	32.8664386849997	4.87200114977864	1095	23.3069254360184	42.4259519339809
29	WGN63	38.839767589999	4.8720011497787	1095	29.2802543410176	48.3992808389804
30	WGN63	48.6917222649993	4.87200114977865	1095	39.132209016018	58.2512355139806
31	WGN63	37.4672786549995	4.87200114977866	1095	27.9077654060182	47.0267919039808
32	WGN63	38.7091664249991	4.8720011497787	1095	29.1496531760177	48.2686796739805
33	WGN63	36.8284240799994	4.87200114977869	1095	27.268910831018	46.3879373289808
34	WGN63	45.6397926299995	4.87200114977865	1095	36.0802793810182	55.1993058789808
35	WGN63	54.8123471899993	4.87200114977866	1095	45.252833941018	64.3718604389807
36	WGN63	47.9333990696529	6.89162155822434	1095	34.4111223772913	61.4556757620145
37	WGN63	38.8659413849994	4.87200114977867	1095	29.3064281360181	48.4254546339808
38	WGN63	25.4142123249996	4.87200114977865	1095	15.8546990760183	34.9737255739809
39	WGN63	40.7887181149994	4.87200114977866	1095	31.2292048660181	50.3482313639807
40	WGN63	15.605916095	4.87200114977863	1095	6.04640284601868	25.1654293439812
41	WGN63	37.0709469696526	6.89162155822439	1095	23.5486702772908	50.5932236620143
42	WGN63	49.8541632649994	4.87200114977862	1095	40.2946500160182	59.4136765139807
43	WGN63	40.0385331349995	4.87200114977865	1095	30.4790198860182	49.5980463839808
44	WGN63	42.2664246499993	4.87200114977869	1095	32.7069114010179	51.8259378989807
45	WGN63	39.7022265749994	4.87200114977868	1095	30.1427133260181	49.2617398239808
46	WGN63	39.5934580299998	4.87200114977862	1095	30.0339447810186	49.1529712789811
47	WGN63	35.1183757899995	4.87200114977866	1095	25.5588625410182	44.6778890389808
48	WGN63	60.0270607449996	4.87200114977869	1095	50.4675474960182	69.586573993981
49	WGN63	50.7791259149994	4.87200114977869	1095	41.219612666018	60.3386391639808
50	WGN63	43.9131487549993	4.87200114977869	1095	34.3536355060179	53.4726620039807
51	WGN63	30.1076078103463	6.89162155822436	1095	16.5853311179846	43.6298845027079
52	WGN63	40.9875004299994	4.87200114977866	1095	31.427987181018	50.5470136789807
53	WGN63	40.7844636049995	4.87200114977865	1095	31.2249503560182	50.3439768539808
54	WGN63	38.7860913449996	4.87200114977866	1095	29.2265780960182	48.3456045939809
55	WGN63	41.4892682999995	4.87200114977865	1095	31.9297550510182	51.0487815489808
56	WGN63	30.6221492549994	4.87200114977867	1095	21.0626360060181	40.1816625039808
57	WGN63	44.6674989199994	4.87200114977869	1095	35.1079856710181	54.2270121689808
58	WGN63	45.6920815799994	4.87200114977866	1095	36.1325683310181	55.2515948289807
59	WGN63	34.0143480899995	4.87200114977866	1095	24.4548348410181	43.5738613389808
60	WGN63	45.1087958299994	4.87200114977865	1095	35.5492825810181	54.6683090789808
61	WGN63	45.8889499549996	4.87200114977866	1095	36.3294367060183	55.4484632039809
62	WGN63	53.7017447599994	4.87200114977867	1095	44.1422315110181	63.2612580089808
63	WGN63	41.6926054649994	4.87200114977868	1095	32.1330922160181	51.2521187139808
64	WGN63	44.7535033649994	4.87200114977867	1095	35.1939901160181	54.3130166139808
65	WGN63	37.3495684249994	4.87200114977868	1095	27.790055176018	46.9090816739808
66	WGN63	50.8549596199994	4.87200114977867	1095	41.295446371018	60.4144728689807
67	WGN63	39.9802692499993	4.87200114977867	1095	30.420756001018	49.5397824989807
68	WGN63	56.1340224249995	4.87200114977863	1095	46.5745091760182	65.6935356739808
69	WGN63	42.4742531149995	4.87200114977865	1095	32.9147398660182	52.0337663639809
70	WGN63	32.9643144349995	4.87200114977865	1095	23.4048011860182	42.5238276839808
72	WGN63	37.6926123299993	4.87200114977869	1095	28.1330990810179	47.2521255789807
73	WGN63	48.5680123299995	4.87200114977866	1095	39.0084990810182	58.1275255789808
74	WGN63	31.4816587349992	4.87200114977868	1095	21.9221454860179	41.0411719839806
75	WGN63	45.2531863249995	4.87200114977865	1095	35.6936730760182	54.8126995739808
76	WGN63	38.1906384899995	4.87200114977866	1095	28.6311252410182	47.7501517389808
77	WGN63	36.6318277849995	4.87200114977867	1095	27.0723145360181	46.1913410339808
78	WGN63	46.2962241599995	4.87200114977865	1095	36.7367109110182	55.8557374089808
79	WGN63	37.4242879799995	4.87200114977866	1095	27.8647747310182	46.9838012289808
80	WGN63	42.6891536849995	4.87200114977868	1095	33.1296404360181	52.2486669339808
81	WGN63	39.4657265799994	4.87200114977867	1095	29.906213331018	49.0252398289807
82	WGN63	45.7718933399994	4.87200114977867	1095	36.2123800910181	55.3314065889808
83	WGN63	37.2582865949994	4.87200114977867	1095	27.698773346018	46.8177998439807
84	WGN63	45.1807382999995	4.87200114977865	1095	35.6212250510182	54.7402515489808
85	WGN63	38.7463015799994	4.87200114977866	1095	29.1867883310181	48.3058148289808
86	WGN63	41.8789115199995	4.87200114977865	1095	32.3193982710182	51.4384247689808
87	WGN63	55.4214981299994	4.87200114977865	1095	45.8619848810181	64.9810113789807
88	WGN63	34.1039613049996	4.87200114977864	1095	24.5444480560183	43.6634745539809
89	WGN63	49.2396268499994	4.87200114977866	1095	39.6801136010181	58.7991400989807
90	WGN63	39.7521290503462	6.89162155822435	1095	26.2298523579846	53.2744057427078
91	WGN63	46.0018137499994	4.87200114977865	1095	36.4423005010181	55.5613269989808
92	WGN63	37.4762625149994	4.87200114977866	1095	27.9167492660181	47.0357757639808
93	WGN63	46.5379800399994	4.87200114977866	1095	36.9784667910181	56.0974932889808
94	WGN63	50.9491269849995	4.87200114977866	1095	41.3896137360181	60.5086402339808
95	WGN63	29.0000551996526	6.89162155822439	1095	15.4777785072909	42.5223318920143
96	WGN63	51.5449749199995	4.87200114977866	1095	41.9854616710182	61.1044881689808
97	WGN63	36.7450639199995	4.87200114977866	1095	27.1855506710182	46.3045771689808
98	WGN63	35.1026712199994	4.87200114977867	1095	25.543157971018	44.6621844689807
99	WGN63	47.9277964199995	4.87200114977864	1095	38.3682831710182	57.4873096689808
100	WGN63	45.0007487149995	4.87200114977866	1095	35.4412354660181	54.5602619639808
101	WGN63	42.7868116449995	4.87200114977866	1095	33.2272983960181	52.3463248939808
102	WGN63	39.0773624849994	4.87200114977866	1095	29.5178492360181	48.6368757339807
103	WGN63	45.6857446349995	4.87200114977865	1095	36.1262313860181	55.2452578839808
105	WGN63	42.5719889849995	4.87200114977866	1095	33.0124757360181	52.1315022339808
106	WGN63	51.6298497596527	6.89162155822438	1095	38.1075730672911	65.1521264520144
107	WGN63	35.6342102449995	4.87200114977866	1095	26.0746969960181	45.1937234939808
109	WGN63	31.2379606249995	4.87200114977865	1095	21.6784473760182	40.7974738739808
110	WGN63	25.9108620249994	4.87200114977866	1095	16.3513487760181	35.4703752739807
111	WGN63	31.5979626499994	4.87200114977866	1095	22.0384494010181	41.1574758989808
112	WGN63	53.0165899249995	4.87200114977866	1095	43.4570766760181	62.5761031739808
114	WGN63	47.4886892449995	4.87200114977865	1095	37.9291759960182	57.0482024939808
115	WGN63	32.0964871449995	4.87200114977866	1095	22.5369738960181	41.6560003939808
116	WGN63	47.0292623349994	4.87200114977866	1095	37.4697490860181	56.5887755839808
117	WGN63	41.9730762299995	4.87200114977866	1095	32.4135629810181	51.5325894789808
118	WGN63	40.5389224249995	4.87200114977866	1095	30.9794091760182	50.0984356739808
119	WGN63	51.7894851949994	4.87200114977866	1095	42.2299719460181	61.3489984439808
121	WGN63	32.7434049549995	4.87200114977866	1095	23.1838917060182	42.3029182039808
122	WGN63	42.4732295649994	4.87200114977866	1095	32.9137163160181	52.0327428139808
123	WGN63	30.9550466349995	4.87200114977866	1095	21.3955333860181	40.5145598839808
124	WGN63	37.2239813249994	4.87200114977866	1095	27.6644680760181	46.7834945739808
125	WGN63	39.2351473699994	4.87200114977866	1095	29.6756341210181	48.7946606189808
126	WGN63	44.5388014349995	4.87200114977866	1095	34.9792881860181	54.0983146839808
127	WGN63	41.1600654149995	4.87200114977866	1095	31.6005521660181	50.7195786639808
128	WGN63	39.9276758599995	4.87200114977866	1095	30.3681626110181	49.4871891089808
129	WGN63	40.7071208949994	4.87200114977866	1095	31.1476076460181	50.2666341439808
130	WGN63	41.9000451849995	4.87200114977866	1095	32.3405319360181	51.4595584339808
