plantID3	famID	emmean	SE	df	asymp.LCL	asymp.UCL
1	WGN07	1.99999999999837	0.612756521477946	Inf	0.799019286609554	3.20098071338719
2	WGN07	1.00000000000095	0.612756521478086	Inf	-0.200980713388146	2.20098071339004
3	WGN07	2.00000000000017	0.612756521478066	Inf	0.799019286611117	3.20098071338922
4	WGN07	1.00000000000028	0.612756521478099	Inf	-0.200980713388839	2.2009807133894
5	WGN07	1.99999999999999	0.612756521478086	Inf	0.799019286610903	3.20098071338909
6	WGN07	-2.5278390491934e-14	0.612756521478078	Inf	-1.2009807133891	1.20098071338905
7	WGN07	-4.28199142810115e-14	0.612756521478063	Inf	-1.20098071338909	1.200980713389
8	WGN07	1	0.612756521478068	Inf	-0.200980713389057	2.20098071338906
9	WGN07	1.62439506290468e-14	0.612756521478058	Inf	-1.20098071338902	1.20098071338905
10	WGN07	0.500000000000014	0.612756521478066	Inf	-0.700980713389039	1.70098071338907
11	WGN07	1.17274245869936e-13	0.612756521478069	Inf	-1.20098071338894	1.20098071338918
12	WGN07	0.499999999999918	0.612756521478076	Inf	-0.700980713389156	1.70098071338899
13	WGN07	5.46576672810772e-14	0.612756521478046	Inf	-1.20098071338896	1.20098071338907
14	WGN07	5.5	0.612756521478069	Inf	4.29901928661094	6.70098071338906
15	WGN07	-6.18255446838134e-15	0.612756521478069	Inf	-1.20098071338907	1.20098071338905
16	WGN07	0.999999999999989	0.612756521478064	Inf	-0.200980713389061	2.20098071338904
17	WGN07	-6.92432222670902e-14	0.612756521478079	Inf	-1.20098071338915	1.20098071338901
18	WGN07	3.00000000000003	0.612756521478055	Inf	1.799019286611	4.20098071338907
20	WGN07	3.1787072973799e-14	0.612756521478064	Inf	-1.20098071338902	1.20098071338908
21	WGN07	4.00000000000003	0.612756521478054	Inf	2.799019286611	5.20098071338906
22	WGN07	-5.79189474159136e-14	0.612756521478069	Inf	-1.20098071338912	1.200980713389
23	WGN07	2.00000000000005	0.612756521478057	Inf	0.799019286611016	3.20098071338909
24	WGN07	2.06848427275474e-14	0.612756521478069	Inf	-1.20098071338904	1.20098071338908
25	WGN07	2.13509765423225e-14	0.612756521478061	Inf	-1.20098071338902	1.20098071338907
26	WGN07	-4.6594672564737e-14	0.612756521478067	Inf	-1.2009807133891	1.20098071338901
27	WGN07	0.499999999999988	0.61275652147807	Inf	-0.700980713389074	1.70098071338905
28	WGN07	5.48797118860023e-14	0.612756521478058	Inf	-1.20098071338898	1.20098071338909
29	WGN07	-2.17256768131335e-14	0.612756521478068	Inf	-1.20098071338908	1.20098071338903
30	WGN07	-1.7950918529408e-14	0.612756521478066	Inf	-1.20098071338907	1.20098071338904
31	WGN07	0.999999999999995	0.612756521478074	Inf	-0.200980713389073	2.20098071338906
32	WGN07	3.00000000000005	0.612756521478067	Inf	1.799019286611	4.20098071338911
33	WGN07	1.62439506290468e-14	0.612756521478061	Inf	-1.20098071338903	1.20098071338906
34	WGN07	2.50000000000001	0.612756521478071	Inf	1.29901928661094	3.70098071338907
35	WGN07	1.00000000000004	0.612756521478068	Inf	-0.20098071338902	2.20098071338909
36	WGN07	0.500000000000039	0.612756521478068	Inf	-0.700980713389017	1.7009807133891
37	WGN07	-5.72528136011385e-14	0.612756521478083	Inf	-1.20098071338914	1.20098071338903
38	WGN07	0.500000000000033	0.61275652147806	Inf	-0.700980713389009	1.70098071338907
39	WGN07	2.49999999999999	0.612756521478072	Inf	1.29901928661093	3.70098071338906
40	WGN07	1.40235045797965e-14	0.612756521478062	Inf	-1.20098071338903	1.20098071338906
41	WGN07	1.9999999999999	0.61275652147807	Inf	0.799019286610842	3.20098071338896
42	WGN07	2.40155118014229e-14	0.612756521478063	Inf	-1.20098071338902	1.20098071338907
44	WGN07	0.500000000000004	0.61275652147806	Inf	-0.700980713389038	1.70098071338905
46	WGN07	1.00000000000006	0.61275652147805	Inf	-0.200980713388959	2.20098071338909
47	WGN07	0.499999999999994	0.61275652147807	Inf	-0.700980713389068	1.70098071338905
48	WGN07	1	0.612756521478076	Inf	-0.20098071338907	2.20098071338908
49	WGN07	-3.08295056150598e-14	0.612756521478067	Inf	-1.20098071338909	1.20098071338902
50	WGN07	1.00000000000001	0.612756521478074	Inf	-0.20098071338906	2.20098071338908
51	WGN07	2.00000000000002	0.612756521478065	Inf	0.799019286610969	3.20098071338907
52	WGN07	3.00000000000003	0.612756521478048	Inf	1.79901928661101	4.20098071338905
53	WGN07	2.82343592949985e-14	0.612756521478067	Inf	-1.20098071338903	1.20098071338908
54	WGN07	0.046195652173819	0.866764794721037	Inf	-1.65263212854667	1.7450234328943
55	WGN07	-7.2927774930065e-15	0.612756521478066	Inf	-1.20098071338906	1.20098071338905
56	WGN07	0.500000000000113	0.612756521478038	Inf	-0.700980713388885	1.70098071338911
57	WGN07	0.499999999999949	0.612756521478072	Inf	-0.700980713389116	1.70098071338901
58	WGN07	4.49999999999995	0.612756521478064	Inf	3.2990192866109	5.700980713389
59	WGN07	0.500000000000007	0.612756521478065	Inf	-0.700980713389044	1.70098071338906
60	WGN07	2.15730211472476e-14	0.61275652147806	Inf	-1.20098071338902	1.20098071338906
61	WGN07	2.99999999999994	0.612756521478065	Inf	1.79901928661089	4.20098071338899
63	WGN07	8.59659565755067e-14	0.612756521478062	Inf	-1.20098071338896	1.20098071338913
64	WGN07	0.500000000000031	0.61275652147807	Inf	-0.70098071338903	1.70098071338909
66	WGN07	1.00000000000005	0.612756521478056	Inf	-0.200980713388984	2.20098071338908
67	WGN07	5.58580959264532e-15	0.612756521478073	Inf	-1.20098071338906	1.20098071338907
68	WGN07	0.500000000000008	0.612756521478054	Inf	-0.700980713389022	1.70098071338904
69	WGN07	4.00000000000004	0.612756521478067	Inf	2.79901928661099	5.2009807133891
71	WGN07	0.500000000000009	0.612756521478068	Inf	-0.700980713389048	1.70098071338907
73	WGN07	-1.7950918529408e-14	0.612756521478062	Inf	-1.20098071338906	1.20098071338903
74	WGN07	3.50000000000004	0.612756521478067	Inf	2.29901928661099	4.7009807133891
75	WGN07	0.500000000000042	0.612756521478068	Inf	-0.700980713389015	1.7009807133891
76	WGN07	-4.85028683883115e-15	0.612756521478061	Inf	-1.20098071338905	1.20098071338904
77	WGN07	0.500000000000043	0.612756521478069	Inf	-0.700980713389016	1.7009807133891
78	WGN07	0.500000000000078	0.612756521478057	Inf	-0.700980713388958	1.70098071338911
79	WGN07	2.00000000000003	0.612756521478049	Inf	0.79901928661101	3.20098071338905
80	WGN07	-3.1939728639685e-14	0.612756521478079	Inf	-1.20098071338911	1.20098071338905
81	WGN07	0.499999999999963	0.612756521478075	Inf	-0.700980713389107	1.70098071338903
82	WGN07	0.50000000000004	0.612756521478061	Inf	-0.700980713389002	1.70098071338908
83	WGN07	0.500000000000021	0.612756521478071	Inf	-0.700980713389042	1.70098071338908
84	WGN07	1.50000000000005	0.612756521478084	Inf	0.29901928661096	2.70098071338914
85	WGN07	-9.29117893733178e-15	0.612756521478065	Inf	-1.20098071338906	1.20098071338904
86	WGN07	0.499999999999968	0.61275652147806	Inf	-0.700980713389073	1.70098071338901
87	WGN07	0.500000000000003	0.612756521478071	Inf	-0.70098071338906	1.70098071338907
88	WGN07	-1.29757316003065e-15	0.612756521478066	Inf	-1.20098071338906	1.20098071338905
89	WGN07	6.86464773913542e-14	0.612756521478053	Inf	-1.20098071338896	1.2009807133891
90	WGN07	0.499999999999999	0.612756521478068	Inf	-0.700980713389059	1.70098071338906
91	WGN07	4.00000000000009	0.612756521478064	Inf	2.79901928661104	5.20098071338914
92	WGN07	-8.62504512255668e-15	0.612756521478075	Inf	-1.20098071338908	1.20098071338906
93	WGN07	7.5842110369706e-15	0.612756521478077	Inf	-1.20098071338907	1.20098071338908
94	WGN07	1.50000000000002	0.612756521478074	Inf	0.299019286610949	2.70098071338909
95	WGN07	0.499999999999997	0.61275652147807	Inf	-0.700980713389064	1.70098071338906
96	WGN07	0.999999999999993	0.612756521478069	Inf	-0.200980713389066	2.20098071338905
97	WGN07	0.50000000000005	0.612756521478065	Inf	-0.700980713389001	1.7009807133891
98	WGN07	0.999999999999989	0.612756521478072	Inf	-0.200980713389075	2.20098071338905
99	WGN07	1.00000000000004	0.612756521478054	Inf	-0.200980713388989	2.20098071338907
100	WGN07	-3.54924423184855e-14	0.612756521478072	Inf	-1.2009807133891	1.20098071338903
101	WGN07	1.00000000000001	0.612756521478058	Inf	-0.200980713389028	2.20098071338905
102	WGN07	-8.18095591270662e-15	0.612756521478067	Inf	-1.20098071338906	1.20098071338905
103	WGN07	1.00000000000007	0.612756521478056	Inf	-0.200980713388962	2.20098071338911
104	WGN07	1.80203074684471e-14	0.612756521478056	Inf	-1.20098071338902	1.20098071338905
105	WGN07	1.55778168142717e-14	0.612756521478063	Inf	-1.20098071338903	1.20098071338906
106	WGN07	1	0.612756521478069	Inf	-0.200980713389056	2.20098071338906
107	WGN07	0.500000000000056	0.612756521478057	Inf	-0.700980713388979	1.70098071338909
108	WGN07	0.999999999999964	0.612756521478069	Inf	-0.200980713389094	2.20098071338902
109	WGN07	1.50000000000014	0.61275652147806	Inf	0.299019286611096	2.70098071338918
110	WGN07	0.999999999999934	0.612756521478054	Inf	-0.200980713389096	2.20098071338896
111	WGN07	2.5	0.612756521478056	Inf	1.29901928661096	3.70098071338903
112	WGN07	0.500000000000011	0.612756521478067	Inf	-0.700980713389045	1.70098071338907
113	WGN07	2.15730211472476e-14	0.612756521478066	Inf	-1.20098071338903	1.20098071338908
114	WGN07	3.11209391590239e-14	0.612756521478059	Inf	-1.20098071338901	1.20098071338907
115	WGN07	0.500000000000007	0.612756521478071	Inf	-0.700980713389056	1.70098071338907
116	WGN07	2.99999999999999	0.612756521478075	Inf	1.79901928661092	4.20098071338906
117	WGN07	-2.77208811461094e-14	0.612756521478071	Inf	-1.20098071338909	1.20098071338904
118	WGN07	1.00000000000005	0.612756521478065	Inf	-0.200980713389004	2.2009807133891
119	WGN07	0.50000000000003	0.612756521478061	Inf	-0.700980713389014	1.70098071338907
120	WGN07	1	0.612756521478071	Inf	-0.200980713389062	2.20098071338906
121	WGN07	0.499999999999997	0.612756521478075	Inf	-0.700980713389073	1.70098071338907
122	WGN07	-0.0461956521740039	0.866764794721076	Inf	-1.74502343289457	1.65263212854656
123	WGN07	0.500000000000009	0.612756521478061	Inf	-0.700980713389035	1.70098071338905
124	WGN07	1.71321290487469e-14	0.612756521478065	Inf	-1.20098071338903	1.20098071338907
125	WGN07	8.35234659213313e-14	0.612756521478049	Inf	-1.20098071338894	1.2009807133891
126	WGN07	4.93285967628765e-14	0.612756521478068	Inf	-1.20098071338901	1.20098071338911
127	WGN07	-1.32879818259823e-14	0.612756521478064	Inf	-1.20098071338906	1.20098071338904
128	WGN07	-4.18415302405606e-15	0.61275652147806	Inf	-1.20098071338905	1.20098071338904
129	WGN07	1.49999999999999	0.612756521478068	Inf	0.299019286610936	2.70098071338905
130	WGN07	1.49999999999998	0.612756521478071	Inf	0.299019286610914	2.70098071338904
1	WGN15	0.500000000000015	0.612756521478046	Inf	-0.700980713389	1.70098071338903
2	WGN15	1.49116829994966e-14	0.612756521478066	Inf	-1.20098071338904	1.20098071338907
3	WGN15	2.49999999999996	0.612756521478056	Inf	1.29901928661092	3.70098071338899
4	WGN15	7.28653248849298e-14	0.612756521478067	Inf	-1.20098071338898	1.20098071338913
5	WGN15	2.30163110792603e-14	0.612756521478076	Inf	-1.20098071338905	1.2009807133891
7	WGN15	6.56488752248663e-14	0.612756521478064	Inf	-1.20098071338898	1.20098071338912
8	WGN15	0.500000000000069	0.612756521478057	Inf	-0.700980713388967	1.7009807133891
9	WGN15	8.58549342730441e-14	0.612756521478071	Inf	-1.20098071338898	1.20098071338915
10	WGN15	0.500000000000079	0.612756521478059	Inf	-0.700980713388961	1.70098071338912
11	WGN15	3.00000000000025	0.612756521478082	Inf	1.79901928661117	4.20098071338934
12	WGN15	0.500000000000089	0.612756521478044	Inf	-0.700980713388921	1.7009807133891
13	WGN15	0.500000000000038	0.612756521478062	Inf	-0.700980713389006	1.70098071338908
14	WGN15	0.500000000000048	0.61275652147806	Inf	-0.700980713388994	1.70098071338909
15	WGN15	0.50000000000007	0.612756521478071	Inf	-0.700980713388994	1.70098071338913
16	WGN15	6.60929644347164e-14	0.612756521478066	Inf	-1.20098071338899	1.20098071338912
17	WGN15	0.953804347826137	0.866764794721062	Inf	-0.745023432894397	2.65263212854667
18	WGN15	0.500000000000092	0.612756521478068	Inf	-0.700980713388965	1.70098071338915
19	WGN15	0.0461956521740228	0.866764794721045	Inf	-1.65263212854648	1.74502343289452
20	WGN15	0.50000000000006	0.612756521478064	Inf	-0.70098071338899	1.70098071338911
21	WGN15	3.01217384368613e-14	0.612756521478074	Inf	-1.20098071338904	1.2009807133891
22	WGN15	9.07399155813948e-14	0.612756521478063	Inf	-1.20098071338896	1.20098071338914
23	WGN15	9.34599619917265e-14	0.612756521478059	Inf	-1.20098071338895	1.20098071338913
24	WGN15	-0.0461956521738472	0.866764794721064	Inf	-1.74502343289439	1.65263212854669
25	WGN15	0.500000000000075	0.612756521478062	Inf	-0.70098071338897	1.70098071338912
26	WGN15	5.3103355046602e-14	0.612756521478067	Inf	-1.200980713389	1.20098071338911
27	WGN15	0.500000000000079	0.612756521478073	Inf	-0.700980713388988	1.70098071338915
28	WGN15	1.00000000000005	0.612756521478059	Inf	-0.200980713388986	2.20098071338909
29	WGN15	2.50000000000014	0.612756521478076	Inf	1.29901928661106	3.70098071338921
30	WGN15	9.05178709764698e-14	0.612756521478066	Inf	-1.20098071338896	1.20098071338914
31	WGN15	1.95380434782611	0.866764794721058	Inf	0.254976567105578	3.65263212854663
32	WGN15	0.500000000000097	0.612756521478071	Inf	-0.700980713388966	1.70098071338916
33	WGN15	5.77662917500277e-14	0.612756521478063	Inf	-1.20098071338899	1.2009807133891
34	WGN15	5.12159759047393e-14	0.612756521478069	Inf	-1.20098071338901	1.20098071338911
35	WGN15	9.1628094001095e-14	0.612756521478059	Inf	-1.20098071338895	1.20098071338913
36	WGN15	1.00000000000003	0.612756521478072	Inf	-0.20098071338903	2.2009807133891
37	WGN15	6.82023881815041e-14	0.612756521478057	Inf	-1.20098071338897	1.2009807133891
38	WGN15	0.0461956521740123	0.866764794721053	Inf	-1.6526321285465	1.74502343289453
39	WGN15	4.0613346019569e-14	0.612756521478063	Inf	-1.20098071338901	1.20098071338909
40	WGN15	2.99999999999999	0.612756521478049	Inf	1.79901928661097	4.20098071338901
41	WGN15	7.7861328495743e-14	0.612756521478065	Inf	-1.20098071338897	1.20098071338913
43	WGN15	3.50000000000009	0.612756521478071	Inf	2.29901928661103	4.70098071338915
44	WGN15	0.500000000000063	0.612756521478071	Inf	-0.700980713388999	1.70098071338913
45	WGN15	0.500000000000083	0.612756521478064	Inf	-0.700980713388966	1.70098071338913
46	WGN15	0.500000000000066	0.61275652147807	Inf	-0.700980713388994	1.70098071338913
47	WGN15	1.00000000000011	0.612756521478051	Inf	-0.200980713388913	2.20098071338913
48	WGN15	6.58709198297913e-14	0.612756521478059	Inf	-1.20098071338897	1.2009807133891
50	WGN15	6.65925647957977e-14	0.612756521478065	Inf	-1.20098071338898	1.20098071338912
51	WGN15	0.500000000000019	0.612756521478076	Inf	-0.700980713389053	1.70098071338909
52	WGN15	0.500000000000132	0.612756521478052	Inf	-0.700980713388894	1.70098071338916
53	WGN15	5.2659265836752e-14	0.612756521478068	Inf	-1.200980713389	1.20098071338911
54	WGN15	-0.0461956521738721	0.866764794721059	Inf	-1.7450234328944	1.65263212854666
55	WGN15	0.500000000000081	0.612756521478058	Inf	-0.700980713388955	1.70098071338912
56	WGN15	0.500000000000047	0.612756521478063	Inf	-0.700980713389	1.70098071338909
57	WGN15	1.50000000000005	0.612756521478066	Inf	0.299019286611	2.70098071338911
58	WGN15	6.98677227184419e-14	0.612756521478078	Inf	-1.20098071338901	1.20098071338915
59	WGN15	6.50937637125537e-14	0.612756521478063	Inf	-1.20098071338898	1.20098071338911
60	WGN15	0.500000000000073	0.612756521478062	Inf	-0.700980713388972	1.70098071338912
61	WGN15	0.500000000000111	0.612756521478062	Inf	-0.700980713388936	1.70098071338916
62	WGN15	0.50000000000008	0.612756521478055	Inf	-0.700980713388951	1.70098071338911
63	WGN15	0.500000000000079	0.612756521478069	Inf	-0.70098071338898	1.70098071338914
64	WGN15	4.17790801954254e-14	0.61275652147807	Inf	-1.20098071338902	1.2009807133891
65	WGN15	1.14387666005911e-13	0.612756521478063	Inf	-1.20098071338893	1.20098071338916
66	WGN15	6.68146094007227e-14	0.612756521478073	Inf	-1.200980713389	1.20098071338913
67	WGN15	2.50000000000009	0.61275652147807	Inf	1.29901928661103	3.70098071338915
69	WGN15	1.00000000000005	0.61275652147806	Inf	-0.200980713388992	2.20098071338909
70	WGN15	7.04783453819857e-14	0.612756521478069	Inf	-1.20098071338899	1.20098071338913
71	WGN15	2.00000000000007	0.61275652147807	Inf	0.799019286611012	3.20098071338914
72	WGN15	-0.0461956521737737	0.866764794721082	Inf	-1.74502343289435	1.6526321285468
73	WGN15	7.37535033046299e-14	0.61275652147807	Inf	-1.20098071338899	1.20098071338914
74	WGN15	7.59739493538802e-14	0.612756521478065	Inf	-1.20098071338898	1.20098071338913
75	WGN15	-0.0461956521737503	0.866764794721041	Inf	-1.74502343289424	1.65263212854674
77	WGN15	1.00000000000007	0.612756521478071	Inf	-0.200980713388996	2.20098071338913
78	WGN15	5.62119795155525e-14	0.612756521478069	Inf	-1.200980713389	1.20098071338912
79	WGN15	0.500000000000055	0.612756521478062	Inf	-0.700980713388989	1.7009807133891
80	WGN15	0.500000000000081	0.612756521478057	Inf	-0.700980713388954	1.70098071338912
81	WGN15	1.00000000000003	0.612756521478061	Inf	-0.200980713389016	2.20098071338907
82	WGN15	7.17551018603046e-14	0.612756521478067	Inf	-1.20098071338898	1.20098071338913
83	WGN15	3.47846751402869e-14	0.612756521478069	Inf	-1.20098071338902	1.20098071338909
84	WGN15	0.500000000000041	0.612756521478053	Inf	-0.700980713388988	1.70098071338907
85	WGN15	8.90190698932258e-14	0.612756521478071	Inf	-1.20098071338897	1.20098071338915
86	WGN15	8.21356871405499e-14	0.612756521478052	Inf	-1.20098071338894	1.20098071338911
87	WGN15	0.500000000000053	0.612756521478064	Inf	-0.700980713388995	1.7009807133891
88	WGN15	2.84008927486923e-14	0.612756521478069	Inf	-1.20098071338903	1.20098071338909
89	WGN15	1.00000000000001	0.612756521478067	Inf	-0.200980713389044	2.20098071338907
90	WGN15	4.00000000000008	0.612756521478064	Inf	2.79901928661103	5.20098071338913
91	WGN15	8.50222670045753e-14	0.612756521478066	Inf	-1.20098071338897	1.20098071338914
92	WGN15	1.00000000000009	0.612756521478069	Inf	-0.200980713388969	2.20098071338915
93	WGN15	-1.96370697480575e-15	0.612756521478066	Inf	-1.20098071338906	1.20098071338905
94	WGN15	7.83609288568243e-14	0.612756521478065	Inf	-1.20098071338897	1.20098071338913
95	WGN15	2.00000000000009	0.612756521478068	Inf	0.799019286611032	3.20098071338915
96	WGN15	1.50000000000005	0.612756521478068	Inf	0.299019286610992	2.7009807133891
97	WGN15	6.67035870982602e-14	0.612756521478068	Inf	-1.20098071338899	1.20098071338912
98	WGN15	6.43166075953161e-14	0.612756521478068	Inf	-1.20098071338899	1.20098071338912
99	WGN15	1.08725528580322e-13	0.612756521478062	Inf	-1.20098071338894	1.20098071338915
100	WGN15	3.18980952762615e-14	0.612756521478065	Inf	-1.20098071338902	1.20098071338908
101	WGN15	1.0000000000001	0.61275652147807	Inf	-0.200980713388958	2.20098071338916
102	WGN15	1.00000000000007	0.61275652147806	Inf	-0.200980713388976	2.20098071338911
103	WGN15	0.500000000000082	0.612756521478069	Inf	-0.700980713388977	1.70098071338914
104	WGN15	4.89955298554889e-14	0.612756521478071	Inf	-1.20098071338901	1.20098071338911
106	WGN15	7.32539029435486e-14	0.61275652147807	Inf	-1.20098071338899	1.20098071338913
107	WGN15	0.500000000000083	0.612756521478062	Inf	-0.700980713388962	1.70098071338913
108	WGN15	4	0.612756521478059	Inf	2.79901928661096	5.20098071338904
109	WGN15	8.52443116095003e-14	0.612756521478062	Inf	-1.20098071338896	1.20098071338913
110	WGN15	9.85114767537709e-14	0.612756521478062	Inf	-1.20098071338895	1.20098071338914
111	WGN15	1.17662823928555e-13	0.612756521478059	Inf	-1.20098071338892	1.20098071338916
112	WGN15	1.00000000000007	0.612756521478069	Inf	-0.200980713388989	2.20098071338913
113	WGN15	1.04619565217394	0.866764794721067	Inf	-0.652632128546601	2.74502343289449
114	WGN15	7.36979921533987e-14	0.612756521478073	Inf	-1.20098071338899	1.20098071338914
115	WGN15	6.81468770302729e-14	0.612756521478068	Inf	-1.20098071338899	1.20098071338912
116	WGN15	2.50000000000009	0.61275652147806	Inf	1.29901928661105	3.70098071338913
117	WGN15	2.00000000000004	0.612756521478064	Inf	0.799019286610995	3.20098071338909
118	WGN15	1.00000000000009	0.612756521478063	Inf	-0.200980713388953	2.20098071338914
119	WGN15	0.500000000000072	0.612756521478061	Inf	-0.700980713388972	1.70098071338912
120	WGN15	3.50000000000005	0.612756521478059	Inf	2.29901928661101	4.70098071338909
121	WGN15	0.500000000000065	0.612756521478067	Inf	-0.700980713388989	1.70098071338912
122	WGN15	8.01927968474558e-14	0.612756521478063	Inf	-1.20098071338897	1.20098071338913
123	WGN15	0.50000000000015	0.612756521478073	Inf	-0.700980713388917	1.70098071338922
124	WGN15	8.72427130538256e-14	0.612756521478065	Inf	-1.20098071338896	1.20098071338914
125	WGN15	1.00000000000007	0.61275652147807	Inf	-0.200980713388988	2.20098071338913
126	WGN15	6.47606968051662e-14	0.612756521478069	Inf	-1.20098071338899	1.20098071338912
127	WGN15	8.8408447229682e-14	0.612756521478065	Inf	-1.20098071338896	1.20098071338914
128	WGN15	0.500000000000058	0.612756521478062	Inf	-0.700980713388987	1.7009807133891
129	WGN15	0.500000000000059	0.612756521478066	Inf	-0.700980713388994	1.70098071338911
130	WGN15	0.500000000000076	0.612756521478065	Inf	-0.700980713388975	1.70098071338913
3	WGN26	0.49999999999989	0.612756521478069	Inf	-0.700980713389169	1.70098071338895
4	WGN26	-1.60448043740047e-13	0.612756521478066	Inf	-1.20098071338921	1.20098071338889
5	WGN26	0.499999999999897	0.612756521478059	Inf	-0.700980713389143	1.70098071338894
6	WGN26	3.99999999999983	0.612756521478059	Inf	2.79901928661079	5.20098071338887
7	WGN26	2.99999999999984	0.612756521478062	Inf	1.79901928661079	4.20098071338888
9	WGN26	1.49999999999989	0.612756521478071	Inf	0.29901928661083	2.70098071338896
10	WGN26	0.999999999999852	0.61275652147806	Inf	-0.20098071338919	2.2009807133889
11	WGN26	-0.0461956521740526	0.866764794721069	Inf	-1.7450234328946	1.6526321285465
12	WGN26	-1.24865395800811e-13	0.612756521478067	Inf	-1.20098071338918	1.20098071338893
13	WGN26	2.50000000000001	0.612756521478081	Inf	1.29901928661092	3.70098071338909
14	WGN26	0.499999999999921	0.612756521478063	Inf	-0.700980713389127	1.70098071338897
15	WGN26	0.499999999999817	0.612756521478058	Inf	-0.700980713389221	1.70098071338886
17	WGN26	1.49999999999991	0.612756521478065	Inf	0.299019286610863	2.70098071338897
18	WGN26	0.953804347825983	0.866764794721083	Inf	-0.745023432894591	2.65263212854656
19	WGN26	1.04619565217379	0.866764794721053	Inf	-0.652632128546729	2.7450234328943
20	WGN26	0.953804347825944	0.866764794721047	Inf	-0.74502343289456	2.65263212854645
21	WGN26	0.49999999999992	0.61275652147807	Inf	-0.700980713389142	1.70098071338898
22	WGN26	1.49999999999983	0.612756521478052	Inf	0.299019286610801	2.70098071338885
23	WGN26	0.999999999999891	0.612756521478076	Inf	-0.200980713389181	2.20098071338896
25	WGN26	-1.10821074539302e-13	0.61275652147806	Inf	-1.20098071338915	1.20098071338893
26	WGN26	-1.0366013603047e-13	0.612756521478067	Inf	-1.20098071338916	1.20098071338895
27	WGN26	0.999999999999859	0.612756521478063	Inf	-0.200980713389189	2.20098071338891
28	WGN26	0.999999999999876	0.612756521478058	Inf	-0.200980713389162	2.20098071338891
29	WGN26	0.499999999999926	0.612756521478061	Inf	-0.700980713389117	1.70098071338897
30	WGN26	0.999999999999877	0.612756521478055	Inf	-0.200980713389156	2.20098071338891
31	WGN26	1.49999999999989	0.612756521478069	Inf	0.299019286610832	2.70098071338895
32	WGN26	0.499999999999852	0.612756521478059	Inf	-0.700980713389188	1.70098071338889
33	WGN26	2.95380434782606	0.866764794721079	Inf	1.25497656710549	4.65263212854663
34	WGN26	2.99999999999983	0.612756521478056	Inf	1.79901928661079	4.20098071338886
35	WGN26	0.499999999999862	0.612756521478062	Inf	-0.700980713389183	1.70098071338891
36	WGN26	3.99999999999988	0.612756521478066	Inf	2.79901928661082	5.20098071338893
38	WGN26	0.499999999999897	0.612756521478062	Inf	-0.700980713389147	1.70098071338894
39	WGN26	0.499999999999867	0.612756521478065	Inf	-0.700980713389185	1.70098071338892
40	WGN26	2.99999999999985	0.612756521478061	Inf	1.79901928661081	4.2009807133889
41	WGN26	1.04619565217383	0.866764794721086	Inf	-0.652632128546747	2.74502343289442
42	WGN26	0.999999999999884	0.612756521478069	Inf	-0.200980713389176	2.20098071338894
43	WGN26	2.49999999999994	0.612756521478074	Inf	1.29901928661087	3.70098071338901
44	WGN26	5.99999999999983	0.61275652147806	Inf	4.79901928661079	7.20098071338887
45	WGN26	1.49999999999989	0.612756521478062	Inf	0.299019286610847	2.70098071338894
46	WGN26	-1.20368992551079e-13	0.612756521478063	Inf	-1.20098071338917	1.20098071338893
47	WGN26	0.999999999999873	0.612756521478063	Inf	-0.200980713389174	2.20098071338892
48	WGN26	3.49999999999995	0.612756521478071	Inf	2.29901928661088	4.70098071338901
49	WGN26	1.99999999999986	0.612756521478063	Inf	0.799019286610816	3.20098071338891
50	WGN26	0.499999999999881	0.61275652147806	Inf	-0.700980713389159	1.70098071338892
51	WGN26	-1.28640154084536e-13	0.612756521478066	Inf	-1.20098071338918	1.20098071338893
52	WGN26	0.499999999999876	0.612756521478064	Inf	-0.700980713389172	1.70098071338892
53	WGN26	0.499999999999887	0.612756521478079	Inf	-0.700980713389192	1.70098071338897
54	WGN26	2.99999999999981	0.612756521478057	Inf	1.79901928661077	4.20098071338885
55	WGN26	0.999999999999852	0.612756521478054	Inf	-0.200980713389178	2.20098071338888
56	WGN26	0.499999999999888	0.612756521478065	Inf	-0.700980713389164	1.70098071338894
57	WGN26	0.999999999999894	0.612756521478071	Inf	-0.200980713389169	2.20098071338896
58	WGN26	0.999999999999881	0.612756521478071	Inf	-0.200980713389182	2.20098071338894
59	WGN26	1.04619565217379	0.86676479472107	Inf	-0.652632128546756	2.74502343289434
60	WGN26	-1.10987607992996e-13	0.612756521478067	Inf	-1.20098071338917	1.20098071338894
61	WGN26	0.999999999999862	0.612756521478055	Inf	-0.20098071338917	2.20098071338889
62	WGN26	0.999999999999868	0.61275652147806	Inf	-0.200980713389173	2.20098071338891
64	WGN26	0.499999999999876	0.612756521478068	Inf	-0.700980713389181	1.70098071338893
65	WGN26	1.49999999999987	0.612756521478064	Inf	0.299019286610818	2.70098071338892
66	WGN26	1.49999999999988	0.612756521478067	Inf	0.299019286610825	2.70098071338894
67	WGN26	0.999999999999896	0.612756521478063	Inf	-0.200980713389151	2.20098071338894
68	WGN26	0.999999999999895	0.612756521478061	Inf	-0.20098071338915	2.20098071338894
69	WGN26	0.499999999999867	0.612756521478067	Inf	-0.700980713389189	1.70098071338892
70	WGN26	0.499999999999876	0.612756521478068	Inf	-0.700980713389182	1.70098071338893
71	WGN26	0.499999999999884	0.612756521478057	Inf	-0.700980713389151	1.70098071338892
73	WGN26	0.999999999999901	0.612756521478058	Inf	-0.200980713389138	2.20098071338894
74	WGN26	0.999999999999837	0.612756521478065	Inf	-0.200980713389214	2.20098071338889
75	WGN26	0.999999999999891	0.612756521478067	Inf	-0.200980713389164	2.20098071338895
76	WGN26	0.999999999999875	0.612756521478067	Inf	-0.20098071338918	2.20098071338893
77	WGN26	0.0461956521737762	0.866764794721064	Inf	-1.65263212854676	1.74502343289431
78	WGN26	2.99999999999989	0.612756521478068	Inf	1.79901928661083	4.20098071338894
79	WGN26	-0.0461956521740318	0.866764794721062	Inf	-1.74502343289457	1.6526321285465
80	WGN26	-1.16927301174741e-13	0.612756521478067	Inf	-1.20098071338917	1.20098071338894
81	WGN26	2.99999999999989	0.612756521478067	Inf	1.79901928661083	4.20098071338894
82	WGN26	-1.1248640907624e-13	0.612756521478063	Inf	-1.20098071338916	1.20098071338893
83	WGN26	1.99999999999994	0.612756521478069	Inf	0.799019286610879	3.200980713389
85	WGN26	0.0461956521737892	0.866764794721065	Inf	-1.65263212854675	1.74502343289433
86	WGN26	0.0461956521737474	0.866764794721067	Inf	-1.6526321285468	1.74502343289429
87	WGN26	0.999999999999869	0.612756521478064	Inf	-0.20098071338918	2.20098071338892
88	WGN26	0.499999999999876	0.612756521478066	Inf	-0.700980713389178	1.70098071338893
89	WGN26	0.999999999999875	0.612756521478058	Inf	-0.200980713389163	2.20098071338891
90	WGN26	1.99999999999987	0.612756521478062	Inf	0.799019286610825	3.20098071338892
91	WGN26	1.49999999999988	0.612756521478073	Inf	0.299019286610819	2.70098071338895
92	WGN26	-1.22089838239248e-13	0.612756521478065	Inf	-1.20098071338917	1.20098071338893
93	WGN26	0.499999999999872	0.612756521478069	Inf	-0.700980713389187	1.70098071338893
94	WGN26	-1.23144550112642e-13	0.612756521478065	Inf	-1.20098071338917	1.20098071338893
95	WGN26	0.99999999999987	0.612756521478062	Inf	-0.200980713389175	2.20098071338891
96	WGN26	-9.62771529167128e-14	0.612756521478066	Inf	-1.20098071338915	1.20098071338896
97	WGN26	0.499999999999872	0.612756521478064	Inf	-0.700980713389176	1.70098071338892
98	WGN26	-1.24254773137267e-13	0.612756521478066	Inf	-1.20098071338918	1.20098071338893
99	WGN26	1.99999999999988	0.612756521478067	Inf	0.799019286610826	3.20098071338894
101	WGN26	1.99999999999988	0.612756521478068	Inf	0.799019286610827	3.20098071338894
102	WGN26	0.499999999999882	0.612756521478071	Inf	-0.700980713389181	1.70098071338895
103	WGN26	0.499999999999879	0.61275652147806	Inf	-0.700980713389163	1.70098071338892
104	WGN26	1.49999999999987	0.612756521478063	Inf	0.299019286610819	2.70098071338891
105	WGN26	0.999999999999889	0.612756521478065	Inf	-0.200980713389163	2.20098071338894
106	WGN26	0.499999999999894	0.612756521478067	Inf	-0.70098071338916	1.70098071338895
108	WGN26	2.99999999999988	0.612756521478067	Inf	1.79901928661083	4.20098071338894
109	WGN26	0.499999999999869	0.612756521478064	Inf	-0.700980713389181	1.70098071338892
111	WGN26	2.49999999999987	0.612756521478068	Inf	1.29901928661082	3.70098071338893
112	WGN26	1.49999999999987	0.612756521478064	Inf	0.29901928661082	2.70098071338892
113	WGN26	-1.07934494675277e-13	0.612756521478066	Inf	-1.20098071338916	1.20098071338895
115	WGN26	1.49999999999989	0.612756521478069	Inf	0.299019286610826	2.70098071338895
116	WGN26	-1.15928100452578e-13	0.612756521478065	Inf	-1.20098071338917	1.20098071338894
117	WGN26	1.0461956521738	0.866764794721065	Inf	-0.652632128546736	2.74502343289434
118	WGN26	-1.24532328893423e-13	0.612756521478065	Inf	-1.20098071338918	1.20098071338893
119	WGN26	0.499999999999885	0.612756521478068	Inf	-0.700980713389173	1.70098071338894
121	WGN26	0.999999999999898	0.612756521478068	Inf	-0.200980713389159	2.20098071338895
122	WGN26	1.49999999999986	0.612756521478063	Inf	0.299019286610816	2.70098071338891
123	WGN26	0.999999999999879	0.612756521478071	Inf	-0.200980713389184	2.20098071338894
125	WGN26	0.9999999999999	0.612756521478064	Inf	-0.200980713389149	2.20098071338895
127	WGN26	1.49999999999988	0.612756521478063	Inf	0.299019286610832	2.70098071338893
128	WGN26	0.999999999999874	0.612756521478063	Inf	-0.200980713389172	2.20098071338892
129	WGN26	-0.0461956521740626	0.866764794721074	Inf	-1.74502343289462	1.65263212854649
130	WGN26	0.499999999999666	0.612756521478135	Inf	-0.700980713389523	1.70098071338885
1	WGN36	1.49999999999993	0.612756521478015	Inf	0.29901928661098	2.70098071338889
2	WGN36	0.499999999999972	0.612756521478067	Inf	-0.700980713389084	1.70098071338903
4	WGN36	-3.39936412352415e-14	0.612756521478064	Inf	-1.20098071338908	1.20098071338901
5	WGN36	1.50000000000003	0.612756521478073	Inf	0.299019286610961	2.7009807133891
6	WGN36	0.499999999999951	0.612756521478066	Inf	-0.700980713389103	1.700980713389
7	WGN36	6.65925647957977e-14	0.612756521478054	Inf	-1.20098071338896	1.2009807133891
8	WGN36	0.49999999999997	0.612756521478072	Inf	-0.700980713389094	1.70098071338903
9	WGN36	5.95380434782592	0.866764794721047	Inf	4.25497656710541	7.65263212854642
10	WGN36	0.499999999999978	0.612756521478068	Inf	-0.700980713389079	1.70098071338903
11	WGN36	-2.46677678283902e-14	0.612756521478063	Inf	-1.20098071338907	1.20098071338902
12	WGN36	-0.0461956521738396	0.866764794721054	Inf	-1.74502343289436	1.65263212854668
13	WGN36	0.499999999999983	0.612756521478065	Inf	-0.700980713389068	1.70098071338903
14	WGN36	-9.08995101411847e-16	0.612756521478067	Inf	-1.20098071338906	1.20098071338905
15	WGN36	1.00000000000002	0.612756521478059	Inf	-0.200980713389021	2.20098071338906
16	WGN36	0.500000000000049	0.612756521478055	Inf	-0.700980713388982	1.70098071338908
17	WGN36	0.999999999999976	0.61275652147806	Inf	-0.200980713389065	2.20098071338902
18	WGN36	0.499999999999946	0.612756521478076	Inf	-0.700980713389127	1.70098071338902
19	WGN36	9.30505672513959e-15	0.612756521478065	Inf	-1.20098071338904	1.20098071338906
20	WGN36	0.499999999999984	0.612756521478069	Inf	-0.700980713389075	1.70098071338904
21	WGN36	0.499999999999936	0.612756521478081	Inf	-0.700980713389146	1.70098071338902
22	WGN36	5.00000000000017	0.612756521478077	Inf	3.79901928661109	6.20098071338924
23	WGN36	0.499999999999995	0.61275652147807	Inf	-0.700980713389066	1.70098071338906
24	WGN36	3.61724539210684e-14	0.612756521478063	Inf	-1.20098071338901	1.20098071338908
26	WGN36	0.999999999999977	0.612756521478061	Inf	-0.200980713389067	2.20098071338902
27	WGN36	0.499999999999971	0.612756521478073	Inf	-0.700980713389097	1.70098071338904
28	WGN36	1.99631977615411e-14	0.612756521478064	Inf	-1.20098071338903	1.20098071338907
30	WGN36	0.500000000000002	0.612756521478069	Inf	-0.700980713389057	1.70098071338906
31	WGN36	2.30718222304915e-14	0.612756521478058	Inf	-1.20098071338901	1.20098071338906
32	WGN36	1	0.612756521478061	Inf	-0.20098071338904	2.20098071338905
33	WGN36	-3.48818196549416e-14	0.612756521478071	Inf	-1.2009807133891	1.20098071338903
34	WGN36	1.99999999999999	0.61275652147806	Inf	0.799019286610946	3.20098071338903
35	WGN36	1.00000000000002	0.612756521478063	Inf	-0.200980713389026	2.20098071338907
36	WGN36	-1.82284742855643e-14	0.612756521478069	Inf	-1.20098071338908	1.20098071338904
37	WGN36	-0.0461956521739211	0.866764794721062	Inf	-1.74502343289445	1.65263212854661
38	WGN36	-0.0461956521739184	0.866764794721066	Inf	-1.74502343289446	1.65263212854662
39	WGN36	0.499999999999988	0.612756521478066	Inf	-0.700980713389066	1.70098071338904
40	WGN36	0.499999999999983	0.612756521478065	Inf	-0.700980713389069	1.70098071338903
41	WGN36	1.49999999999999	0.61275652147807	Inf	0.299019286610934	2.70098071338906
42	WGN36	1.5	0.61275652147807	Inf	0.299019286610935	2.70098071338906
43	WGN36	-2.42861286636753e-16	0.612756521478064	Inf	-1.20098071338905	1.20098071338905
44	WGN36	-1.11230469279633e-14	0.612756521478067	Inf	-1.20098071338907	1.20098071338904
45	WGN36	6.49999999999987	0.612756521478059	Inf	5.29901928661083	7.70098071338891
46	WGN36	2.49999999999997	0.612756521478061	Inf	1.29901928661093	3.70098071338901
47	WGN36	0.953804347826067	0.866764794721075	Inf	-0.745023432894493	2.65263212854663
48	WGN36	0.5	0.612756521478062	Inf	-0.700980713389045	1.70098071338905
49	WGN36	0.499999999999987	0.612756521478065	Inf	-0.700980713389064	1.70098071338904
51	WGN36	0.499999999999999	0.612756521478063	Inf	-0.700980713389048	1.70098071338905
52	WGN36	0.500000000000007	0.612756521478061	Inf	-0.700980713389036	1.70098071338905
53	WGN36	-1.86725634954144e-14	0.612756521478066	Inf	-1.20098071338907	1.20098071338903
54	WGN36	0.500000000000003	0.612756521478062	Inf	-0.700980713389042	1.70098071338905
55	WGN36	-1.57859836313889e-14	0.612756521478068	Inf	-1.20098071338907	1.20098071338904
56	WGN36	0.499999999999994	0.612756521478065	Inf	-0.700980713389057	1.70098071338905
57	WGN36	0.499999999999992	0.612756521478065	Inf	-0.70098071338906	1.70098071338904
58	WGN36	0.500000000000001	0.612756521478065	Inf	-0.700980713389051	1.70098071338905
59	WGN36	6.64052146603922e-15	0.612756521478062	Inf	-1.20098071338904	1.20098071338905
60	WGN36	1.28577704039401e-14	0.612756521478062	Inf	-1.20098071338903	1.20098071338906
62	WGN36	6.45317133063372e-16	0.612756521478064	Inf	-1.20098071338905	1.20098071338905
64	WGN36	-1.73402958658642e-14	0.612756521478068	Inf	-1.20098071338908	1.20098071338904
65	WGN36	-1.73402958658642e-14	0.612756521478066	Inf	-1.20098071338907	1.20098071338904
66	WGN36	0.499999999999979	0.612756521478068	Inf	-0.700980713389079	1.70098071338904
68	WGN36	0.499999999999992	0.612756521478066	Inf	-0.700980713389061	1.70098071338904
69	WGN36	1.49999999999999	0.612756521478066	Inf	0.299019286610941	2.70098071338905
70	WGN36	-1.44537160018388e-14	0.612756521478066	Inf	-1.20098071338907	1.20098071338904
71	WGN36	1.01932351448397e-14	0.612756521478064	Inf	-1.20098071338904	1.20098071338906
72	WGN36	0.500000000000003	0.612756521478065	Inf	-0.700980713389047	1.70098071338905
74	WGN36	8.19483370051444e-15	0.612756521478063	Inf	-1.20098071338904	1.20098071338906
75	WGN36	0.499999999999996	0.612756521478065	Inf	-0.700980713389055	1.70098071338905
76	WGN36	-3.57353036051222e-15	0.612756521478064	Inf	-1.20098071338905	1.20098071338905
77	WGN36	1	0.61275652147806	Inf	-0.20098071338904	2.20098071338905
78	WGN36	0.499999999999989	0.612756521478066	Inf	-0.700980713389065	1.70098071338904
79	WGN36	-9.7907792984131e-15	0.612756521478065	Inf	-1.20098071338906	1.20098071338904
80	WGN36	1.00000000000001	0.612756521478061	Inf	-0.200980713389037	2.20098071338905
81	WGN36	0.49999999999999	0.612756521478066	Inf	-0.700980713389063	1.70098071338904
82	WGN36	-4.02108901731424e-14	0.612756521478068	Inf	-1.2009807133891	1.20098071338902
83	WGN36	1.49999999999999	0.61275652147807	Inf	0.299019286610929	2.70098071338905
84	WGN36	-9.7907792984131e-15	0.612756521478065	Inf	-1.20098071338906	1.20098071338904
85	WGN36	1.5	0.612756521478062	Inf	0.299019286610952	2.70098071338904
86	WGN36	0.499999999999998	0.612756521478067	Inf	-0.700980713389057	1.70098071338905
87	WGN36	1.84088855270659e-14	0.612756521478059	Inf	-1.20098071338902	1.20098071338906
88	WGN36	1.5	0.612756521478066	Inf	0.299019286610945	2.70098071338905
89	WGN36	0.499999999999984	0.612756521478066	Inf	-0.70098071338907	1.70098071338904
90	WGN36	1.53002610581154e-14	0.612756521478061	Inf	-1.20098071338903	1.20098071338906
92	WGN36	1.08940634291343e-15	0.612756521478064	Inf	-1.20098071338905	1.20098071338905
93	WGN36	-8.90260087871297e-15	0.612756521478066	Inf	-1.20098071338906	1.20098071338905
94	WGN36	0.999999999999987	0.612756521478068	Inf	-0.20098071338907	2.20098071338904
95	WGN36	-1.11230469279633e-14	0.612756521478062	Inf	-1.20098071338906	1.20098071338903
96	WGN36	1.49999999999999	0.612756521478067	Inf	0.299019286610936	2.70098071338905
97	WGN36	-6.86950496486816e-16	0.612756521478064	Inf	-1.20098071338905	1.20098071338905
98	WGN36	0.499999999999996	0.612756521478064	Inf	-0.700980713389053	1.70098071338905
99	WGN36	-8.68055627378794e-15	0.612756521478065	Inf	-1.20098071338906	1.20098071338904
100	WGN36	0.999999999999994	0.612756521478062	Inf	-0.200980713389051	2.20098071338904
102	WGN36	0.500000000000006	0.612756521478063	Inf	-0.700980713389041	1.70098071338905
104	WGN36	0.499999999999987	0.612756521478065	Inf	-0.700980713389065	1.70098071338904
105	WGN36	-9.7907792984131e-15	0.612756521478063	Inf	-1.20098071338906	1.20098071338904
106	WGN36	1.49999999999999	0.612756521478063	Inf	0.299019286610946	2.70098071338904
107	WGN36	-1.84505188904893e-14	0.612756521478063	Inf	-1.20098071338907	1.20098071338903
108	WGN36	0.499999999999989	0.612756521478069	Inf	-0.70098071338907	1.70098071338905
109	WGN36	0.499999999999998	0.612756521478064	Inf	-0.700980713389052	1.70098071338905
110	WGN36	1.49999999999999	0.612756521478064	Inf	0.299019286610941	2.70098071338904
112	WGN36	-5.79397640976254e-15	0.612756521478064	Inf	-1.20098071338906	1.20098071338904
114	WGN36	-9.56873469348807e-15	0.612756521478063	Inf	-1.20098071338906	1.20098071338904
116	WGN36	0.999999999999986	0.612756521478064	Inf	-0.200980713389063	2.20098071338904
117	WGN36	0.999999999999982	0.612756521478068	Inf	-0.200980713389074	2.20098071338904
118	WGN36	0.49999999999998	0.612756521478066	Inf	-0.700980713389072	1.70098071338903
119	WGN36	0.500000000000009	0.612756521478065	Inf	-0.700980713389042	1.70098071338906
120	WGN36	-8.23646706393788e-15	0.612756521478064	Inf	-1.20098071338906	1.20098071338904
121	WGN36	0.499999999999987	0.612756521478068	Inf	-0.700980713389069	1.70098071338904
122	WGN36	0.499999999999984	0.612756521478068	Inf	-0.700980713389073	1.70098071338904
123	WGN36	0.499999999999989	0.612756521478065	Inf	-0.700980713389062	1.70098071338904
124	WGN36	-1.04569131131882e-14	0.612756521478065	Inf	-1.20098071338906	1.20098071338904
125	WGN36	0.999999999999996	0.612756521478063	Inf	-0.200980713389052	2.20098071338904
126	WGN36	0.499999999999989	0.612756521478066	Inf	-0.700980713389064	1.70098071338904
127	WGN36	-9.12464548363801e-15	0.612756521478064	Inf	-1.20098071338906	1.20098071338904
128	WGN36	0.499999999999992	0.612756521478065	Inf	-0.700980713389059	1.70098071338904
129	WGN36	-1.6452117446164e-14	0.612756521478064	Inf	-1.20098071338907	1.20098071338903
130	WGN36	-2.019218126037e-15	0.612756521478066	Inf	-1.20098071338905	1.20098071338905
1	WGN38	0.5000000000004	0.612756521478088	Inf	-0.700980713388697	1.7009807133895
2	WGN38	0.499999999999945	0.612756521478064	Inf	-0.700980713389104	1.70098071338899
3	WGN38	0.499999999999923	0.61275652147806	Inf	-0.700980713389119	1.70098071338896
4	WGN38	-3.81569775775858e-14	0.612756521478058	Inf	-1.20098071338908	1.200980713389
5	WGN38	0.499999999999963	0.612756521478072	Inf	-0.700980713389103	1.70098071338903
6	WGN38	-0.0461956521739661	0.866764794721064	Inf	-1.7450234328945	1.65263212854657
7	WGN38	-4.44852488179492e-14	0.61275652147807	Inf	-1.20098071338911	1.20098071338902
8	WGN38	0.499999999999911	0.612756521478056	Inf	-0.700980713389122	1.70098071338894
10	WGN38	0.499999999999977	0.612756521478053	Inf	-0.700980713389051	1.700980713389
11	WGN38	0.499999999999919	0.612756521478066	Inf	-0.700980713389135	1.70098071338897
12	WGN38	-0.0461956521740071	0.866764794721056	Inf	-1.74502343289453	1.65263212854651
13	WGN38	-4.6150583354887e-14	0.612756521478066	Inf	-1.2009807133891	1.20098071338901
14	WGN38	0.499999999999965	0.61275652147807	Inf	-0.700980713389096	1.70098071338903
16	WGN38	0.499999999999949	0.612756521478061	Inf	-0.700980713389095	1.70098071338899
18	WGN38	-3.83790221825109e-14	0.612756521478065	Inf	-1.20098071338909	1.20098071338901
19	WGN38	-3.98223121145236e-14	0.612756521478062	Inf	-1.20098071338908	1.20098071338901
20	WGN38	-3.27168847569226e-14	0.61275652147806	Inf	-1.20098071338907	1.20098071338901
21	WGN38	0.999999999999964	0.612756521478064	Inf	-0.200980713389084	2.20098071338901
22	WGN38	0.499999999999956	0.612756521478068	Inf	-0.700980713389101	1.70098071338901
23	WGN38	1.49999999999997	0.612756521478067	Inf	0.29901928661092	2.70098071338903
24	WGN38	-2.8720081868272e-14	0.61275652147806	Inf	-1.20098071338907	1.20098071338901
26	WGN38	0.999999999999969	0.612756521478064	Inf	-0.200980713389082	2.20098071338902
27	WGN38	0.499999999999958	0.612756521478069	Inf	-0.700980713389101	1.70098071338902
28	WGN38	-5.3256010712488e-14	0.612756521478069	Inf	-1.20098071338911	1.20098071338901
29	WGN38	0.499999999999963	0.612756521478069	Inf	-0.700980713389096	1.70098071338902
30	WGN38	2.49999999999994	0.612756521478062	Inf	1.2990192866109	3.70098071338899
32	WGN38	0.999999999999949	0.612756521478062	Inf	-0.200980713389096	2.20098071338899
33	WGN38	0.999999999999952	0.612756521478065	Inf	-0.2009807133891	2.200980713389
34	WGN38	3.49999999999994	0.612756521478063	Inf	2.29901928661089	4.70098071338898
35	WGN38	2.49999999999993	0.612756521478061	Inf	1.29901928661089	3.70098071338898
36	WGN38	0.499999999999956	0.612756521478066	Inf	-0.700980713389098	1.70098071338901
37	WGN38	2.99999999999993	0.612756521478062	Inf	1.79901928661089	4.20098071338898
38	WGN38	0.499999999999955	0.612756521478068	Inf	-0.700980713389101	1.70098071338901
39	WGN38	0.499999999999949	0.612756521478065	Inf	-0.700980713389102	1.700980713389
40	WGN38	0.499999999999954	0.612756521478065	Inf	-0.700980713389098	1.70098071338901
41	WGN38	0.999999999999956	0.612756521478065	Inf	-0.200980713389095	2.20098071338901
42	WGN38	-4.68167171696621e-14	0.612756521478063	Inf	-1.20098071338909	1.200980713389
45	WGN38	-3.87120890898984e-14	0.612756521478062	Inf	-1.20098071338908	1.20098071338901
46	WGN38	-4.03774236268362e-14	0.612756521478065	Inf	-1.20098071338909	1.20098071338901
47	WGN38	-3.81569775775858e-14	0.612756521478061	Inf	-1.20098071338908	1.20098071338901
48	WGN38	1.99999999999997	0.612756521478067	Inf	0.799019286610914	3.20098071338902
49	WGN38	1.99999999999993	0.612756521478061	Inf	0.799019286610886	3.20098071338897
50	WGN38	1.49999999999997	0.612756521478066	Inf	0.299019286610912	2.70098071338902
51	WGN38	0.99999999999996	0.612756521478066	Inf	-0.200980713389094	2.20098071338901
52	WGN38	1.99999999999997	0.612756521478067	Inf	0.799019286610918	3.20098071338903
53	WGN38	-4.11545797440738e-14	0.612756521478064	Inf	-1.20098071338909	1.20098071338901
54	WGN38	0.499999999999961	0.612756521478065	Inf	-0.70098071338909	1.70098071338901
55	WGN38	-3.9489245207136e-14	0.612756521478063	Inf	-1.20098071338909	1.20098071338901
56	WGN38	0.49999999999996	0.612756521478066	Inf	-0.700980713389093	1.70098071338901
59	WGN38	2.99999999999995	0.612756521478065	Inf	1.7990192866109	4.200980713389
61	WGN38	0.499999999999959	0.612756521478066	Inf	-0.700980713389096	1.70098071338901
63	WGN38	0.499999999999955	0.612756521478065	Inf	-0.700980713389097	1.70098071338901
64	WGN38	0.499999999999956	0.612756521478068	Inf	-0.7009807133891	1.70098071338901
65	WGN38	1.49999999999995	0.612756521478064	Inf	0.299019286610905	2.700980713389
66	WGN38	1.99999999999996	0.612756521478064	Inf	0.799019286610909	3.20098071338901
67	WGN38	0.499999999999965	0.612756521478065	Inf	-0.700980713389086	1.70098071338902
68	WGN38	0.499999999999951	0.612756521478067	Inf	-0.700980713389103	1.70098071338901
69	WGN38	-4.59285387499619e-14	0.612756521478066	Inf	-1.2009807133891	1.20098071338901
70	WGN38	1.49999999999996	0.612756521478067	Inf	0.29901928661091	2.70098071338902
72	WGN38	0.99999999999996	0.612756521478066	Inf	-0.200980713389092	2.20098071338901
73	WGN38	0.499999999999958	0.612756521478064	Inf	-0.700980713389091	1.70098071338901
74	WGN38	0.499999999999958	0.612756521478063	Inf	-0.70098071338909	1.70098071338901
76	WGN38	-3.96002675095986e-14	0.612756521478063	Inf	-1.20098071338909	1.20098071338901
77	WGN38	0.499999999999957	0.612756521478065	Inf	-0.700980713389094	1.70098071338901
78	WGN38	-3.89341336948235e-14	0.612756521478063	Inf	-1.20098071338909	1.20098071338901
80	WGN38	-4.73718286819746e-14	0.612756521478067	Inf	-1.2009807133891	1.20098071338901
81	WGN38	-4.39301373056367e-14	0.612756521478065	Inf	-1.2009807133891	1.20098071338901
82	WGN38	-3.96002675095986e-14	0.612756521478064	Inf	-1.20098071338909	1.20098071338901
83	WGN38	0.999999999999954	0.612756521478064	Inf	-0.200980713389094	2.200980713389
84	WGN38	-4.05994682317612e-14	0.612756521478065	Inf	-1.20098071338909	1.20098071338901
85	WGN38	-4.00443567194486e-14	0.612756521478064	Inf	-1.20098071338909	1.20098071338901
86	WGN38	0.499999999999959	0.612756521478065	Inf	-0.700980713389092	1.70098071338901
87	WGN38	0.49999999999996	0.612756521478065	Inf	-0.700980713389091	1.70098071338901
88	WGN38	-4.33750257933241e-14	0.612756521478066	Inf	-1.2009807133891	1.20098071338901
89	WGN38	-4.33750257933241e-14	0.612756521478065	Inf	-1.20098071338909	1.20098071338901
90	WGN38	0.999999999999954	0.612756521478063	Inf	-0.200980713389094	2.200980713389
91	WGN38	0.999999999999959	0.612756521478065	Inf	-0.200980713389092	2.20098071338901
92	WGN38	-4.38191150031741e-14	0.612756521478065	Inf	-1.2009807133891	1.20098071338901
93	WGN38	-4.35970703982491e-14	0.612756521478065	Inf	-1.2009807133891	1.20098071338901
94	WGN38	0.999999999999959	0.612756521478064	Inf	-0.200980713389092	2.20098071338901
95	WGN38	-3.81569775775858e-14	0.612756521478064	Inf	-1.20098071338909	1.20098071338901
96	WGN38	-4.01553790219111e-14	0.612756521478064	Inf	-1.20098071338909	1.20098071338901
97	WGN38	0.499999999999957	0.612756521478065	Inf	-0.700980713389094	1.70098071338901
98	WGN38	1.49999999999996	0.612756521478064	Inf	0.299019286610908	2.70098071338901
99	WGN38	0.999999999999957	0.612756521478065	Inf	-0.200980713389093	2.20098071338901
100	WGN38	-3.80459552751233e-14	0.612756521478064	Inf	-1.20098071338909	1.20098071338901
101	WGN38	-4.33750257933241e-14	0.612756521478066	Inf	-1.2009807133891	1.20098071338901
102	WGN38	1.49999999999996	0.612756521478064	Inf	0.299019286610909	2.70098071338901
103	WGN38	0.999999999999959	0.612756521478065	Inf	-0.200980713389091	2.20098071338901
104	WGN38	0.999999999999951	0.612756521478063	Inf	-0.200980713389095	2.200980713389
106	WGN38	-0.0461956521739522	0.866764794721062	Inf	-1.74502343289449	1.65263212854658
107	WGN38	-3.70467545529607e-14	0.612756521478064	Inf	-1.20098071338909	1.20098071338901
108	WGN38	0.0461956521738719	0.866764794721065	Inf	-1.65263212854667	1.74502343289441
109	WGN38	0.0461956521738751	0.866764794721064	Inf	-1.65263212854666	1.74502343289441
110	WGN38	2.49999999999997	0.612756521478066	Inf	1.29901928661092	3.70098071338903
111	WGN38	-4.15986689539238e-14	0.612756521478066	Inf	-1.20098071338909	1.20098071338901
112	WGN38	-0.0461956521739559	0.866764794721063	Inf	-1.74502343289449	1.65263212854658
113	WGN38	-4.02664013243736e-14	0.612756521478066	Inf	-1.20098071338909	1.20098071338901
114	WGN38	-4.08215128366862e-14	0.612756521478065	Inf	-1.20098071338909	1.20098071338901
115	WGN38	0.999999999999959	0.612756521478065	Inf	-0.200980713389093	2.20098071338901
1	WGN39	2.00000000000102	0.612756521478017	Inf	0.799019286612067	3.20098071338998
2	WGN39	5.00000000000003	0.61275652147807	Inf	3.79901928661097	6.20098071338909
3	WGN39	2.00000000000005	0.612756521478067	Inf	0.799019286610998	3.20098071338911
4	WGN39	5.50000000000001	0.612756521478066	Inf	4.29901928661095	6.70098071338906
5	WGN39	5.00000000000004	0.61275652147807	Inf	3.79901928661098	6.2009807133891
6	WGN39	4.5000000000001	0.612756521478072	Inf	3.29901928661104	5.70098071338917
7	WGN39	1.50000000000001	0.612756521478071	Inf	0.299019286610946	2.70098071338907
8	WGN39	3.99999999999999	0.612756521478065	Inf	2.79901928661094	5.20098071338904
9	WGN39	3.50000000000002	0.612756521478064	Inf	2.29901928661097	4.70098071338907
10	WGN39	3.49999999999997	0.612756521478066	Inf	2.29901928661092	4.70098071338902
11	WGN39	6.00000000000007	0.612756521478075	Inf	4.799019286611	7.20098071338915
12	WGN39	3.50000000000003	0.612756521478067	Inf	2.29901928661098	4.70098071338909
13	WGN39	1.50000000000006	0.61275652147807	Inf	0.299019286610995	2.70098071338912
14	WGN39	0.500000000000004	0.612756521478068	Inf	-0.700980713389053	1.70098071338906
15	WGN39	1.5	0.612756521478072	Inf	0.299019286610931	2.70098071338906
16	WGN39	1.00000000000009	0.612756521478056	Inf	-0.200980713388945	2.20098071338912
17	WGN39	0.999999999999978	0.612756521478073	Inf	-0.200980713389089	2.20098071338904
18	WGN39	5.00000000000011	0.612756521478075	Inf	3.79901928661104	6.20098071338919
19	WGN39	2.50000000000001	0.612756521478066	Inf	1.29901928661096	3.70098071338907
20	WGN39	5.50000000000006	0.612756521478065	Inf	4.29901928661101	6.70098071338912
21	WGN39	0.499999999999979	0.612756521478067	Inf	-0.700980713389076	1.70098071338903
22	WGN39	4.95380434782623	0.866764794721081	Inf	3.25497656710566	6.6526321285468
24	WGN39	5.50000000000005	0.612756521478067	Inf	4.29901928661099	6.7009807133891
25	WGN39	2.50000000000003	0.612756521478074	Inf	1.29901928661096	3.7009807133891
26	WGN39	4.50000000000004	0.612756521478069	Inf	3.29901928661098	5.7009807133891
27	WGN39	3.49999999999995	0.612756521478054	Inf	2.29901928661092	4.70098071338898
28	WGN39	0.0461956521739508	0.866764794721053	Inf	-1.65263212854657	1.74502343289447
29	WGN39	3.49999999999993	0.612756521478052	Inf	2.2990192866109	4.70098071338895
30	WGN39	2.5	0.612756521478063	Inf	1.29901928661095	3.70098071338904
31	WGN39	3.50000000000002	0.612756521478068	Inf	2.29901928661096	4.70098071338908
32	WGN39	1.00000000000001	0.612756521478064	Inf	-0.200980713389039	2.20098071338906
34	WGN39	1.00000000000001	0.612756521478071	Inf	-0.200980713389052	2.20098071338907
35	WGN39	3.00000000000001	0.612756521478063	Inf	1.79901928661096	4.20098071338906
36	WGN39	3.99999999999998	0.61275652147806	Inf	2.79901928661094	5.20098071338902
37	WGN39	2.00000000000002	0.61275652147807	Inf	0.799019286610955	3.20098071338908
38	WGN39	-0.0461956521739215	0.866764794721062	Inf	-1.74502343289445	1.65263212854661
39	WGN39	0.500000000000066	0.61275652147806	Inf	-0.700980713388977	1.70098071338911
40	WGN39	3.50000000000004	0.612756521478071	Inf	2.29901928661098	4.70098071338911
41	WGN39	5.00000000000008	0.612756521478072	Inf	3.79901928661101	6.20098071338914
42	WGN39	4.99999999999998	0.612756521478063	Inf	3.79901928661093	6.20098071338903
43	WGN39	2.00000000000004	0.612756521478063	Inf	0.799019286610989	3.20098071338908
44	WGN39	7.00000000000009	0.612756521478068	Inf	5.79901928661104	8.20098071338915
45	WGN39	4.50000000000003	0.612756521478067	Inf	3.29901928661098	5.70098071338909
46	WGN39	7.00000000000007	0.612756521478069	Inf	5.79901928661101	8.20098071338913
47	WGN39	3	0.612756521478068	Inf	1.79901928661095	4.20098071338906
48	WGN39	1.5	0.612756521478057	Inf	0.29901928661097	2.70098071338904
49	WGN39	1.50000000000004	0.612756521478058	Inf	0.299019286610999	2.70098071338907
50	WGN39	1.5	0.612756521478069	Inf	0.299019286610942	2.70098071338906
51	WGN39	4.99999999999987	0.612756521478051	Inf	3.79901928661085	6.20098071338889
52	WGN39	4.5	0.612756521478064	Inf	3.29901928661095	5.70098071338905
53	WGN39	2.50000000000002	0.612756521478069	Inf	1.29901928661096	3.70098071338908
54	WGN39	5.50000000000002	0.612756521478065	Inf	4.29901928661097	6.70098071338907
55	WGN39	1.50000000000002	0.612756521478071	Inf	0.299019286610962	2.70098071338909
56	WGN39	0.500000000000007	0.612756521478064	Inf	-0.700980713389043	1.70098071338906
57	WGN39	1.00000000000003	0.612756521478066	Inf	-0.200980713389025	2.20098071338908
58	WGN39	1.00000000000001	0.612756521478064	Inf	-0.200980713389038	2.20098071338906
59	WGN39	2.50000000000001	0.61275652147806	Inf	1.29901928661096	3.70098071338905
60	WGN39	4.99999999999998	0.612756521478066	Inf	3.79901928661093	6.20098071338903
61	WGN39	7.00000000000003	0.612756521478066	Inf	5.79901928661098	8.20098071338909
62	WGN39	2.50000000000003	0.612756521478069	Inf	1.29901928661097	3.70098071338909
63	WGN39	5.49999999999999	0.612756521478064	Inf	4.29901928661094	6.70098071338904
64	WGN39	4.49999999999999	0.612756521478065	Inf	3.29901928661094	5.70098071338904
65	WGN39	1.00000000000002	0.612756521478064	Inf	-0.20098071338903	2.20098071338907
66	WGN39	3.49999999999997	0.612756521478056	Inf	2.29901928661094	4.70098071338901
67	WGN39	6.50000000000004	0.612756521478065	Inf	5.29901928661099	7.70098071338909
68	WGN39	4.99999999999996	0.612756521478061	Inf	3.79901928661091	6.200980713389
69	WGN39	2.50000000000002	0.612756521478065	Inf	1.29901928661096	3.70098071338907
70	WGN39	3.00000000000002	0.612756521478066	Inf	1.79901928661097	4.20098071338908
71	WGN39	4.00000000000001	0.612756521478066	Inf	2.79901928661096	5.20098071338907
72	WGN39	3.5	0.612756521478063	Inf	2.29901928661096	4.70098071338905
73	WGN39	3.00000000000003	0.61275652147807	Inf	1.79901928661097	4.20098071338909
74	WGN39	3.00000000000003	0.612756521478071	Inf	1.79901928661097	4.2009807133891
75	WGN39	3	0.612756521478062	Inf	1.79901928661095	4.20098071338904
76	WGN39	2.50000000000003	0.612756521478072	Inf	1.29901928661097	3.7009807133891
77	WGN39	1.00000000000002	0.612756521478065	Inf	-0.200980713389027	2.20098071338908
78	WGN39	2.00000000000003	0.612756521478067	Inf	0.799019286610971	3.20098071338908
79	WGN39	2.00000000000002	0.612756521478062	Inf	0.799019286610974	3.20098071338906
80	WGN39	4.00000000000004	0.612756521478069	Inf	2.79901928661099	5.2009807133891
81	WGN39	3.50000000000007	0.612756521478071	Inf	2.299019286611	4.70098071338913
82	WGN39	1.00000000000001	0.612756521478066	Inf	-0.200980713389041	2.20098071338907
83	WGN39	0.500000000000003	0.61275652147807	Inf	-0.700980713389058	1.70098071338906
84	WGN39	6.49999999999989	0.612756521478061	Inf	5.29901928661085	7.70098071338893
85	WGN39	3.50000000000001	0.612756521478065	Inf	2.29901928661096	4.70098071338906
86	WGN39	4.00000000000002	0.612756521478064	Inf	2.79901928661097	5.20098071338906
87	WGN39	1.50000000000004	0.612756521478065	Inf	0.299019286610985	2.70098071338909
88	WGN39	2.50000000000001	0.612756521478063	Inf	1.29901928661096	3.70098071338906
89	WGN39	3.00000000000003	0.612756521478068	Inf	1.79901928661097	4.20098071338909
90	WGN39	5.49999999999999	0.612756521478065	Inf	4.29901928661094	6.70098071338904
91	WGN39	1.00000000000002	0.612756521478067	Inf	-0.200980713389039	2.20098071338907
92	WGN39	2.50000000000004	0.612756521478068	Inf	1.29901928661098	3.70098071338909
93	WGN39	4.50000000000002	0.612756521478066	Inf	3.29901928661097	5.70098071338908
94	WGN39	1.50000000000002	0.612756521478068	Inf	0.299019286610959	2.70098071338907
95	WGN39	3.00000000000004	0.612756521478069	Inf	1.79901928661098	4.20098071338909
96	WGN39	3.00000000000003	0.612756521478068	Inf	1.79901928661097	4.20098071338909
97	WGN39	1.00000000000001	0.612756521478066	Inf	-0.200980713389044	2.20098071338906
98	WGN39	3.50000000000003	0.612756521478067	Inf	2.29901928661097	4.70098071338909
99	WGN39	1.00000000000002	0.612756521478065	Inf	-0.200980713389033	2.20098071338907
100	WGN39	4.00000000000003	0.612756521478067	Inf	2.79901928661098	5.20098071338908
101	WGN39	3.00000000000003	0.612756521478066	Inf	1.79901928661097	4.20098071338908
102	WGN39	4.50000000000006	0.61275652147807	Inf	3.299019286611	5.70098071338913
104	WGN39	0.500000000000028	0.612756521478065	Inf	-0.700980713389023	1.70098071338908
105	WGN39	2.50000000000002	0.612756521478066	Inf	1.29901928661097	3.70098071338908
106	WGN39	1.00000000000002	0.612756521478065	Inf	-0.200980713389031	2.20098071338907
107	WGN39	1.50000000000003	0.612756521478065	Inf	0.299019286610976	2.70098071338908
108	WGN39	0.953804347826104	0.866764794721062	Inf	-0.745023432894431	2.65263212854664
109	WGN39	3.00000000000002	0.612756521478065	Inf	1.79901928661097	4.20098071338907
110	WGN39	4.50000000000002	0.612756521478066	Inf	3.29901928661097	5.70098071338908
111	WGN39	2.50000000000002	0.612756521478066	Inf	1.29901928661097	3.70098071338908
112	WGN39	5.00000000000002	0.612756521478065	Inf	3.79901928661097	6.20098071338907
113	WGN39	3.50000000000003	0.612756521478066	Inf	2.29901928661097	4.70098071338908
114	WGN39	4.50000000000003	0.612756521478067	Inf	3.29901928661098	5.70098071338909
115	WGN39	2.00000000000002	0.612756521478066	Inf	0.799019286610965	3.20098071338907
116	WGN39	3.00000000000002	0.612756521478066	Inf	1.79901928661097	4.20098071338908
117	WGN39	2.00000000000002	0.612756521478066	Inf	0.799019286610971	3.20098071338908
118	WGN39	5.50000000000003	0.612756521478066	Inf	4.29901928661098	6.70098071338909
120	WGN39	1.50000000000002	0.612756521478066	Inf	0.299019286610971	2.70098071338908
121	WGN39	4.95380434782613	0.866764794721066	Inf	3.25497656710559	6.65263212854667
122	WGN39	3.50000000000002	0.612756521478065	Inf	2.29901928661097	4.70098071338907
123	WGN39	2.00000000000002	0.612756521478067	Inf	0.79901928661097	3.20098071338908
124	WGN39	2.00000000000002	0.612756521478066	Inf	0.799019286610964	3.20098071338907
125	WGN39	3.50000000000002	0.612756521478066	Inf	2.29901928661097	4.70098071338908
126	WGN39	2.00000000000001	0.612756521478066	Inf	0.79901928661096	3.20098071338907
127	WGN39	4.00000000000002	0.612756521478066	Inf	2.79901928661096	5.20098071338907
128	WGN39	4.04619565217394	0.866764794721064	Inf	2.3473678714534	5.74502343289448
129	WGN39	4.00000000000002	0.612756521478066	Inf	2.79901928661097	5.20098071338908
130	WGN39	3.00000000000002	0.612756521478066	Inf	1.79901928661097	4.20098071338907
1	WGN45	1.49999999999995	0.612756521478074	Inf	0.299019286610887	2.70098071338902
2	WGN45	1.00000000000002	0.612756521478071	Inf	-0.200980713389043	2.20098071338908
3	WGN45	-1.80619408318705e-14	0.612756521478071	Inf	-1.20098071338908	1.20098071338905
4	WGN45	4.50000000000002	0.612756521478067	Inf	3.29901928661097	5.70098071338908
5	WGN45	1.00000000000002	0.612756521478063	Inf	-0.200980713389025	2.20098071338907
6	WGN45	0.500000000000034	0.612756521478063	Inf	-0.700980713389013	1.70098071338908
7	WGN45	4.80865347540771e-15	0.612756521478067	Inf	-1.20098071338905	1.20098071338906
8	WGN45	0.500000000000006	0.612756521478069	Inf	-0.700980713389053	1.70098071338907
9	WGN45	0.500000000000006	0.61275652147807	Inf	-0.700980713389055	1.70098071338907
10	WGN45	1.47798440153224e-15	0.612756521478066	Inf	-1.20098071338905	1.20098071338906
11	WGN45	-1.96162530663457e-14	0.61275652147807	Inf	-1.20098071338908	1.20098071338904
12	WGN45	2.67910693629858e-14	0.612756521478062	Inf	-1.20098071338902	1.20098071338907
13	WGN45	1.50000000000001	0.612756521478066	Inf	0.299019286610956	2.70098071338906
14	WGN45	1.00000000000003	0.612756521478062	Inf	-0.200980713389019	2.20098071338907
15	WGN45	3.5228764350137e-14	0.61275652147806	Inf	-1.20098071338901	1.20098071338908
16	WGN45	2.41265341038854e-14	0.612756521478064	Inf	-1.20098071338902	1.20098071338907
17	WGN45	1.95380434782611	0.866764794721058	Inf	0.254976567105579	3.65263212854663
18	WGN45	4.89955298554889e-14	0.612756521478061	Inf	-1.20098071338899	1.20098071338909
19	WGN45	6.74252320642665e-14	0.612756521478057	Inf	-1.20098071338897	1.2009807133891
20	WGN45	1	0.612756521478069	Inf	-0.200980713389054	2.20098071338906
22	WGN45	1.50000000000001	0.612756521478063	Inf	0.299019286610957	2.70098071338905
23	WGN45	0.500000000000034	0.612756521478063	Inf	-0.700980713389014	1.70098071338908
26	WGN45	-0.0461956521738816	0.866764794721066	Inf	-1.74502343289442	1.65263212854666
28	WGN45	0.0461956521739041	0.866764794721062	Inf	-1.65263212854663	1.74502343289444
29	WGN45	1.04619565217395	0.866764794721061	Inf	-0.652632128546585	2.74502343289448
31	WGN45	1.00000000000002	0.612756521478062	Inf	-0.200980713389022	2.20098071338907
32	WGN45	1.00000000000002	0.612756521478062	Inf	-0.200980713389024	2.20098071338907
33	WGN45	1.65770175364344e-14	0.612756521478065	Inf	-1.20098071338904	1.20098071338907
34	WGN45	1.00000000000002	0.612756521478063	Inf	-0.200980713389031	2.20098071338906
35	WGN45	0.500000000000029	0.612756521478061	Inf	-0.700980713389015	1.70098071338907
36	WGN45	0.500000000000011	0.612756521478066	Inf	-0.700980713389042	1.70098071338906
37	WGN45	3.49999999999998	0.612756521478061	Inf	2.29901928661094	4.70098071338903
40	WGN45	2.00000000000002	0.612756521478068	Inf	0.799019286610959	3.20098071338907
41	WGN45	1.25802146477838e-14	0.612756521478065	Inf	-1.20098071338904	1.20098071338906
42	WGN45	1.00000000000001	0.612756521478064	Inf	-0.200980713389038	2.20098071338906
43	WGN45	1.87974635856847e-14	0.612756521478065	Inf	-1.20098071338903	1.20098071338907
44	WGN45	1.00000000000002	0.612756521478062	Inf	-0.200980713389024	2.20098071338907
45	WGN45	1.50000000000001	0.612756521478062	Inf	0.299019286610964	2.70098071338906
46	WGN45	1.59108837216593e-14	0.612756521478064	Inf	-1.20098071338903	1.20098071338907
49	WGN45	2.00000000000001	0.612756521478061	Inf	0.799019286610962	3.20098071338905
50	WGN45	0.953804347826098	0.866764794721065	Inf	-0.745023432894442	2.65263212854664
52	WGN45	0.0461956521738964	0.86676479472107	Inf	-1.65263212854665	1.74502343289445
53	WGN45	3.67830765846122e-14	0.612756521478061	Inf	-1.20098071338901	1.20098071338908
54	WGN45	0.50000000000001	0.612756521478066	Inf	-0.700980713389043	1.70098071338906
55	WGN45	0.500000000000003	0.612756521478066	Inf	-0.700980713389051	1.70098071338906
56	WGN45	1.00000000000002	0.612756521478067	Inf	-0.200980713389039	2.20098071338907
57	WGN45	0.500000000000021	0.612756521478064	Inf	-0.700980713389029	1.70098071338907
58	WGN45	1.50000000000001	0.612756521478065	Inf	0.299019286610961	2.70098071338906
59	WGN45	0.50000000000002	0.612756521478063	Inf	-0.700980713389028	1.70098071338907
60	WGN45	0.0461956521739146	0.86676479472107	Inf	-1.65263212854664	1.74502343289447
61	WGN45	1.00000000000002	0.612756521478066	Inf	-0.200980713389033	2.20098071338907
62	WGN45	0.499999999999996	0.612756521478069	Inf	-0.700980713389063	1.70098071338906
64	WGN45	2.49999999999999	0.612756521478059	Inf	1.29901928661095	3.70098071338903
65	WGN45	3.50000000000001	0.612756521478063	Inf	2.29901928661096	4.70098071338906
66	WGN45	1.74651959561345e-14	0.612756521478067	Inf	-1.20098071338904	1.20098071338907
68	WGN45	1.50000000000002	0.612756521478065	Inf	0.299019286610965	2.70098071338907
69	WGN45	1.00000000000002	0.612756521478063	Inf	-0.200980713389029	2.20098071338907
70	WGN45	3.00000000000004	0.612756521478069	Inf	1.79901928661098	4.20098071338909
71	WGN45	1.87974635856847e-14	0.612756521478067	Inf	-1.20098071338904	1.20098071338907
72	WGN45	0.500000000000017	0.612756521478068	Inf	-0.70098071338904	1.70098071338907
74	WGN45	2.95380434782609	0.866764794721062	Inf	1.25497656710556	4.65263212854663
75	WGN45	1.95380434782609	0.866764794721062	Inf	0.254976567105559	3.65263212854663
76	WGN45	2.50000000000003	0.612756521478065	Inf	1.29901928661098	3.70098071338909
78	WGN45	0.0461956521739454	0.866764794721057	Inf	-1.65263212854658	1.74502343289447
80	WGN45	3.00000000000001	0.612756521478063	Inf	1.79901928661096	4.20098071338906
81	WGN45	1.00000000000001	0.612756521478064	Inf	-0.200980713389037	2.20098071338906
82	WGN45	0.0461956521739319	0.866764794721063	Inf	-1.6526321285466	1.74502343289447
84	WGN45	0.5	0.612756521478068	Inf	-0.700980713389056	1.70098071338906
85	WGN45	7.69523333943312e-15	0.612756521478067	Inf	-1.20098071338905	1.20098071338906
86	WGN45	3.50000000000002	0.612756521478066	Inf	2.29901928661096	4.70098071338907
88	WGN45	1.00000000000002	0.612756521478065	Inf	-0.200980713389034	2.20098071338907
89	WGN45	1.00000000000001	0.612756521478064	Inf	-0.200980713389039	2.20098071338906
90	WGN45	1.50000000000001	0.612756521478066	Inf	0.29901928661096	2.70098071338907
92	WGN45	1.95380434782607	0.866764794721058	Inf	0.254976567105542	3.65263212854659
93	WGN45	0.0461956521739334	0.866764794721063	Inf	-1.6526321285466	1.74502343289447
94	WGN45	9.91567938868343e-15	0.612756521478066	Inf	-1.20098071338904	1.20098071338906
95	WGN45	1.50000000000001	0.612756521478063	Inf	0.299019286610966	2.70098071338906
98	WGN45	4.50000000000003	0.612756521478067	Inf	3.29901928661097	5.70098071338909
99	WGN45	-0.0461956521739012	0.866764794721064	Inf	-1.74502343289444	1.65263212854664
100	WGN45	1.00000000000001	0.612756521478065	Inf	-0.200980713389044	2.20098071338906
101	WGN45	2.50000000000001	0.612756521478064	Inf	1.29901928661096	3.70098071338906
102	WGN45	0.500000000000011	0.612756521478066	Inf	-0.700980713389042	1.70098071338906
103	WGN45	0.50000000000001	0.612756521478066	Inf	-0.700980713389043	1.70098071338906
104	WGN45	0.500000000000013	0.612756521478066	Inf	-0.70098071338904	1.70098071338907
105	WGN45	0.500000000000016	0.612756521478065	Inf	-0.700980713389035	1.70098071338907
106	WGN45	1.74651959561345e-14	0.612756521478065	Inf	-1.20098071338903	1.20098071338907
107	WGN45	2.00000000000001	0.612756521478065	Inf	0.799019286610962	3.20098071338906
108	WGN45	1.00000000000001	0.612756521478066	Inf	-0.200980713389041	2.20098071338906
109	WGN45	1.79092851659846e-14	0.612756521478065	Inf	-1.20098071338903	1.20098071338907
110	WGN45	0.500000000000013	0.612756521478065	Inf	-0.700980713389038	1.70098071338906
111	WGN45	1.50000000000002	0.612756521478065	Inf	0.299019286610964	2.70098071338907
114	WGN45	1.54667945118092e-14	0.612756521478065	Inf	-1.20098071338904	1.20098071338907
116	WGN45	0.500000000000013	0.612756521478065	Inf	-0.700980713389039	1.70098071338906
118	WGN45	0.500000000000011	0.612756521478065	Inf	-0.70098071338904	1.70098071338906
119	WGN45	1.00000000000001	0.612756521478065	Inf	-0.200980713389042	2.20098071338906
120	WGN45	1.14699916231586e-14	0.612756521478066	Inf	-1.20098071338904	1.20098071338906
121	WGN45	1.30243038576339e-14	0.612756521478065	Inf	-1.20098071338904	1.20098071338907
122	WGN45	1.04619565217393	0.866764794721061	Inf	-0.652632128546605	2.74502343289446
123	WGN45	0.953804347826098	0.866764794721062	Inf	-0.745023432894437	2.65263212854663
124	WGN45	1.23581700428588e-14	0.612756521478065	Inf	-1.20098071338904	1.20098071338906
126	WGN45	0.500000000000013	0.612756521478065	Inf	-0.700980713389039	1.70098071338907
127	WGN45	2.00000000000002	0.612756521478065	Inf	0.799019286610964	3.20098071338907
128	WGN45	0.500000000000011	0.612756521478065	Inf	-0.70098071338904	1.70098071338906
129	WGN45	9.47159017883337e-15	0.612756521478065	Inf	-1.20098071338904	1.20098071338906
1	WGN46	1.74117664730744e-13	0.612756521478077	Inf	-1.2009807133889	1.20098071338925
2	WGN46	0.99999999999998	0.612756521478062	Inf	-0.200980713389066	2.20098071338903
3	WGN46	0.99999999999995	0.612756521478058	Inf	-0.200980713389087	2.20098071338899
4	WGN46	-1.95157414550153e-14	0.612756521478069	Inf	-1.20098071338908	1.20098071338904
6	WGN46	0.999999999999956	0.612756521478062	Inf	-0.200980713389088	2.200980713389
7	WGN46	-5.64093760640719e-15	0.612756521478059	Inf	-1.20098071338904	1.20098071338903
8	WGN46	0.499999999999979	0.612756521478063	Inf	-0.700980713389069	1.70098071338903
9	WGN46	4.00000000000001	0.612756521478065	Inf	2.79901928661096	5.20098071338906
10	WGN46	0.999999999999997	0.612756521478067	Inf	-0.200980713389057	2.20098071338905
11	WGN46	0.499999999999969	0.612756521478061	Inf	-0.700980713389075	1.70098071338901
12	WGN46	-2.36491567916317e-14	0.612756521478065	Inf	-1.20098071338907	1.20098071338903
13	WGN46	0.499999999999981	0.612756521478065	Inf	-0.700980713389072	1.70098071338903
14	WGN46	-1.34437861338662e-14	0.612756521478066	Inf	-1.20098071338907	1.20098071338904
15	WGN46	2.00000000000002	0.612756521478071	Inf	0.799019286610962	3.20098071338909
16	WGN46	1.49999999999999	0.612756521478063	Inf	0.299019286610944	2.70098071338904
17	WGN46	0.0461956521738722	0.866764794721061	Inf	-1.65263212854666	1.74502343289441
18	WGN46	1.49999999999994	0.61275652147806	Inf	0.299019286610901	2.70098071338899
19	WGN46	-3.09660493142286e-14	0.612756521478061	Inf	-1.20098071338907	1.20098071338901
20	WGN46	0.500000000000011	0.612756521478074	Inf	-0.700980713389058	1.70098071338908
21	WGN46	0.0461956521738976	0.866764794721059	Inf	-1.65263212854663	1.74502343289443
22	WGN46	0.499999999999964	0.612756521478067	Inf	-0.700980713389091	1.70098071338902
23	WGN46	2.95380434782609	0.866764794721064	Inf	1.25497656710555	4.65263212854663
24	WGN46	4.49999999999997	0.612756521478066	Inf	3.29901928661092	5.70098071338903
25	WGN46	-1.52692650316619e-14	0.612756521478071	Inf	-1.20098071338908	1.20098071338905
26	WGN46	0.999999999999991	0.61275652147807	Inf	-0.200980713389069	2.20098071338905
27	WGN46	0.99999999999998	0.612756521478066	Inf	-0.200980713389072	2.20098071338903
28	WGN46	-3.6149991521992e-14	0.612756521478051	Inf	-1.20098071338906	1.20098071338899
29	WGN46	2.50000000000003	0.612756521478068	Inf	1.29901928661097	3.70098071338909
30	WGN46	9.1052480610413e-15	0.612756521478063	Inf	-1.20098071338904	1.20098071338906
31	WGN46	0.999999999999983	0.612756521478072	Inf	-0.200980713389082	2.20098071338905
32	WGN46	0.499999999999963	0.612756521478059	Inf	-0.700980713389078	1.700980713389
33	WGN46	3.49999999999998	0.612756521478063	Inf	2.29901928661093	4.70098071338903
34	WGN46	2.00000000000003	0.612756521478071	Inf	0.799019286610963	3.20098071338909
36	WGN46	0.499999999999978	0.612756521478061	Inf	-0.700980713389066	1.70098071338902
37	WGN46	0.499999999999979	0.612756521478068	Inf	-0.700980713389078	1.70098071338904
38	WGN46	0.499999999999992	0.612756521478065	Inf	-0.700980713389058	1.70098071338904
39	WGN46	1	0.612756521478066	Inf	-0.20098071338905	2.20098071338906
40	WGN46	0.999999999999996	0.612756521478066	Inf	-0.200980713389057	2.20098071338905
41	WGN46	0.499999999999993	0.612756521478063	Inf	-0.700980713389055	1.70098071338904
42	WGN46	0.999999999999979	0.612756521478067	Inf	-0.200980713389076	2.20098071338903
43	WGN46	-0.0461956521739429	0.866764794721059	Inf	-1.74502343289447	1.65263212854658
44	WGN46	-1.93640036066707e-14	0.612756521478068	Inf	-1.20098071338908	1.20098071338904
45	WGN46	0.499999999999985	0.612756521478067	Inf	-0.700980713389069	1.70098071338904
46	WGN46	4.49999999999992	0.61275652147806	Inf	3.29901928661087	5.70098071338896
47	WGN46	2.49999999999997	0.612756521478064	Inf	1.29901928661092	3.70098071338902
48	WGN46	0.999999999999989	0.612756521478069	Inf	-0.200980713389069	2.20098071338905
49	WGN46	-2.15343387088962e-14	0.612756521478068	Inf	-1.20098071338908	1.20098071338904
50	WGN46	-2.56288905276855e-14	0.612756521478069	Inf	-1.20098071338908	1.20098071338903
51	WGN46	2.95380434782601	0.866764794721055	Inf	1.25497656710549	4.65263212854653
52	WGN46	0.499999999999978	0.612756521478063	Inf	-0.700980713389069	1.70098071338903
53	WGN46	-1.94127918003492e-14	0.612756521478067	Inf	-1.20098071338907	1.20098071338904
54	WGN46	0.499999999999971	0.612756521478067	Inf	-0.700980713389084	1.70098071338903
55	WGN46	0.999999999999966	0.612756521478062	Inf	-0.200980713389079	2.20098071338901
56	WGN46	4.99999999999988	0.612756521478058	Inf	3.79901928661084	6.20098071338892
57	WGN46	0.499999999999981	0.612756521478066	Inf	-0.700980713389072	1.70098071338903
58	WGN46	-3.71856869653938e-15	0.612756521478068	Inf	-1.20098071338906	1.20098071338905
59	WGN46	6.00000000000004	0.612756521478067	Inf	4.79901928661099	7.2009807133891
60	WGN46	0.999999999999978	0.612756521478065	Inf	-0.200980713389073	2.20098071338903
61	WGN46	0.999999999999968	0.612756521478067	Inf	-0.200980713389087	2.20098071338902
62	WGN46	0.499999999999986	0.612756521478059	Inf	-0.700980713389053	1.70098071338903
63	WGN46	0.499999999999965	0.612756521478062	Inf	-0.70098071338908	1.70098071338901
64	WGN46	-3.69518464498801e-15	0.612756521478065	Inf	-1.20098071338906	1.20098071338905
65	WGN46	-0.0461956521739265	0.866764794721068	Inf	-1.74502343289447	1.65263212854662
66	WGN46	2.49999999999996	0.612756521478062	Inf	1.29901928661092	3.70098071338901
67	WGN46	0.499999999999978	0.612756521478063	Inf	-0.700980713389069	1.70098071338903
68	WGN46	4.49999999999996	0.612756521478063	Inf	3.29901928661091	5.700980713389
69	WGN46	0.999999999999971	0.612756521478061	Inf	-0.200980713389072	2.20098071338902
70	WGN46	1.99999999999996	0.612756521478063	Inf	0.799019286610913	3.20098071338901
71	WGN46	-8.41026793950572e-15	0.612756521478068	Inf	-1.20098071338907	1.20098071338905
72	WGN46	-2.12487884602101e-14	0.612756521478067	Inf	-1.20098071338908	1.20098071338903
73	WGN46	-6.53035763684549e-15	0.612756521478063	Inf	-1.20098071338905	1.20098071338904
74	WGN46	0.499999999999985	0.612756521478068	Inf	-0.700980713389072	1.70098071338904
75	WGN46	-1.99336108728203e-14	0.612756521478065	Inf	-1.20098071338907	1.20098071338903
76	WGN46	0.499999999999982	0.612756521478063	Inf	-0.700980713389066	1.70098071338903
78	WGN46	2.49999999999996	0.612756521478063	Inf	1.29901928661091	3.700980713389
79	WGN46	1.49999999999999	0.612756521478065	Inf	0.299019286610939	2.70098071338904
80	WGN46	1.49999999999998	0.612756521478064	Inf	0.299019286610931	2.70098071338903
81	WGN46	0.49999999999997	0.612756521478059	Inf	-0.70098071338907	1.70098071338901
82	WGN46	0.499999999999981	0.612756521478061	Inf	-0.700980713389063	1.70098071338902
83	WGN46	0.49999999999998	0.612756521478063	Inf	-0.700980713389068	1.70098071338903
84	WGN46	-1.87740083310123e-14	0.612756521478063	Inf	-1.20098071338907	1.20098071338903
85	WGN46	0.999999999999974	0.612756521478064	Inf	-0.200980713389076	2.20098071338902
86	WGN46	0.999999999999996	0.612756521478066	Inf	-0.200980713389057	2.20098071338905
87	WGN46	-1.39807159667418e-14	0.612756521478065	Inf	-1.20098071338907	1.20098071338904
88	WGN46	0.499999999999986	0.612756521478068	Inf	-0.700980713389071	1.70098071338904
89	WGN46	0.499999999999979	0.612756521478066	Inf	-0.700980713389074	1.70098071338903
90	WGN46	1.99999999999998	0.612756521478065	Inf	0.799019286610931	3.20098071338903
91	WGN46	1.0461956521739	0.866764794721069	Inf	-0.652632128546645	2.74502343289445
93	WGN46	0.999999999999968	0.612756521478063	Inf	-0.200980713389079	2.20098071338902
94	WGN46	0.499999999999981	0.612756521478062	Inf	-0.700980713389064	1.70098071338903
95	WGN46	0.499999999999981	0.612756521478064	Inf	-0.700980713389069	1.70098071338903
96	WGN46	3.49999999999996	0.612756521478062	Inf	2.29901928661091	4.700980713389
98	WGN46	0.999999999999984	0.612756521478063	Inf	-0.200980713389064	2.20098071338903
100	WGN46	1.49999999999999	0.612756521478065	Inf	0.299019286610935	2.70098071338904
101	WGN46	0.499999999999989	0.612756521478066	Inf	-0.700980713389065	1.70098071338904
102	WGN46	0.499999999999985	0.612756521478065	Inf	-0.700980713389066	1.70098071338904
103	WGN46	1.49999999999999	0.612756521478065	Inf	0.299019286610941	2.70098071338904
104	WGN46	0.499999999999987	0.612756521478065	Inf	-0.700980713389065	1.70098071338904
106	WGN46	0.999999999999985	0.612756521478066	Inf	-0.200980713389068	2.20098071338904
107	WGN46	4.99999999999995	0.612756521478063	Inf	3.79901928661091	6.200980713389
108	WGN46	1.49999999999999	0.612756521478065	Inf	0.299019286610935	2.70098071338904
109	WGN46	3.49999999999996	0.612756521478064	Inf	2.29901928661091	4.70098071338901
110	WGN46	0.499999999999988	0.612756521478066	Inf	-0.700980713389064	1.70098071338904
111	WGN46	0.499999999999984	0.612756521478066	Inf	-0.700980713389069	1.70098071338904
112	WGN46	0.499999999999985	0.612756521478064	Inf	-0.700980713389064	1.70098071338903
113	WGN46	2.99999999999999	0.612756521478065	Inf	1.79901928661094	4.20098071338905
114	WGN46	0.999999999999986	0.612756521478065	Inf	-0.200980713389065	2.20098071338904
115	WGN46	0.499999999999986	0.612756521478065	Inf	-0.700980713389067	1.70098071338904
116	WGN46	-1.32793548048376e-14	0.612756521478064	Inf	-1.20098071338906	1.20098071338904
117	WGN46	-1.54139195812993e-14	0.612756521478066	Inf	-1.20098071338907	1.20098071338904
118	WGN46	0.0461956521738968	0.866764794721061	Inf	-1.65263212854664	1.74502343289443
119	WGN46	0.999999999999983	0.612756521478065	Inf	-0.200980713389068	2.20098071338903
120	WGN46	1.99999999999998	0.612756521478065	Inf	0.799019286610934	3.20098071338904
121	WGN46	2.49999999999998	0.612756521478065	Inf	1.29901928661093	3.70098071338903
122	WGN46	0.499999999999987	0.612756521478065	Inf	-0.700980713389064	1.70098071338904
123	WGN46	-1.11622679415522e-14	0.612756521478065	Inf	-1.20098071338906	1.20098071338904
124	WGN46	2.99999999999998	0.612756521478065	Inf	1.79901928661093	4.20098071338904
125	WGN46	1.49999999999999	0.612756521478065	Inf	0.299019286610934	2.70098071338904
126	WGN46	0.999999999999987	0.612756521478065	Inf	-0.200980713389065	2.20098071338904
127	WGN46	-1.35308849672473e-14	0.612756521478065	Inf	-1.20098071338906	1.20098071338904
128	WGN46	2.49999999999998	0.612756521478065	Inf	1.29901928661093	3.70098071338903
129	WGN46	0.999999999999984	0.612756521478065	Inf	-0.200980713389067	2.20098071338904
130	WGN46	0.499999999999985	0.612756521478065	Inf	-0.700980713389066	1.70098071338904
1	WGN55	3.1787072973799e-14	0.612756521478063	Inf	-1.20098071338902	1.20098071338908
2	WGN55	0.999999999999983	0.612756521478058	Inf	-0.200980713389054	2.20098071338902
3	WGN55	4.00000000000006	0.61275652147807	Inf	2.799019286611	5.20098071338913
4	WGN55	0.999999999999974	0.612756521478063	Inf	-0.200980713389073	2.20098071338902
5	WGN55	2.8619803932126e-14	0.612756521478064	Inf	-1.20098071338902	1.20098071338908
6	WGN55	0.50000000000002	0.612756521478065	Inf	-0.700980713389031	1.70098071338907
7	WGN55	0.499999999999979	0.612756521478066	Inf	-0.700980713389074	1.70098071338903
8	WGN55	1.13266706079766e-15	0.612756521478067	Inf	-1.20098071338905	1.20098071338906
9	WGN55	1.11349054625171e-14	0.612756521478072	Inf	-1.20098071338905	1.20098071338908
10	WGN55	2.5	0.612756521478065	Inf	1.29901928661095	3.70098071338905
11	WGN55	4.00000000000002	0.612756521478062	Inf	2.79901928661098	5.20098071338907
12	WGN55	4.9538043478261	0.866764794721059	Inf	3.25497656710557	6.65263212854663
13	WGN55	1.00000000000002	0.612756521478061	Inf	-0.200980713389026	2.20098071338906
14	WGN55	1.49999999999999	0.612756521478064	Inf	0.299019286610937	2.70098071338904
15	WGN55	0.500000000000015	0.61275652147806	Inf	-0.700980713389026	1.70098071338906
16	WGN55	0.500000000000027	0.612756521478061	Inf	-0.700980713389016	1.70098071338907
17	WGN55	2.95380434782613	0.866764794721067	Inf	1.25497656710559	4.65263212854668
18	WGN55	2.00000000000001	0.612756521478066	Inf	0.79901928661096	3.20098071338907
19	WGN55	2.00000000000002	0.612756521478067	Inf	0.799019286610962	3.20098071338907
20	WGN55	0.500000000000008	0.612756521478072	Inf	-0.700980713389056	1.70098071338907
21	WGN55	0.499999999999996	0.612756521478064	Inf	-0.700980713389053	1.70098071338904
22	WGN55	0.500000000000007	0.612756521478072	Inf	-0.700980713389058	1.70098071338907
23	WGN55	2.5	0.612756521478062	Inf	1.29901928661095	3.70098071338905
24	WGN55	3.00000000000003	0.612756521478067	Inf	1.79901928661097	4.20098071338908
25	WGN55	4.00000000000002	0.612756521478066	Inf	2.79901928661097	5.20098071338908
26	WGN55	1.49999999999997	0.612756521478058	Inf	0.29901928661093	2.70098071338901
27	WGN55	0.999999999999989	0.612756521478064	Inf	-0.20098071338906	2.20098071338904
28	WGN55	1.95380434782608	0.866764794721067	Inf	0.254976567105537	3.65263212854662
29	WGN55	0.999999999999989	0.612756521478069	Inf	-0.20098071338907	2.20098071338905
30	WGN55	1.00000000000003	0.612756521478066	Inf	-0.200980713389019	2.20098071338909
31	WGN55	0.499999999999952	0.612756521478062	Inf	-0.700980713389094	1.700980713389
32	WGN55	1.49999999999998	0.61275652147806	Inf	0.299019286610942	2.70098071338902
33	WGN55	1.03716712961927e-14	0.612756521478066	Inf	-1.20098071338904	1.20098071338906
34	WGN55	4.24422642482625e-14	0.612756521478069	Inf	-1.20098071338902	1.2009807133891
35	WGN55	0.500000000000002	0.61275652147807	Inf	-0.700980713389059	1.70098071338906
36	WGN55	2.49999999999994	0.612756521478057	Inf	1.2990192866109	3.70098071338897
37	WGN55	3.99999999999995	0.612756521478063	Inf	2.7990192866109	5.200980713389
38	WGN55	0.999999999999996	0.612756521478061	Inf	-0.200980713389048	2.20098071338904
40	WGN55	6.50000000000005	0.612756521478067	Inf	5.29901928661099	7.7009807133891
41	WGN55	2.00000000000002	0.612756521478065	Inf	0.799019286610967	3.20098071338907
42	WGN55	2.00000000000001	0.612756521478064	Inf	0.79901928661096	3.20098071338906
43	WGN55	0.500000000000004	0.61275652147807	Inf	-0.700980713389057	1.70098071338906
44	WGN55	9.91574920748781e-15	0.612756521478065	Inf	-1.20098071338904	1.20098071338906
45	WGN55	0.500000000000032	0.612756521478062	Inf	-0.700980713389013	1.70098071338908
46	WGN55	0.500000000000009	0.612756521478065	Inf	-0.700980713389042	1.70098071338906
47	WGN55	0.500000000000004	0.612756521478061	Inf	-0.700980713389039	1.70098071338905
48	WGN55	2.50000000000004	0.612756521478068	Inf	1.29901928661098	3.70098071338909
49	WGN55	0.999999999999997	0.612756521478059	Inf	-0.200980713389043	2.20098071338904
50	WGN55	2.00000000000005	0.612756521478068	Inf	0.799019286610997	3.20098071338911
52	WGN55	3	0.612756521478064	Inf	1.79901928661096	4.20098071338905
53	WGN55	1.5	0.612756521478066	Inf	0.299019286610949	2.70098071338906
54	WGN55	1.00000000000001	0.612756521478066	Inf	-0.200980713389038	2.20098071338907
55	WGN55	1.49999999999998	0.612756521478061	Inf	0.299019286610935	2.70098071338902
56	WGN55	0.999999999999973	0.612756521478059	Inf	-0.200980713389067	2.20098071338901
57	WGN55	1.49999999999999	0.61275652147806	Inf	0.299019286610946	2.70098071338903
58	WGN55	1.00000000000002	0.612756521478068	Inf	-0.200980713389034	2.20098071338908
59	WGN55	2.50000000000001	0.612756521478066	Inf	1.29901928661095	3.70098071338906
60	WGN55	1.49999999999999	0.612756521478061	Inf	0.299019286610951	2.70098071338904
61	WGN55	1.20353177024391e-15	0.612756521478067	Inf	-1.20098071338905	1.20098071338906
62	WGN55	-8.14077521922007e-15	0.612756521478064	Inf	-1.20098071338906	1.20098071338904
63	WGN55	2.49999999999998	0.612756521478062	Inf	1.29901928661093	3.70098071338903
64	WGN55	1.00000000000001	0.612756521478067	Inf	-0.20098071338905	2.20098071338906
65	WGN55	2.99999999999999	0.612756521478064	Inf	1.79901928661094	4.20098071338904
66	WGN55	2.99999999999999	0.612756521478063	Inf	1.79901928661094	4.20098071338904
67	WGN55	0.500000000000001	0.612756521478069	Inf	-0.700980713389059	1.70098071338906
68	WGN55	1.98231791395806e-14	0.61275652147807	Inf	-1.20098071338904	1.20098071338908
69	WGN55	0.500000000000006	0.612756521478069	Inf	-0.700980713389053	1.70098071338906
70	WGN55	2.00000000000003	0.612756521478067	Inf	0.799019286610972	3.20098071338908
71	WGN55	4.85134036278323e-15	0.61275652147806	Inf	-1.20098071338904	1.20098071338905
72	WGN55	2.50000000000001	0.612756521478066	Inf	1.29901928661096	3.70098071338906
73	WGN55	1.5	0.612756521478063	Inf	0.299019286610947	2.70098071338904
74	WGN55	2.00000000000002	0.612756521478067	Inf	0.79901928661096	3.20098071338907
75	WGN55	0.999999999999997	0.612756521478061	Inf	-0.200980713389046	2.20098071338904
76	WGN55	2.00000000000001	0.612756521478066	Inf	0.799019286610959	3.20098071338907
77	WGN55	1.00000000000001	0.612756521478064	Inf	-0.200980713389043	2.20098071338906
78	WGN55	0.999999999999988	0.612756521478062	Inf	-0.200980713389058	2.20098071338903
80	WGN55	1.50000000000001	0.612756521478065	Inf	0.299019286610956	2.70098071338906
81	WGN55	3.99999999999996	0.612756521478063	Inf	2.79901928661091	5.20098071338901
82	WGN55	0.99999999999999	0.61275652147806	Inf	-0.200980713389052	2.20098071338903
83	WGN55	0.500000000000011	0.612756521478065	Inf	-0.700980713389041	1.70098071338906
84	WGN55	4.00000000000001	0.612756521478065	Inf	2.79901928661095	5.20098071338906
85	WGN55	0.999999999999994	0.612756521478063	Inf	-0.200980713389054	2.20098071338904
86	WGN55	1.00000000000001	0.612756521478063	Inf	-0.200980713389037	2.20098071338906
87	WGN55	1.50000000000001	0.612756521478068	Inf	0.299019286610955	2.70098071338907
88	WGN55	1	0.612756521478066	Inf	-0.200980713389049	2.20098071338906
89	WGN55	1.00000000000002	0.612756521478066	Inf	-0.200980713389036	2.20098071338907
90	WGN55	8.40106461567781e-15	0.612756521478065	Inf	-1.20098071338904	1.20098071338906
91	WGN55	1.53991143695029e-14	0.612756521478062	Inf	-1.20098071338903	1.20098071338906
92	WGN55	3.5	0.612756521478065	Inf	2.29901928661095	4.70098071338905
93	WGN55	2	0.612756521478064	Inf	0.799019286610952	3.20098071338905
94	WGN55	0.500000000000004	0.612756521478065	Inf	-0.700980713389047	1.70098071338906
95	WGN55	2.50000000000003	0.612756521478067	Inf	1.29901928661097	3.70098071338908
96	WGN55	0.500000000000016	0.612756521478065	Inf	-0.700980713389035	1.70098071338907
97	WGN55	7.40356103465951e-15	0.612756521478065	Inf	-1.20098071338904	1.20098071338906
98	WGN55	1.00000000000001	0.612756521478064	Inf	-0.200980713389039	2.20098071338906
99	WGN55	1.00000000000001	0.612756521478064	Inf	-0.20098071338904	2.20098071338906
100	WGN55	1.50000000000001	0.612756521478066	Inf	0.299019286610953	2.70098071338906
101	WGN55	1.43043922078904e-14	0.612756521478065	Inf	-1.20098071338904	1.20098071338907
102	WGN55	9.39082730831856e-15	0.612756521478063	Inf	-1.20098071338904	1.20098071338906
103	WGN55	0.500000000000007	0.612756521478065	Inf	-0.700980713389043	1.70098071338906
104	WGN55	3.50000000000002	0.612756521478065	Inf	2.29901928661097	4.70098071338907
105	WGN55	1.31666786945647e-14	0.612756521478065	Inf	-1.20098071338904	1.20098071338907
106	WGN55	2.50000000000001	0.612756521478065	Inf	1.29901928661096	3.70098071338906
107	WGN55	0.500000000000011	0.612756521478065	Inf	-0.700980713389039	1.70098071338906
108	WGN55	0.500000000000007	0.612756521478064	Inf	-0.700980713389042	1.70098071338906
109	WGN55	4.5	0.612756521478064	Inf	3.29901928661095	5.70098071338905
110	WGN55	1.00000000000001	0.612756521478064	Inf	-0.200980713389037	2.20098071338906
111	WGN55	1.50000000000001	0.612756521478065	Inf	0.299019286610955	2.70098071338906
112	WGN55	2.00000000000001	0.612756521478065	Inf	0.799019286610956	3.20098071338906
113	WGN55	2.50000000000001	0.612756521478064	Inf	1.29901928661096	3.70098071338906
114	WGN55	0.500000000000005	0.612756521478066	Inf	-0.700980713389048	1.70098071338906
115	WGN55	1.00000000000001	0.612756521478065	Inf	-0.200980713389045	2.20098071338906
116	WGN55	3.04619565217393	0.866764794721063	Inf	1.3473678714534	4.74502343289447
117	WGN55	2.00000000000001	0.612756521478065	Inf	0.799019286610959	3.20098071338906
118	WGN55	4.50000000000001	0.612756521478065	Inf	3.29901928661096	5.70098071338906
119	WGN55	0.500000000000008	0.612756521478065	Inf	-0.700980713389044	1.70098071338906
120	WGN55	3	0.612756521478065	Inf	1.79901928661095	4.20098071338905
121	WGN55	0.500000000000007	0.612756521478064	Inf	-0.700980713389043	1.70098071338906
122	WGN55	1.5	0.612756521478064	Inf	0.299019286610954	2.70098071338905
123	WGN55	1.5	0.612756521478065	Inf	0.299019286610954	2.70098071338905
124	WGN55	5	0.612756521478065	Inf	3.79901928661095	6.20098071338905
125	WGN55	3.5	0.612756521478065	Inf	2.29901928661095	4.70098071338905
126	WGN55	2.5	0.612756521478065	Inf	1.29901928661095	3.70098071338905
128	WGN55	0.500000000000009	0.612756521478065	Inf	-0.700980713389043	1.70098071338906
129	WGN55	1	0.612756521478065	Inf	-0.200980713389046	2.20098071338905
130	WGN55	1.00000000000001	0.612756521478065	Inf	-0.200980713389044	2.20098071338906
1	WGN63	3.00000000000005	0.612756521478069	Inf	1.79901928661099	4.20098071338911
2	WGN63	2.00000000000001	0.61275652147807	Inf	0.799019286610952	3.20098071338907
3	WGN63	1.00000000000005	0.612756521478067	Inf	-0.200980713389009	2.2009807133891
4	WGN63	1	0.612756521478065	Inf	-0.200980713389049	2.20098071338905
5	WGN63	2.50000000000005	0.612756521478071	Inf	1.29901928661098	3.70098071338911
6	WGN63	1.95380434782618	0.866764794721056	Inf	0.254976567105654	3.6526321285467
7	WGN63	6.57598975273288e-14	0.61275652147806	Inf	-1.20098071338898	1.20098071338911
8	WGN63	1.50000000000006	0.612756521478066	Inf	0.299019286611008	2.70098071338911
9	WGN63	0.500000000000072	0.612756521478062	Inf	-0.700980713388973	1.70098071338912
10	WGN63	0.500000000000055	0.612756521478066	Inf	-0.700980713388998	1.70098071338911
12	WGN63	3.50000000000001	0.612756521478064	Inf	2.29901928661096	4.70098071338906
13	WGN63	1.00000000000005	0.612756521478068	Inf	-0.200980713389008	2.20098071338911
14	WGN63	0.500000000000068	0.612756521478061	Inf	-0.700980713388975	1.70098071338911
16	WGN63	1.00000000000004	0.612756521478067	Inf	-0.200980713389018	2.20098071338909
17	WGN63	0.500000000000035	0.612756521478067	Inf	-0.70098071338902	1.70098071338909
18	WGN63	1.00000000000003	0.612756521478062	Inf	-0.200980713389014	2.20098071338908
19	WGN63	1.50000000000002	0.612756521478064	Inf	0.299019286610966	2.70098071338907
20	WGN63	2.00000000000008	0.612756521478065	Inf	0.799019286611027	3.20098071338913
21	WGN63	2.50000000000005	0.612756521478066	Inf	1.299019286611	3.7009807133891
22	WGN63	1.00000000000005	0.612756521478066	Inf	-0.200980713389007	2.2009807133891
23	WGN63	1.00000000000008	0.61275652147806	Inf	-0.200980713388962	2.20098071338912
24	WGN63	8.1303019872081e-14	0.612756521478061	Inf	-1.20098071338896	1.20098071338913
25	WGN63	2.50000000000004	0.612756521478061	Inf	1.299019286611	3.70098071338909
26	WGN63	2.50000000000004	0.612756521478065	Inf	1.29901928661099	3.70098071338909
27	WGN63	1.50000000000003	0.612756521478067	Inf	0.299019286610976	2.70098071338909
28	WGN63	7.00000000000007	0.612756521478065	Inf	5.79901928661101	8.20098071338912
29	WGN63	1.50000000000001	0.612756521478066	Inf	0.299019286610953	2.70098071338906
30	WGN63	2.00000000000004	0.612756521478063	Inf	0.799019286610996	3.20098071338909
31	WGN63	1.7798262863522e-14	0.612756521478064	Inf	-1.20098071338903	1.20098071338907
32	WGN63	3.00000000000006	0.612756521478064	Inf	1.79901928661101	4.20098071338911
33	WGN63	4.50000000000006	0.612756521478065	Inf	3.29901928661101	5.70098071338911
34	WGN63	1.00000000000009	0.612756521478064	Inf	-0.200980713388961	2.20098071338914
35	WGN63	2.00000000000003	0.612756521478066	Inf	0.799019286610976	3.20098071338908
36	WGN63	3.00000000000004	0.612756521478061	Inf	1.799019286611	4.20098071338909
37	WGN63	0.500000000000038	0.612756521478066	Inf	-0.700980713389015	1.70098071338909
38	WGN63	6.00000000000008	0.612756521478068	Inf	4.79901928661102	7.20098071338913
39	WGN63	1.00000000000001	0.61275652147807	Inf	-0.200980713389054	2.20098071338907
40	WGN63	-4.85028683883115e-15	0.612756521478069	Inf	-1.20098071338906	1.20098071338905
41	WGN63	2.95380434782612	0.866764794721059	Inf	1.25497656710559	4.65263212854665
42	WGN63	0.500000000000079	0.61275652147806	Inf	-0.700980713388962	1.70098071338912
43	WGN63	0.500000000000049	0.612756521478064	Inf	-0.700980713389	1.7009807133891
44	WGN63	1.50000000000002	0.612756521478069	Inf	0.299019286610966	2.70098071338908
45	WGN63	3.50000000000004	0.612756521478067	Inf	2.29901928661099	4.7009807133891
46	WGN63	6	0.612756521478061	Inf	4.79901928661095	7.20098071338904
47	WGN63	2.50000000000004	0.612756521478065	Inf	1.29901928661099	3.70098071338909
48	WGN63	0.500000000000004	0.612756521478069	Inf	-0.700980713389056	1.70098071338906
49	WGN63	1.50000000000001	0.612756521478069	Inf	0.299019286610951	2.70098071338907
50	WGN63	3.00000000000004	0.612756521478069	Inf	1.79901928661098	4.2009807133891
51	WGN63	1.04619565217398	0.86676479472106	Inf	-0.652632128546555	2.74502343289451
52	WGN63	2.00000000000006	0.612756521478063	Inf	0.799019286611009	3.2009807133891
53	WGN63	2.00000000000005	0.612756521478064	Inf	0.799019286611002	3.2009807133891
54	WGN63	1.50000000000003	0.612756521478067	Inf	0.299019286610974	2.70098071338908
55	WGN63	2.00000000000006	0.612756521478064	Inf	0.799019286611013	3.20098071338911
56	WGN63	2.00000000000005	0.612756521478067	Inf	0.799019286610992	3.2009807133891
57	WGN63	5.00000000000004	0.612756521478065	Inf	3.79901928661099	6.20098071338909
58	WGN63	3.00000000000005	0.612756521478066	Inf	1.79901928661099	4.2009807133891
59	WGN63	0.500000000000035	0.612756521478067	Inf	-0.70098071338902	1.70098071338909
60	WGN63	1.00000000000005	0.612756521478064	Inf	-0.200980713389003	2.2009807133891
61	WGN63	2.00000000000004	0.612756521478066	Inf	0.799019286610986	3.20098071338909
62	WGN63	3.00000000000005	0.612756521478066	Inf	1.799019286611	4.20098071338911
63	WGN63	0.500000000000053	0.612756521478065	Inf	-0.700980713388999	1.7009807133891
64	WGN63	0.500000000000062	0.612756521478065	Inf	-0.70098071338899	1.70098071338911
65	WGN63	3.50000000000005	0.612756521478066	Inf	2.299019286611	4.7009807133891
66	WGN63	1.00000000000004	0.612756521478066	Inf	-0.200980713389014	2.20098071338909
67	WGN63	0.500000000000062	0.612756521478065	Inf	-0.700980713388988	1.70098071338911
68	WGN63	3.00000000000004	0.612756521478064	Inf	1.79901928661099	4.20098071338909
69	WGN63	1.00000000000004	0.612756521478066	Inf	-0.200980713389015	2.20098071338909
70	WGN63	5.00000000000002	0.612756521478062	Inf	3.79901928661098	6.20098071338907
72	WGN63	2.50000000000005	0.612756521478064	Inf	1.299019286611	3.7009807133891
73	WGN63	1.50000000000005	0.612756521478065	Inf	0.299019286610998	2.7009807133891
74	WGN63	1.50000000000004	0.612756521478066	Inf	0.299019286610989	2.70098071338909
75	WGN63	2.50000000000004	0.612756521478065	Inf	1.29901928661099	3.70098071338909
76	WGN63	0.500000000000044	0.612756521478065	Inf	-0.700980713389006	1.70098071338909
77	WGN63	1.00000000000003	0.612756521478067	Inf	-0.200980713389022	2.20098071338909
78	WGN63	0.500000000000032	0.612756521478067	Inf	-0.700980713389023	1.70098071338909
79	WGN63	1.00000000000004	0.612756521478067	Inf	-0.200980713389016	2.20098071338909
80	WGN63	3.00000000000004	0.612756521478064	Inf	1.79901928661099	4.20098071338909
81	WGN63	0.500000000000033	0.612756521478066	Inf	-0.700980713389019	1.70098071338909
82	WGN63	2.84564038999235e-14	0.612756521478066	Inf	-1.20098071338903	1.20098071338908
83	WGN63	1.50000000000004	0.612756521478065	Inf	0.299019286610993	2.7009807133891
84	WGN63	4.50000000000005	0.612756521478065	Inf	3.299019286611	5.7009807133891
85	WGN63	3.50000000000005	0.612756521478066	Inf	2.299019286611	4.70098071338911
86	WGN63	3.50000000000004	0.612756521478066	Inf	2.29901928661098	4.70098071338909
87	WGN63	5.00000000000005	0.612756521478065	Inf	3.79901928661099	6.2009807133891
88	WGN63	4.13349909855754e-14	0.612756521478065	Inf	-1.20098071338901	1.20098071338909
89	WGN63	2.00000000000004	0.612756521478066	Inf	0.799019286610991	3.2009807133891
90	WGN63	1.04619565217395	0.866764794721065	Inf	-0.65263212854659	2.74502343289449
91	WGN63	1.00000000000004	0.612756521478065	Inf	-0.200980713389014	2.20098071338909
92	WGN63	3.50000000000005	0.612756521478066	Inf	2.299019286611	4.70098071338911
93	WGN63	0.500000000000048	0.612756521478065	Inf	-0.700980713389003	1.7009807133891
94	WGN63	3.50000000000005	0.612756521478065	Inf	2.299019286611	4.7009807133891
95	WGN63	-0.0461956521738744	0.866764794721063	Inf	-1.74502343289441	1.65263212854666
96	WGN63	4.50000000000004	0.612756521478065	Inf	3.29901928661099	5.70098071338909
97	WGN63	3.50000000000005	0.612756521478066	Inf	2.299019286611	4.7009807133891
98	WGN63	4.00000000000005	0.612756521478066	Inf	2.799019286611	5.2009807133891
99	WGN63	0.50000000000004	0.612756521478067	Inf	-0.700980713389015	1.70098071338909
100	WGN63	4.84404183431764e-14	0.612756521478065	Inf	-1.200980713389	1.2009807133891
101	WGN63	3.50000000000005	0.612756521478065	Inf	2.29901928661099	4.7009807133891
102	WGN63	2.50000000000004	0.612756521478066	Inf	1.29901928661099	3.7009807133891
103	WGN63	1.50000000000004	0.612756521478067	Inf	0.299019286610984	2.70098071338909
105	WGN63	1.00000000000005	0.612756521478065	Inf	-0.200980713389002	2.2009807133891
106	WGN63	0.953804347826129	0.866764794721063	Inf	-0.745023432894406	2.65263212854666
107	WGN63	2.50000000000004	0.612756521478066	Inf	1.29901928661099	3.7009807133891
109	WGN63	0.500000000000039	0.612756521478066	Inf	-0.700980713389015	1.70098071338909
110	WGN63	4.71081507136262e-14	0.612756521478065	Inf	-1.200980713389	1.2009807133891
111	WGN63	5.00000000000003	0.612756521478065	Inf	3.79901928661098	6.20098071338908
112	WGN63	0.500000000000033	0.612756521478067	Inf	-0.700980713389022	1.70098071338909
114	WGN63	1.00000000000004	0.612756521478066	Inf	-0.200980713389015	2.20098071338909
115	WGN63	3.00000000000004	0.612756521478065	Inf	1.79901928661099	4.20098071338909
116	WGN63	1.00000000000005	0.612756521478065	Inf	-0.200980713389006	2.2009807133891
117	WGN63	2.00000000000005	0.612756521478065	Inf	0.799019286610994	3.2009807133891
118	WGN63	5.50000000000005	0.612756521478065	Inf	4.29901928661099	6.7009807133891
119	WGN63	1.50000000000005	0.612756521478065	Inf	0.299019286610994	2.7009807133891
121	WGN63	2.00000000000004	0.612756521478065	Inf	0.799019286610992	3.2009807133891
122	WGN63	0.50000000000004	0.612756521478066	Inf	-0.700980713389014	1.70098071338909
123	WGN63	4.50000000000005	0.612756521478066	Inf	3.299019286611	5.7009807133891
124	WGN63	0.500000000000042	0.612756521478066	Inf	-0.700980713389012	1.7009807133891
125	WGN63	1.00000000000004	0.612756521478066	Inf	-0.200980713389011	2.20098071338909
126	WGN63	1.00000000000004	0.612756521478066	Inf	-0.200980713389011	2.20098071338909
127	WGN63	3.95586341461751e-14	0.612756521478066	Inf	-1.20098071338901	1.20098071338909
128	WGN63	4.04468125658752e-14	0.612756521478066	Inf	-1.20098071338901	1.20098071338909
129	WGN63	4.00000000000005	0.612756521478066	Inf	2.79901928661099	5.2009807133891
130	WGN63	1.00000000000004	0.612756521478066	Inf	-0.20098071338901	2.2009807133891
