plantID3	famID	response	SE	df	lower.CL	upper.CL
1	WGN07	91.0251167092917	2.84086765586967	1112	84.7086438393783	95.7862436357038
2	WGN07	97.7442304278176	1.47587272929216	1112	93.9617013967181	99.7166781946091
3	WGN07	99.7493718553298	0.496965201336766	1112	97.8373956244474	100
4	WGN07	92.1161458040631	2.67850922421026	1112	86.0955393250569	96.5400431988159
5	WGN07	97.9999999999997	1.39150256373954	1112	94.377117926177	99.8031040627781
6	WGN07	99.0000000000001	0.98894826401597	1112	96.1430163878752	99.9992935591839
7	WGN07	98.5422586969595	1.19126247315768	1112	95.2995028572811	99.9446783911557
8	WGN07	98.54225869696	1.19126247315752	1112	95.2995028572818	99.9446783911558
9	WGN07	99.7493718553311	0.496965201335422	1112	97.8373956244514	100
10	WGN07	96.0609040895837	1.93342614749943	1112	91.4181987338163	98.9573465197041
11	WGN07	97.083209049555	1.67255608150424	1112	92.9297395751933	99.4516579297962
12	WGN07	97.524614098753	1.54431024267909	1112	93.6128164576225	99.6346565790442
13	WGN07	99.749371855331	0.496965201335473	1112	97.8373956244512	100
14	WGN07	91.0251167093102	2.84086765586771	1112	84.7086438394	95.7862436357177
15	WGN07	99.0000000000002	0.98894826401595	1112	96.1430163878752	99.9992935591839
16	WGN07	99.2442890089803	0.860768978306995	1112	96.6325840081953	100
17	WGN07	98.9999999999999	0.988948264016083	1112	96.1430163878747	99.9992935591839
18	WGN07	98.1314235093986	1.34590827970591	1112	94.5949447060656	99.8431417680927
20	WGN07	97.524614098753	1.54431024267906	1112	93.6128164576226	99.6346565790442
21	WGN07	98.1314235093992	1.34590827970575	1112	94.5949447060664	99.8431417680928
22	WGN07	98.1314235093984	1.34590827970597	1112	94.5949447060653	99.8431417680926
23	WGN07	97.5246140987533	1.54431024267895	1112	93.6128164576232	99.6346565790443
24	WGN07	98.7339717240448	1.11124797263807	1112	95.6435849197157	99.9767541505767
25	WGN07	98.5422586969596	1.19126247315766	1112	95.2995028572811	99.9446783911557
26	WGN07	98.131423509399	1.34590827970579	1112	94.5949447060662	99.8431417680928
27	WGN07	97.7442304278162	1.47587272929254	1112	93.961701396716	99.7166781946085
28	WGN07	96.5173015196907	1.82228583338627	1112	92.0826333992045	99.1884037560382
29	WGN07	98.131423509399	1.3459082797058	1112	94.5949447060662	99.8431417680928
30	WGN07	99.7493718553311	0.496965201335465	1112	97.8373956244512	100
31	WGN07	99.0000000000006	0.98894826401573	1112	96.1430163878761	99.9992935591839
32	WGN07	97.7442304278167	1.47587272929237	1112	93.9617013967168	99.7166781946086
33	WGN07	99.0000000000002	0.988948264015951	1112	96.1430163878752	99.9992935591839
34	WGN07	96.5173015196913	1.82228583338612	1112	92.0826333992054	99.1884037560385
35	WGN07	93.581705909913	2.43591012413923	1112	88.006310312002	97.5048300474352
36	WGN07	99.0000000000002	0.988948264015917	1112	96.1430163878754	99.9992935591839
37	WGN07	98.4767985741637	1.21731116319138	1112	95.1844968316519	99.9312458981111
38	WGN07	98.5422586969596	1.19126247315767	1112	95.2995028572811	99.9446783911557
39	WGN07	96.0609040895834	1.93342614749948	1112	91.418198733816	98.9573465197039
40	WGN07	96.0609040895834	1.93342614749943	1112	91.4181987338162	98.9573465197039
41	WGN07	94.5982959330068	2.24679281080422	1112	89.3723492115996	98.1334301904778
42	WGN07	99.4974746830583	0.702814927756209	1112	97.1889310904262	100
44	WGN07	98.1314235093989	1.34590827970582	1112	94.5949447060661	99.8431417680928
46	WGN07	99.4974746830584	0.702814927756162	1112	97.1889310904264	100
47	WGN07	98.9999999999998	0.988948264016142	1112	96.1430163878745	99.9992935591839
48	WGN07	97.3716556369843	1.59005953367942	1112	93.3735607274594	99.5737943532811
49	WGN07	98.1314235093992	1.34590827970574	1112	94.5949447060665	99.8431417680929
50	WGN07	99.7493718553311	0.496965201335451	1112	97.8373956244512	100
51	WGN07	97.0832090495558	1.67255608150401	1112	92.9297395751945	99.4516579297965
52	WGN07	92.6975711163348	2.58597201468477	1112	86.8463616288741	96.930028498743
53	WGN07	98.5422586969595	1.19126247315772	1112	95.2995028572809	99.9446783911556
54	WGN07	99.9973550867351	0.0723050241360003	1112	97.9669364249839	100
55	WGN07	96.6630318022319	1.78509862417513	1112	92.2981045966568	99.258868191091
56	WGN07	99.7493718553312	0.496965201335374	1112	97.8373956244515	100
57	WGN07	94.3779815202193	2.28948315188875	1112	89.0729783230635	98.0005248226871
58	WGN07	80.2393401911612	3.95776834267726	1112	71.9497170937576	87.3825281563071
59	WGN07	97.0000000000003	1.69551825350819	1112	92.8033388128259	99.414795218027
60	WGN07	99.749371855331	0.496965201335479	1112	97.8373956244512	100
61	WGN07	95.0000000000001	2.16622109107787	1112	89.9235281218775	98.3704299927687
63	WGN07	95.0000000000004	2.16622109107783	1112	89.9235281218778	98.3704299927689
64	WGN07	97.0000000000004	1.69551825350818	1112	92.803338812826	99.4147952180271
66	WGN07	94.7213595499961	2.22249594527615	1112	89.5404512906655	98.2067897523874
67	WGN07	95.1981846701235	2.12506899774892	1112	90.1981896595004	98.4846242098753
68	WGN07	96.6630318022319	1.78509862417514	1112	92.2981045966568	99.258868191091
69	WGN07	94.5982959330073	2.24679281080415	1112	89.3723492116002	98.1334301904782
71	WGN07	98.9999999999999	0.988948264016062	1112	96.1430163878748	99.9992935591839
73	WGN07	99.0000000000002	0.988948264015934	1112	96.1430163878753	99.9992935591839
74	WGN07	98.5422586969595	1.19126247315768	1112	95.2995028572811	99.9446783911557
75	WGN07	100	6.08606843103168e-16	1112	99.0521989525812	100
76	WGN07	99.749371855331	0.496965201335526	1112	97.8373956244511	100
77	WGN07	99.4974746830586	0.702814927756039	1112	97.1889310904268	100
78	WGN07	97.5246140987531	1.54431024267904	1112	93.6128164576228	99.6346565790443
79	WGN07	85.3553390593283	3.5140746387809	1112	77.8338003832421	91.5364846397231
80	WGN07	100	2.38961241113909e-13	1112	99.0521989525805	100
81	WGN07	100	6.0860684310319e-16	1112	99.0521989525812	100
82	WGN07	98.7339717240448	1.1112479726381	1112	95.6435849197156	99.9767541505767
83	WGN07	97.744230427816	1.4758727292926	1112	93.9617013967157	99.7166781946084
84	WGN07	99.7493718553311	0.496965201335468	1112	97.8373956244512	100
85	WGN07	94.7213595499968	2.222495945276	1112	89.5404512906665	98.2067897523878
86	WGN07	98.5422586969595	1.19126247315771	1112	95.2995028572809	99.9446783911557
87	WGN07	94.7839729716953	2.21000545698072	1112	89.6262303412013	98.2438637425831
88	WGN07	100	6.08606843103183e-16	1112	99.0521989525813	100
89	WGN07	92.6975711163335	2.58597201468506	1112	86.8463616288723	96.9300284987423
90	WGN07	95.0478786053688	2.15636776174569	1112	89.9897100376578	98.3981901120328
91	WGN07	95.5132775677538	2.05755972705498	1112	90.6389315295444	98.6621223199559
92	WGN07	98.0000000000002	1.3915025637394	1112	94.3771179261777	99.8031040627783
93	WGN07	99.7493718553314	0.496965201335174	1112	97.8373956244521	100
94	WGN07	97.0000000000003	1.69551825350818	1112	92.8033388128259	99.414795218027
95	WGN07	98.1314235093989	1.34590827970581	1112	94.5949447060661	99.8431417680928
96	WGN07	97.5246140987529	1.54431024267908	1112	93.6128164576226	99.6346565790442
97	WGN07	98.5422586969596	1.19126247315766	1112	95.2995028572811	99.9446783911557
98	WGN07	96.5173015196905	1.82228583338633	1112	92.0826333992042	99.1884037560381
99	WGN07	97.5246140987529	1.5443102426791	1112	93.6128164576224	99.6346565790441
100	WGN07	98.0000000000004	1.39150256373938	1112	94.3771179261779	99.8031040627784
101	WGN07	97.524614098753	1.54431024267904	1112	93.6128164576227	99.6346565790442
102	WGN07	99.7493718553311	0.496965201335463	1112	97.8373956244513	100
103	WGN07	98.131423509398	1.34590827970611	1112	94.5949447060647	99.8431417680925
104	WGN07	99.749371855331	0.496965201335518	1112	97.8373956244511	100
105	WGN07	99.0000000000001	0.988948264015962	1112	96.1430163878752	99.9992935591839
106	WGN07	95.0000000000003	2.16622109107789	1112	89.9235281218776	98.3704299927689
107	WGN07	95.0000000000005	2.16622109107785	1112	89.9235281218778	98.370429992769
108	WGN07	92.1161458040603	2.67850922421084	1112	86.095539325053	96.5400431988141
109	WGN07	97.3716556369842	1.59005953367945	1112	93.3735607274592	99.573794353281
110	WGN07	98.9897948556638	0.993930402670974	1112	96.12329108648	99.998995469766
111	WGN07	97.5246140987531	1.54431024267905	1112	93.6128164576227	99.6346565790442
112	WGN07	98.1314235093988	1.34590827970583	1112	94.594944706066	99.8431417680927
113	WGN07	100	6.08606843103165e-16	1112	99.0521989525814	100
114	WGN07	99.7493718553311	0.496965201335407	1112	97.8373956244514	100
115	WGN07	92.6975711163353	2.58597201468468	1112	86.8463616288748	96.9300284987434
116	WGN07	95.5132775677538	2.05755972705502	1112	90.6389315295442	98.6621223199559
117	WGN07	94.1609333731368	2.33057491671267	1112	88.7799285065873	97.867707083444
118	WGN07	99.7493718553311	0.496965201335472	1112	97.8373956244512	100
119	WGN07	98.131423509399	1.34590827970579	1112	94.5949447060662	99.8431417680928
120	WGN07	95.0000000000003	2.16622109107786	1112	89.9235281218776	98.3704299927688
121	WGN07	95.5132775677539	2.05755972705498	1112	90.6389315295444	98.6621223199559
122	WGN07	99.0997484926442	1.32796523660389	1112	94.670666110741	100
123	WGN07	100	6.08606843103189e-16	1112	99.0521989525812	100
124	WGN07	99.0000000000001	0.988948264015961	1112	96.1430163878752	99.9992935591839
125	WGN07	98.5422586969596	1.19126247315767	1112	95.2995028572811	99.9446783911557
126	WGN07	99.749371855331	0.49696520133553	1112	97.8373956244511	100
127	WGN07	100	6.08606843103173e-16	1112	99.0521989525811	100
128	WGN07	98.131423509399	1.34590827970578	1112	94.5949447060662	99.8431417680928
129	WGN07	96.5173015196907	1.82228583338627	1112	92.0826333992045	99.1884037560382
130	WGN07	98.1314235093989	1.3459082797058	1112	94.5949447060662	99.8431417680928
1	WGN15	44.9745518997512	4.9444864559413	1112	35.4296183759855	54.7100104224434
2	WGN15	60.2154821844695	4.86482372894213	1112	50.5369585705526	69.5067160098131
3	WGN15	85.0000000000076	3.54904141681344	1112	77.4170229009581	91.2560556326703
4	WGN15	99.7493718553314	0.496965201335067	1112	97.8373956244524	100
5	WGN15	98.1314235094004	1.34590827970528	1112	94.5949447060686	99.8431417680932
7	WGN15	98.5422586969625	1.19126247315655	1112	95.299502857286	99.9446783911563
8	WGN15	97.5246140987553	1.54431024267837	1112	93.6128164576262	99.6346565790451
9	WGN15	70.1204006516817	4.54951974779102	1112	60.8688629537873	78.60913287709
10	WGN15	70.1204006516787	4.54951974779094	1112	60.8688629537845	78.6091328770869
11	WGN15	95.5132775677567	2.05755972705433	1112	90.6389315295484	98.6621223199574
12	WGN15	85.3553390593333	3.51407463878035	1112	77.8338003832481	91.536484639727
13	WGN15	57.5096097971007	4.91328034734846	1112	47.7879035663	66.9466113866454
14	WGN15	97.0000000000034	1.69551825350736	1112	92.8033388128305	99.4147952180284
15	WGN15	97.5246140987551	1.54431024267841	1112	93.612816457626	99.634656579045
16	WGN15	99.7493718553313	0.496965201335247	1112	97.8373956244519	100
17	WGN15	75.4440574353729	6.0514482607262	1112	62.7585253569727	86.205569402603
18	WGN15	85.8584147024117	3.46335058798497	1112	78.4262356856264	91.9311279986479
19	WGN15	98.8950674773571	1.46968308391036	1112	94.1991726581299	100
20	WGN15	93.3135224943252	2.48271553117161	1112	87.6519547400154	97.3329861691339
21	WGN15	98.5422586969623	1.19126247315662	1112	95.2995028572857	99.9446783911562
22	WGN15	17.4291977816741	3.77057797397695	1112	10.6951675008547	25.3980536808057
23	WGN15	97.0832090495586	1.67255608150329	1112	92.9297395751986	99.4516579297978
24	WGN15	80.4098373729055	5.58010169734496	1112	68.4496986559534	90.0704553144665
25	WGN15	99.7493718553318	0.496965201334776	1112	97.8373956244533	100
26	WGN15	97.0832090495579	1.67255608150344	1112	92.9297395751977	99.4516579297975
27	WGN15	99.0000000000014	0.988948264015331	1112	96.1430163878777	99.999293559184
28	WGN15	57.5096097971012	4.91328034734846	1112	47.7879035663004	66.9466113866459
29	WGN15	70.4988805276537	4.53279766763809	1112	61.2727711628766	78.9478354750297
30	WGN15	99.7493718553317	0.496965201334808	1112	97.8373956244532	100
31	WGN15	98.1414593955679	1.89880682596805	1112	92.6427125527699	100
32	WGN15	93.3135224943246	2.48271553117169	1112	87.6519547400147	97.3329861691335
33	WGN15	77.5494935745827	4.14723389369295	1112	68.9414609335826	85.1130686609488
34	WGN15	85.3553390593328	3.51407463878041	1112	77.8338003832474	91.5364846397266
35	WGN15	97.0000000000023	1.69551825350763	1112	92.803338812829	99.4147952180279
36	WGN15	80.2393401911657	3.95776834267695	1112	71.9497170937626	87.3825281563109
37	WGN15	77.5494935745811	4.14723389369301	1112	68.9414609335809	85.1130686609474
38	WGN15	93.9301628811614	2.37326935514087	1112	88.4702917559858	97.724551830655
39	WGN15	96.6630318022346	1.78509862417447	1112	92.2981045966607	99.2588681910923
40	WGN15	97.524614098756	1.54431024267818	1112	93.6128164576272	99.6346565790454
41	WGN15	92.1161458040648	2.67850922421016	1112	86.0955393250587	96.5400431988172
43	WGN15	94.5107258321887	2.26388303883645	1112	89.2531185131058	98.0808406486665
44	WGN15	99.7493718553316	0.496965201334917	1112	97.8373956244529	100
45	WGN15	55.0254481002679	4.94448645594189	1112	45.2899895775741	64.5703816240343
46	WGN15	98.1314235094009	1.34590827970515	1112	94.5949447060693	99.8431417680934
47	WGN15	82.5708022183378	3.77057797397589	1112	74.6019463192081	89.304832499155
48	WGN15	85.9532540829099	3.45362357435433	1112	78.5382419111443	92.0052049795595
50	WGN15	98.1314235094005	1.34590827970523	1112	94.5949447060688	99.8431417680932
51	WGN15	96.0609040895858	1.9334261474989	1112	91.4181987338195	98.9573465197051
52	WGN15	92.116145804064	2.67850922421023	1112	86.0955393250578	96.5400431988166
53	WGN15	92.6975711163402	2.58597201468394	1112	86.846361628881	96.9300284987467
54	WGN15	55.5114380468994	6.98689029887283	1112	41.767295205326	68.8388188342826
55	WGN15	98.5422586969614	1.19126247315697	1112	95.2995028572842	99.944678391156
56	WGN15	96.2575313952421	1.88648092338375	1112	91.7026272144023	99.0587181077847
57	WGN15	62.5167030581306	4.81141591206534	1112	52.8986859260122	71.6601864194998
58	WGN15	99.7493718553318	0.496965201334738	1112	97.8373956244534	100
59	WGN15	99.749371855332	0.496965201334537	1112	97.8373956244539	100
60	WGN15	96.6630318022349	1.78509862417439	1112	92.2981045966612	99.2588681910925
61	WGN15	99.4974746830597	0.702814927755237	1112	97.1889310904295	100
62	WGN15	85.355339059333	3.51407463878036	1112	77.8338003832478	91.5364846397267
63	WGN15	95.5132775677566	2.05755972705441	1112	90.6389315295482	98.6621223199575
64	WGN15	93.5089611968229	2.44872318933083	1112	87.9099630953885	97.4584457384789
65	WGN15	96.6630318022348	1.78509862417442	1112	92.2981045966611	99.2588681910925
66	WGN15	70.1204006516796	4.54951974779097	1112	60.8688629537853	78.6091328770878
67	WGN15	72.5353779278512	4.43626752377582	1112	63.4588681458173	80.757525517725
69	WGN15	98.0000000000027	1.39150256373859	1112	94.3771179261817	99.8031040627791
70	WGN15	93.5817059099163	2.43591012413864	1112	88.0063103120064	97.5048300474373
71	WGN15	55.0000000000084	4.94474132008001	1112	45.2645269669941	64.5459128235385
72	WGN15	45.5119670295523	7.0013513037003	1112	32.1178770658093	59.2454315492862
73	WGN15	97.5246140987549	1.54431024267848	1112	93.6128164576256	99.6346565790449
74	WGN15	92.6975711163387	2.58597201468412	1112	86.8463616288793	96.9300284987457
75	WGN15	50.5142804010823	7.02935588978405	1112	36.8768052967567	64.1128668243484
77	WGN15	98.000000000002	1.39150256373879	1112	94.3771179261807	99.8031040627789
78	WGN15	98.5422586969612	1.19126247315702	1112	95.2995028572839	99.944678391156
79	WGN15	96.517301519694	1.82228583338546	1112	92.0826333992093	99.1884037560399
80	WGN15	98.5422586969609	1.19126247315716	1112	95.2995028572833	99.9446783911559
81	WGN15	93.0332101351172	2.53041255753227	1112	87.2839617631958	97.1509816414441
82	WGN15	70.1204006516804	4.54951974779096	1112	60.8688629537861	78.6091328770886
83	WGN15	99.0000000000014	0.988948264015353	1112	96.1430163878776	99.999293559184
84	WGN15	96.663031802234	1.78509862417461	1112	92.2981045966598	99.258868191092
85	WGN15	99.2442890089818	0.860768978306125	1112	96.6325840081985	100
86	WGN15	95.0000000000036	2.1662210910772	1112	89.9235281218821	98.3704299927708
87	WGN15	82.5708022183382	3.77057797397589	1112	74.6019463192085	89.3048324991553
88	WGN15	92.0000000000049	2.69646558846956	1112	85.9465859112757	96.4611083290701
89	WGN15	85.0000000000058	3.5490414168135	1112	77.4170229009562	91.2560556326686
90	WGN15	55.0254481002685	4.94448645594181	1112	45.2899895775749	64.5703816240348
91	WGN15	100	6.08606843103178e-16	1112	99.0521989525826	100
92	WGN15	85.355339059333	3.51407463878037	1112	77.8338003832478	91.5364846397267
93	WGN15	93.3135224943246	2.48271553117168	1112	87.6519547400147	97.3329861691335
94	WGN15	97.5246140987555	1.54431024267832	1112	93.6128164576265	99.6346565790452
95	WGN15	75.1691251538301	4.29409584292942	1112	66.3198801400337	83.0641572402898
96	WGN15	91.5605519132649	2.7629129317316	1112	85.3859165567395	96.1595418844021
97	WGN15	88.7381563638228	3.14207047976576	1112	81.8777842330392	94.129885887538
98	WGN15	85.0000000000056	3.54904141681352	1112	77.417022900956	91.2560556326685
99	WGN15	75.1691251538308	4.29409584292938	1112	66.3198801400345	83.0641572402904
100	WGN15	85.3553390593333	3.51407463878038	1112	77.833800383248	91.536484639727
101	WGN15	60.0000000000083	4.86924465276606	1112	50.3169416576049	69.3039379234437
102	WGN15	90.0000000000041	2.98179120801261	1112	83.4282025871404	95.0553157369973
103	WGN15	98.5422586969613	1.19126247315699	1112	95.2995028572841	99.944678391156
104	WGN15	99.7493718553318	0.496965201334707	1112	97.8373956244535	100
106	WGN15	98.0000000000022	1.39150256373874	1112	94.377117926181	99.803104062779
107	WGN15	77.5494935745817	4.14723389369291	1112	68.9414609335816	85.1130686609477
108	WGN15	80.0000000000061	3.97572161068382	1112	71.6799106049826	87.1827281381264
109	WGN15	97.0832090495582	1.67255608150336	1112	92.9297395751981	99.4516579297976
110	WGN15	99.7493718553318	0.496965201334783	1112	97.8373956244532	100
111	WGN15	87.6084148543873	3.27485683598651	1112	80.5105664275305	93.2804514816139
112	WGN15	97.083209049558	1.67255608150344	1112	92.9297395751977	99.4516579297975
113	WGN15	86.6146875965917	3.38427778117996	1112	79.3223397994363	92.5188978235484
114	WGN15	44.7556903249585	4.94224056260135	1112	35.2192843325932	54.4909188054436
115	WGN15	97.3716556369867	1.59005953367873	1112	93.373560727463	99.573794353282
116	WGN15	94.5107258321878	2.26388303883659	1112	89.2531185131047	98.080840648666
117	WGN15	96.0000000000033	1.94769786110574	1112	91.3306237832114	98.9254222895442
118	WGN15	89.3315580778154	3.06837848024408	1112	82.603613671533	94.5683628063869
119	WGN15	99.7493718553318	0.496965201334731	1112	97.8373956244534	100
120	WGN15	93.9786217196702	2.36438647671274	1112	88.5351508314529	97.7547732586897
121	WGN15	65.0000000000081	4.74074587294	1112	55.472693824982	73.9586255465827
122	WGN15	96.6630318022346	1.78509862417447	1112	92.2981045966607	99.2588681910923
123	WGN15	87.6084148543871	3.27485683598655	1112	80.5105664275302	93.2804514816138
124	WGN15	86.5706658587232	3.38897678620905	1112	79.269990954231	92.484872146987
125	WGN15	98.5422586969614	1.19126247315693	1112	95.2995028572844	99.944678391156
126	WGN15	72.8267561993239	4.42152618151011	1112	63.7734640333175	81.0146394279346
127	WGN15	99.7493718553318	0.496965201334729	1112	97.8373956244534	100
128	WGN15	57.5096097971019	4.91328034734841	1112	47.7879035663012	66.9466113866465
129	WGN15	85.000000000006	3.54904141681352	1112	77.4170229009564	91.2560556326689
130	WGN15	77.5494935745811	4.14723389369292	1112	68.9414609335811	85.1130686609472
3	WGN26	87.6084148543809	3.27485683598729	1112	80.5105664275228	93.2804514816091
4	WGN26	99.4974746830584	0.702814927756125	1112	97.1889310904265	100
5	WGN26	67.5249921620604	4.65439115568756	1112	58.1181867660274	76.267389321005
6	WGN26	93.9999999999996	2.36045392240483	1112	88.5637911107332	97.7680790458086
7	WGN26	82.5708022183314	3.77057797397651	1112	74.6019463192005	89.3048324991498
9	WGN26	99.749371855331	0.49696520133556	1112	97.8373956244509	100
10	WGN26	96.6630318022316	1.78509862417521	1112	92.2981045966564	99.2588681910909
11	WGN26	90.306452310032	4.15976951456169	1112	80.7237557361128	96.8412692345911
12	WGN26	98.1314235093988	1.34590827970586	1112	94.5949447060659	99.8431417680927
13	WGN26	82.5708022183334	3.77057797397625	1112	74.601946319203	89.3048324991513
14	WGN26	98.0000000000001	1.39150256373944	1112	94.3771179261776	99.8031040627783
15	WGN26	99.2442890089804	0.860768978306936	1112	96.6325840081955	100
17	WGN26	75.1691251538218	4.29409584292999	1112	66.3198801400243	83.0641572402827
18	WGN26	75.4440574353663	6.0514482607266	1112	62.7585253569657	86.2055694025974
19	WGN26	94.7734499483688	3.12909971789771	1112	87.0185867533902	99.1426495806104
20	WGN26	85.3654182283626	4.96935068166941	1112	74.4011279155974	93.6554583322475
21	WGN26	92.6975711163346	2.58597201468475	1112	86.8463616288741	96.9300284987429
22	WGN26	84.9999999999994	3.54904141681419	1112	77.4170229009486	91.2560556326637
23	WGN26	92.0468892123583	2.68923682226381	1112	86.0066801150103	96.4930148842591
25	WGN26	99.749371855331	0.496965201335466	1112	97.8373956244513	100
26	WGN26	98.5422586969594	1.19126247315778	1112	95.2995028572806	99.9446783911556
27	WGN26	99.749371855331	0.496965201335551	1112	97.837395624451	100
28	WGN26	93.9786217196664	2.36438647671345	1112	88.5351508314478	97.7547732586873
29	WGN26	67.5249921620604	4.6543911556876	1112	58.1181867660273	76.2673893210051
30	WGN26	77.5494935745747	4.14723389369338	1112	68.9414609335739	85.1130686609418
31	WGN26	82.570802218332	3.77057797397646	1112	74.6019463192012	89.3048324991504
32	WGN26	100	1.38504198581477e-14	1112	99.052198952581	100
33	WGN26	93.2601595944909	3.52485604483831	1112	84.7958100504366	98.4532770528748
34	WGN26	98	1.39150256373948	1112	94.3771179261774	99.8031040627782
35	WGN26	57.5096097970921	4.91328034734857	1112	47.7879035662913	66.9466113866373
36	WGN26	74.9999999999998	4.30384489153416	1112	66.1349533425787	82.9172456100021
38	WGN26	97.9999999999999	1.39150256373952	1112	94.3771179261772	99.8031040627782
39	WGN26	99.2442890089805	0.860768978306827	1112	96.6325840081959	100
40	WGN26	95.0000000000002	2.16622109107787	1112	89.9235281218775	98.3704299927687
41	WGN26	74.5532976513698	6.12375328486278	1112	61.7613670223872	85.4885653406159
42	WGN26	99.7493718553311	0.49696520133544	1112	97.8373956244513	100
43	WGN26	87.6084148543822	3.27485683598707	1112	80.5105664275244	93.28045148161
44	WGN26	90.6003748701062	2.90052250376853	1112	84.1756451935783	95.4858614335346
45	WGN26	90.6003748701064	2.90052250376849	1112	84.1756451935786	95.4858614335346
46	WGN26	100	6.0860684310318e-16	1112	99.0521989525812	100
47	WGN26	92.6975711163343	2.58597201468483	1112	86.8463616288736	96.9300284987428
48	WGN26	75.169125153824	4.29409584292972	1112	66.3198801400271	83.0641572402844
49	WGN26	86.6146875965856	3.38427778118059	1112	79.3223397994291	92.5188978235437
50	WGN26	90.0000000000001	2.98179120801315	1112	83.4282025871355	95.0553157369944
51	WGN26	99.4974746830583	0.7028149277562	1112	97.1889310904262	100
52	WGN26	97.9999999999998	1.39150256373956	1112	94.377117926177	99.8031040627782
53	WGN26	93.5817059099124	2.43591012413934	1112	88.0063103120012	97.5048300474348
54	WGN26	99	0.988948264016008	1112	96.143016387875	99.9992935591839
55	WGN26	68.9029480883829	4.60081199118154	1112	59.574484677905	77.5147621389618
56	WGN26	82.5708022183314	3.77057797397654	1112	74.6019463192005	89.3048324991499
57	WGN26	95.6227892407649	2.03345894228665	1112	90.7933562596537	98.7225691247334
58	WGN26	97.0832090495554	1.6725560815041	1112	92.929739575194	99.4516579297964
59	WGN26	94.7734499483689	3.12909971789769	1112	87.0185867533904	99.1426495806105
60	WGN26	94.9999999999999	2.16622109107795	1112	89.9235281218771	98.3704299927686
61	WGN26	99	0.988948264016048	1112	96.1430163878749	99.9992935591839
62	WGN26	82.5708022183332	3.77057797397626	1112	74.6019463192028	89.3048324991512
64	WGN26	99.749371855331	0.49696520133554	1112	97.837395624451	100
65	WGN26	75.1691251538242	4.29409584292976	1112	66.3198801400272	83.0641572402846
66	WGN26	93.9786217196663	2.36438647671348	1112	88.5351508314476	97.7547732586873
67	WGN26	96.5173015196902	1.82228583338641	1112	92.0826333992037	99.188403756038
68	WGN26	96.0609040895832	1.93342614749949	1112	91.4181987338158	98.9573465197038
69	WGN26	77.5494935745746	4.14723389369342	1112	68.9414609335737	85.1130686609417
70	WGN26	99.7493718553309	0.496965201335613	1112	97.8373956244508	100
71	WGN26	91.0251167093096	2.84086765586789	1112	84.708643839399	95.7862436357175
73	WGN26	95.4763098818769	2.06561896085706	1112	90.5869516285759	98.6415683696261
74	WGN26	95.1981846701233	2.12506899774896	1112	90.1981896595002	98.4846242098752
75	WGN26	65.3425716154134	4.72990320976764	1112	55.8299114342655	74.2735635786738
76	WGN26	93.5817059099126	2.43591012413929	1112	88.0063103120015	97.5048300474349
77	WGN26	89.6893158287437	4.27545755317931	1112	79.9058290453829	96.4715893800152
78	WGN26	95.8628072460634	1.97940163287204	1112	91.1342192580106	98.8526425643005
79	WGN26	100	8.60893358814463e-16	1112	98.2470906975804	100
80	WGN26	97.3716556369839	1.59005953367954	1112	93.3735607274588	99.5737943532809
81	WGN26	94.5982959330062	2.24679281080436	1112	89.3723492115987	98.1334301904775
82	WGN26	99.0000000000001	0.988948264015968	1112	96.1430163878752	99.9992935591839
83	WGN26	96.9999999999999	1.69551825350831	1112	92.8033388128252	99.4147952180269
85	WGN26	95.7960107490208	2.82145424626912	1112	88.5984899065867	99.5305443726797
86	WGN26	24.5559425646337	6.05144826072664	1112	13.7944305974025	37.2414746430345
87	WGN26	95.0478786053685	2.15636776174572	1112	89.9897100376575	98.3981901120326
88	WGN26	85.1438544435628	3.53496974746278	1112	77.5855857734056	91.3697478316421
89	WGN26	100	5.02254451478465e-15	1112	99.052198952581	100
90	WGN26	98.1314235093988	1.34590827970584	1112	94.594944706066	99.8431417680927
91	WGN26	97.7442304278157	1.47587272929268	1112	93.9617013967153	99.7166781946083
92	WGN26	80.2393401911599	3.95776834267737	1112	71.9497170937561	87.3825281563061
93	WGN26	86.6146875965859	3.38427778118053	1112	79.3223397994294	92.5188978235438
94	WGN26	99.749371855331	0.496965201335522	1112	97.8373956244511	100
95	WGN26	86.5706658587175	3.38897678620965	1112	79.2699909542244	92.4848721469827
96	WGN26	98.1314235093988	1.34590827970588	1112	94.5949447060658	99.8431417680927
97	WGN26	70.0000000000002	4.5547613057581	1112	60.7405252271916	78.5012339348736
98	WGN26	100	6.08606843103176e-16	1112	99.0521989525811	100
99	WGN26	94.1609333731365	2.33057491671273	1112	88.7799285065869	97.8677070834438
101	WGN26	98.5422586969595	1.19126247315773	1112	95.2995028572808	99.9446783911557
102	WGN26	97.5246140987529	1.54431024267911	1112	93.6128164576224	99.6346565790441
103	WGN26	96.6630318022316	1.78509862417524	1112	92.2981045966563	99.2588681910909
104	WGN26	98.5422586969594	1.19126247315775	1112	95.2995028572807	99.9446783911556
105	WGN26	79.9999999999999	3.97572161068425	1112	71.6799106049758	87.1827281381213
106	WGN26	67.5249921620604	4.65439115568759	1112	58.1181867660274	76.2673893210051
108	WGN26	65.08319541635	4.73813744924251	1112	55.5593977944354	74.0351583017029
109	WGN26	85.3553390593273	3.51407463878095	1112	77.833800383241	91.5364846397222
111	WGN26	79.9999999999999	3.97572161068425	1112	71.6799106049758	87.1827281381213
112	WGN26	77.5494935745752	4.14723389369336	1112	68.9414609335744	85.1130686609423
113	WGN26	89.9999999999999	2.98179120801322	1112	83.4282025871351	95.0553157369943
115	WGN26	75	4.3038448915342	1112	66.1349533425787	82.9172456100023
116	WGN26	99.749371855331	0.496965201335528	1112	97.837395624451	100
117	WGN26	96.8220544525679	2.46620329730244	1112	90.2739707730639	99.8295638882878
118	WGN26	99.749371855331	0.496965201335542	1112	97.837395624451	100
119	WGN26	98	1.39150256373949	1112	94.3771179261773	99.8031040627783
121	WGN26	90.6003748701064	2.90052250376849	1112	84.1756451935786	95.4858614335346
122	WGN26	96.6630318022316	1.7850986241752	1112	92.2981045966564	99.2588681910909
123	WGN26	95.1981846701233	2.12506899774894	1112	90.1981896595002	98.4846242098752
125	WGN26	98	1.39150256373948	1112	94.3771179261774	99.8031040627783
127	WGN26	73.4596934287985	4.38867578640616	1112	64.4584512468589	81.5715307305803
128	WGN26	96.5173015196903	1.82228583338636	1112	92.082633399204	99.188403756038
129	WGN26	90.3064523100328	4.15976951456145	1112	80.723755736114	96.8412692345914
130	WGN26	99.4974746830585	0.702814927756035	1112	97.1889310904268	100
1	WGN36	89.9499834699215	2.98840811540959	1112	83.3662332797307	95.0191482130257
2	WGN36	97.0000000000005	1.69551825350816	1112	92.8033388128261	99.4147952180271
4	WGN36	92.6975711163349	2.58597201468476	1112	86.8463616288743	96.9300284987431
5	WGN36	98.0000000000005	1.39150256373933	1112	94.3771179261782	99.8031040627784
6	WGN36	98.131423509399	1.34590827970579	1112	94.5949447060662	99.8431417680928
7	WGN36	100	6.08606843103178e-16	1112	99.0521989525813	100
8	WGN36	98.5422586969596	1.19126247315768	1112	95.2995028572811	99.9446783911557
9	WGN36	95.2217892077546	2.99895067445245	1112	87.7021136750351	99.3218988115804
10	WGN36	94.721359549996	2.22249594527616	1112	89.5404512906653	98.2067897523873
11	WGN36	97.0090607010493	1.6930349536954	1112	92.8170694139162	99.4188425093569
12	WGN36	96.1991226105715	2.68841300185848	1112	89.2441025108685	99.6606731153829
13	WGN36	97.3716556369842	1.59005953367945	1112	93.3735607274593	99.5737943532811
14	WGN36	77.5494935745757	4.14723389369339	1112	68.9414609335749	85.1130686609428
15	WGN36	97.0832090495559	1.67255608150402	1112	92.9297395751946	99.4516579297966
16	WGN36	100	6.08606843103175e-16	1112	99.0521989525812	100
17	WGN36	96.0609040895837	1.93342614749941	1112	91.4181987338165	98.9573465197041
18	WGN36	99.749371855331	0.496965201335475	1112	97.8373956244512	100
19	WGN36	98.5422586969597	1.19126247315764	1112	95.2995028572812	99.9446783911557
20	WGN36	94.5982959330067	2.24679281080421	1112	89.3723492115995	98.1334301904778
21	WGN36	85.0000000000006	3.54904141681401	1112	77.4170229009501	91.2560556326645
22	WGN36	98.5422586969596	1.19126247315765	1112	95.2995028572812	99.9446783911557
23	WGN36	97.0832090495558	1.67255608150405	1112	92.9297395751944	99.4516579297966
24	WGN36	97.5246140987532	1.54431024267902	1112	93.6128164576229	99.6346565790443
26	WGN36	90.0000000000002	2.98179120801312	1112	83.4282025871356	95.0553157369945
27	WGN36	98.1314235093991	1.34590827970575	1112	94.5949447060664	99.8431417680928
28	WGN36	93.9786217196669	2.36438647671334	1112	88.5351508314485	97.7547732586876
30	WGN36	98.0000000000004	1.39150256373934	1112	94.377117926178	99.8031040627784
31	WGN36	92.8958040488932	2.55335670463562	1112	87.1044264672179	97.0609141102717
32	WGN36	99.0000000000003	0.988948264015916	1112	96.1430163878754	99.9992935591839
33	WGN36	98.9897948556638	0.993930402670961	1112	96.12329108648	99.998995469766
34	WGN36	95.0478786053692	2.15636776174558	1112	89.9897100376585	98.3981901120331
35	WGN36	85.3553390593283	3.51407463878078	1112	77.8338003832424	91.536484639723
36	WGN36	97.0832090495561	1.67255608150396	1112	92.9297395751949	99.4516579297967
37	WGN36	99.0997484926447	1.32796523660345	1112	94.6706661107424	100
38	WGN36	90.3064523100317	4.15976951456174	1112	80.7237557361124	96.8412692345909
39	WGN36	95.6152593375729	2.03512708739937	1112	90.782716734291	98.7184343177172
40	WGN36	99.4974746830585	0.702814927756092	1112	97.1889310904266	100
41	WGN36	97.0832090495557	1.67255608150407	1112	92.9297395751943	99.4516579297965
42	WGN36	95.0000000000001	2.16622109107788	1112	89.9235281218774	98.3704299927687
43	WGN36	97.3716556369843	1.59005953367943	1112	93.3735607274593	99.5737943532811
44	WGN36	97.3716556369843	1.59005953367944	1112	93.3735607274593	99.5737943532811
45	WGN36	67.5249921620608	4.6543911556876	1112	58.1181867660277	76.2673893210055
46	WGN36	94.5107258321843	2.26388303883728	1112	89.2531185130999	98.0808406486639
47	WGN36	98.4767985741634	1.21731116319151	1112	95.1844968316513	99.931245898111
48	WGN36	97.0000000000002	1.69551825350822	1112	92.8033388128257	99.414795218027
49	WGN36	97.3716556369842	1.59005953367945	1112	93.3735607274592	99.573794353281
51	WGN36	99.0000000000002	0.988948264015949	1112	96.1430163878752	99.9992935591839
52	WGN36	99.0000000000001	0.988948264015969	1112	96.1430163878752	99.9992935591839
53	WGN36	99.0000000000002	0.988948264015933	1112	96.1430163878753	99.9992935591839
54	WGN36	99.0000000000001	0.988948264015971	1112	96.1430163878752	99.9992935591839
55	WGN36	98.5422586969597	1.19126247315763	1112	95.2995028572813	99.9446783911557
56	WGN36	95.0478786053689	2.15636776174563	1112	89.9897100376581	98.3981901120329
57	WGN36	99.0000000000002	0.988948264015929	1112	96.1430163878753	99.9992935591839
58	WGN36	97.3716556369842	1.59005953367945	1112	93.3735607274592	99.5737943532811
59	WGN36	60.0525170247702	4.86817624505099	1112	50.3705462281103	69.3533763748191
60	WGN36	85.7228397458	3.47716393944343	1112	78.2662989927726	91.8250547017135
62	WGN36	93.9786217196668	2.36438647671337	1112	88.5351508314484	97.7547732586876
64	WGN36	99.0000000000002	0.988948264015922	1112	96.1430163878754	99.9992935591839
65	WGN36	96.663031802232	1.78509862417514	1112	92.2981045966569	99.2588681910911
66	WGN36	96.6630318022319	1.78509862417515	1112	92.2981045966567	99.258868191091
68	WGN36	92.1161458040607	2.67850922421078	1112	86.0955393250535	96.5400431988144
69	WGN36	92.6975711163351	2.58597201468473	1112	86.8463616288745	96.9300284987433
70	WGN36	97.5246140987531	1.54431024267904	1112	93.6128164576228	99.6346565790442
71	WGN36	96.2575313952388	1.88648092338451	1112	91.7026272143977	99.058718107783
72	WGN36	67.752551286085	4.64586389224571	1112	58.3580577606859	76.4740093433518
74	WGN36	95.5132775677538	2.05755972705499	1112	90.6389315295443	98.6621223199559
75	WGN36	87.2116375225967	3.31933178360668	1112	80.0345982324014	92.9779076519883
76	WGN36	98.5422586969597	1.19126247315765	1112	95.2995028572812	99.9446783911557
77	WGN36	92.1161458040608	2.67850922421076	1112	86.0955393250536	96.5400431988144
78	WGN36	92.6975711163349	2.58597201468474	1112	86.8463616288743	96.9300284987432
79	WGN36	95.1981846701237	2.12506899774886	1112	90.1981896595008	98.4846242098754
80	WGN36	95.5132775677539	2.05755972705499	1112	90.6389315295443	98.6621223199559
81	WGN36	99.7493718553311	0.496965201335441	1112	97.8373956244513	100
82	WGN36	97.5246140987531	1.54431024267903	1112	93.6128164576228	99.6346565790442
83	WGN36	95.5132775677538	2.057559727055	1112	90.6389315295443	98.6621223199559
84	WGN36	99.7493718553311	0.496965201335453	1112	97.8373956244513	100
85	WGN36	83.1734976624668	3.71830818642949	1112	75.2951267289054	89.7941935627868
86	WGN36	96.0609040895836	1.93342614749943	1112	91.4181987338163	98.957346519704
87	WGN36	80.0000000000006	3.97572161068423	1112	71.6799106049765	87.182728138122
88	WGN36	96.0000000000005	1.9476978611064	1112	91.3306237832073	98.9254222895427
89	WGN36	94.5107258321845	2.26388303883725	1112	89.2531185131001	98.080840648664
90	WGN36	85.3553390593279	3.51407463878087	1112	77.8338003832418	91.5364846397227
92	WGN36	95.0000000000004	2.16622109107784	1112	89.9235281218778	98.3704299927689
93	WGN36	85.0000000000007	3.54904141681401	1112	77.4170229009502	91.2560556326646
94	WGN36	97.0000000000003	1.69551825350818	1112	92.803338812826	99.4147952180271
95	WGN36	99.7493718553311	0.496965201335407	1112	97.8373956244514	100
96	WGN36	87.6084148543825	3.27485683598706	1112	80.5105664275247	93.2804514816102
97	WGN36	97.5246140987532	1.54431024267901	1112	93.6128164576229	99.6346565790443
98	WGN36	98.131423509399	1.34590827970577	1112	94.5949447060663	99.8431417680928
99	WGN36	98.5422586969597	1.19126247315763	1112	95.2995028572813	99.9446783911557
100	WGN36	97.3716556369842	1.59005953367945	1112	93.3735607274592	99.5737943532811
102	WGN36	94.5982959330067	2.24679281080424	1112	89.3723492115995	98.1334301904778
104	WGN36	95.0478786053689	2.15636776174563	1112	89.9897100376581	98.3981901120329
105	WGN36	92.6975711163351	2.58597201468471	1112	86.8463616288746	96.9300284987433
106	WGN36	65.0831954163513	4.73813744924246	1112	55.5593977944367	74.0351583017041
107	WGN36	90.0000000000006	2.98179120801309	1112	83.4282025871361	95.0553157369948
108	WGN36	97.5246140987531	1.54431024267903	1112	93.6128164576228	99.6346565790442
109	WGN36	100	6.08606843103177e-16	1112	99.0521989525813	100
110	WGN36	96.0609040895836	1.93342614749943	1112	91.4181987338163	98.957346519704
112	WGN36	52.5286833144174	4.96329251548987	1112	42.8038876062806	62.1576114747944
114	WGN36	87.6084148543824	3.27485683598706	1112	80.5105664275247	93.2804514816102
116	WGN36	90.0000000000005	2.98179120801313	1112	83.4282025871359	95.0553157369948
117	WGN36	85.0000000000007	3.54904141681402	1112	77.4170229009502	91.2560556326646
118	WGN36	98.5422586969597	1.19126247315762	1112	95.2995028572813	99.9446783911557
119	WGN36	98.131423509399	1.34590827970578	1112	94.5949447060663	99.8431417680928
120	WGN36	97.0000000000003	1.69551825350818	1112	92.8033388128259	99.4147952180271
121	WGN36	97.7442304278161	1.47587272929256	1112	93.9617013967159	99.7166781946084
122	WGN36	95.0000000000004	2.16622109107785	1112	89.9235281218777	98.3704299927689
123	WGN36	96.0000000000004	1.94769786110641	1112	91.3306237832072	98.9254222895427
124	WGN36	85.0000000000007	3.54904141681402	1112	77.4170229009502	91.2560556326647
125	WGN36	99.7493718553311	0.496965201335438	1112	97.8373956244513	100
126	WGN36	88.7381563638172	3.14207047976639	1112	81.8777842330325	94.1298858875338
127	WGN36	97.0832090495558	1.67255608150404	1112	92.9297395751944	99.4516579297966
128	WGN36	95.0000000000004	2.16622109107785	1112	89.9235281218777	98.3704299927689
129	WGN36	96.663031802232	1.78509862417513	1112	92.2981045966569	99.2588681910911
130	WGN36	97.5246140987532	1.54431024267902	1112	93.6128164576229	99.6346565790443
1	WGN38	99.0000000000004	0.988948264015852	1112	96.1430163878756	99.9992935591839
2	WGN38	93.9301628811595	2.37326935514124	1112	88.4702917559832	97.7245518306538
3	WGN38	94.0393004587303	2.35320241596319	1112	88.6164847497374	97.792496363628
4	WGN38	99.0000000000003	0.988948264015851	1112	96.1430163878756	99.9992935591839
5	WGN38	98.0000000000005	1.3915025637393	1112	94.3771179261782	99.8031040627784
6	WGN38	94.2419421327683	3.27513063823311	1112	86.224267686624	98.9141443940272
7	WGN38	72.5353779278434	4.43626752377631	1112	63.4588681458088	80.7575255177183
8	WGN38	99.0000000000004	0.988948264015879	1112	96.1430163878755	99.9992935591839
10	WGN38	70.0000000000001	4.55476130575814	1112	60.7405252271914	78.5012339348736
11	WGN38	77.9615198335574	4.11990255553483	1112	69.398964341545	85.463997014143
12	WGN38	90.306452310034	4.15976951456116	1112	80.7237557361158	96.8412692345921
13	WGN38	99.0000000000003	0.988948264015867	1112	96.1430163878756	99.9992935591839
14	WGN38	92.046889212359	2.68923682226374	1112	86.0066801150111	96.4930148842596
16	WGN38	77.5494935745769	4.14723389369322	1112	68.9414609335763	85.1130686609436
18	WGN38	57.5878849641282	4.91209214114055	1112	47.8670115766309	67.0210861389577
19	WGN38	99.4974746830586	0.70281492775603	1112	97.1889310904268	100
20	WGN38	83.1734976624681	3.71830818642931	1112	75.295126728907	89.7941935627877
21	WGN38	96.6630318022322	1.78509862417508	1112	92.2981045966572	99.2588681910912
22	WGN38	91.0251167093104	2.84086765586779	1112	84.7086438394	95.7862436357181
23	WGN38	72.8267561993181	4.42152618151041	1112	63.7734640333111	81.0146394279294
24	WGN38	90.0000000000012	2.981791208013	1112	83.4282025871368	95.0553157369952
26	WGN38	70.1204006516748	4.54951974779118	1112	60.8688629537802	78.6091328770836
27	WGN38	99.0000000000003	0.988948264015869	1112	96.1430163878756	99.9992935591839
28	WGN38	96.6630318022322	1.78509862417509	1112	92.2981045966571	99.2588681910912
29	WGN38	90.0000000000009	2.98179120801308	1112	83.4282025871363	95.055315736995
30	WGN38	90.0000000000011	2.98179120801302	1112	83.4282025871367	95.0553157369952
32	WGN38	99.4974746830586	0.702814927756017	1112	97.1889310904269	100
33	WGN38	97.0832090495561	1.67255608150396	1112	92.9297395751949	99.4516579297967
34	WGN38	97.0000000000008	1.69551825350805	1112	92.8033388128267	99.4147952180273
35	WGN38	72.5353779278466	4.43626752377599	1112	63.4588681458125	80.7575255177209
36	WGN38	82.5708022183336	3.7705779739763	1112	74.601946319203	89.3048324991515
37	WGN38	80.2393401911614	3.95776834267724	1112	71.9497170937579	87.3825281563074
38	WGN38	96.060904089584	1.93342614749935	1112	91.4181987338168	98.9573465197042
39	WGN38	62.5167030581239	4.81141591206543	1112	52.8986859260055	71.6601864194935
40	WGN38	70.0000000000013	4.55476130575802	1112	60.7405252271928	78.5012339348745
41	WGN38	60.2154821844625	4.86482372894226	1112	50.5369585705456	69.5067160098066
42	WGN38	97.5246140987534	1.54431024267892	1112	93.6128164576234	99.6346565790443
45	WGN38	91.5605519132612	2.76291293173212	1112	85.385916556735	96.1595418843996
46	WGN38	97.083209049556	1.67255608150397	1112	92.9297395751948	99.4516579297967
47	WGN38	98.5422586969599	1.19126247315755	1112	95.2995028572816	99.9446783911557
48	WGN38	90.6003748701073	2.90052250376838	1112	84.1756451935797	95.4858614335353
49	WGN38	93.1351441020626	2.51320828777763	1112	87.4175063916193	97.2174404220858
50	WGN38	85.0000000000011	3.54904141681398	1112	77.4170229009507	91.256055632665
51	WGN38	96.0609040895838	1.93342614749938	1112	91.4181987338166	98.9573465197041
52	WGN38	98.5422586969599	1.19126247315756	1112	95.2995028572816	99.9446783911557
53	WGN38	99.7493718553312	0.496965201335363	1112	97.8373956244515	100
54	WGN38	97.083209049556	1.67255608150397	1112	92.9297395751948	99.4516579297967
55	WGN38	99.7493718553312	0.496965201335369	1112	97.8373956244515	100
56	WGN38	82.5708022183334	3.77057797397631	1112	74.6019463192029	89.3048324991514
59	WGN38	98.1314235093992	1.34590827970572	1112	94.5949447060666	99.8431417680928
61	WGN38	98.5422586969599	1.19126247315756	1112	95.2995028572816	99.9446783911557
63	WGN38	98.5422586969599	1.19126247315756	1112	95.2995028572816	99.9446783911557
64	WGN38	98.1314235093992	1.34590827970572	1112	94.5949447060666	99.8431417680929
65	WGN38	98.5422586969599	1.19126247315755	1112	95.2995028572816	99.9446783911558
66	WGN38	99.4974746830586	0.702814927756028	1112	97.1889310904268	100
67	WGN38	93.0332101351138	2.53041255753283	1112	87.2839617631913	97.1509816414418
68	WGN38	32.4750078379405	4.65439115568763	1112	23.7326106789957	41.8818132339736
69	WGN38	99.0000000000004	0.98894826401586	1112	96.1430163878756	99.9992935591839
70	WGN38	82.5708022183334	3.77057797397632	1112	74.6019463192029	89.3048324991514
72	WGN38	77.5494935745765	4.14723389369327	1112	68.9414609335759	85.1130686609434
73	WGN38	98.1314235093993	1.34590827970568	1112	94.5949447060667	99.8431417680929
74	WGN38	91.0251167093108	2.84086765586772	1112	84.7086438394005	95.7862436357182
76	WGN38	91.0251167093108	2.84086765586771	1112	84.7086438394005	95.7862436357183
77	WGN38	70.0000000000016	4.554761305758	1112	60.7405252271932	78.5012339348748
78	WGN38	96.6630318022322	1.78509862417506	1112	92.2981045966573	99.2588681910912
80	WGN38	39.9474829752322	4.86817624505107	1112	30.6466236251831	49.6294537718922
81	WGN38	98.1314235093993	1.34590827970569	1112	94.5949447060667	99.8431417680929
82	WGN38	82.5708022183336	3.77057797397628	1112	74.6019463192032	89.3048324991516
83	WGN38	99.7493718553312	0.496965201335363	1112	97.8373956244515	100
84	WGN38	96.0000000000006	1.94769786110635	1112	91.3306237832076	98.9254222895428
85	WGN38	99.0000000000004	0.988948264015859	1112	96.1430163878756	99.9992935591839
86	WGN38	96.0977222864651	1.92473794841697	1112	91.4712582643078	98.9765275299528
87	WGN38	88.5889894354078	3.16015149374885	1112	81.6961926162048	94.0187988703821
88	WGN38	98.0000000000005	1.39150256373932	1112	94.3771179261781	99.8031040627784
89	WGN38	86.614687596587	3.38427778118043	1112	79.3223397994308	92.5188978235448
90	WGN38	98.0000000000005	1.39150256373931	1112	94.3771179261782	99.8031040627784
91	WGN38	70.1204006516746	4.5495197477912	1112	60.86886295378	78.6091328770834
92	WGN38	96.517301519691	1.82228583338619	1112	92.082633399205	99.1884037560384
93	WGN38	99.0000000000003	0.988948264015863	1112	96.1430163878756	99.9992935591839
94	WGN38	96.517301519691	1.82228583338618	1112	92.082633399205	99.1884037560384
95	WGN38	92.0468892123588	2.6892368222638	1112	86.0066801150108	96.4930148842595
96	WGN38	98.0000000000005	1.39150256373931	1112	94.3771179261782	99.8031040627784
97	WGN38	70.0000000000016	4.55476130575801	1112	60.7405252271931	78.5012339348748
98	WGN38	88.5889894354078	3.16015149374884	1112	81.6961926162048	94.0187988703821
99	WGN38	93.9786217196673	2.36438647671329	1112	88.535150831449	97.7547732586879
100	WGN38	97.0000000000006	1.69551825350811	1112	92.8033388128263	99.4147952180272
101	WGN38	72.5353779278458	4.43626752377606	1112	63.4588681458116	80.7575255177202
102	WGN38	83.1734976624677	3.71830818642937	1112	75.2951267289065	89.7941935627875
103	WGN38	82.5708022183336	3.7705779739763	1112	74.6019463192031	89.3048324991515
104	WGN38	98.1314235093992	1.34590827970571	1112	94.5949447060666	99.8431417680929
106	WGN38	100	8.60893358814452e-16	1112	98.2470906975809	100
107	WGN38	97.083209049556	1.67255608150396	1112	92.9297395751948	99.4516579297967
108	WGN38	79.5869887311831	5.6668677263088	1112	67.4898683955194	89.4468101811503
109	WGN38	95.7960107490217	2.82145424626882	1112	88.5984899065882	99.53054437268
110	WGN38	97.0832090495561	1.67255608150396	1112	92.9297395751949	99.4516579297967
111	WGN38	88.7381563638177	3.14207047976634	1112	81.877784233033	94.1298858875341
112	WGN38	97.1729731104945	2.33026985192617	1112	90.8749666231645	99.9038697059053
113	WGN38	98.0000000000005	1.39150256373933	1112	94.3771179261781	99.8031040627784
114	WGN38	90.000000000001	2.98179120801305	1112	83.4282025871365	95.0553157369951
115	WGN38	67.5249921620619	4.65439115568752	1112	58.118186766029	76.2673893210065
1	WGN39	88.5889894354089	3.16015149374847	1112	81.6961926162068	94.0187988703826
2	WGN39	75.1691251538238	4.29409584292989	1112	66.3198801400266	83.0641572402845
3	WGN39	96.0609040895834	1.93342614749946	1112	91.4181987338161	98.9573465197039
4	WGN39	95.0478786053689	2.15636776174558	1112	89.9897100376582	98.3981901120328
5	WGN39	93.3135224943211	2.48271553117227	1112	87.6519547400102	97.3329861691312
6	WGN39	90.0000000000009	2.98179120801307	1112	83.4282025871363	95.055315736995
7	WGN39	88.7381563638173	3.14207047976634	1112	81.8777842330326	94.1298858875338
8	WGN39	40.0000000000003	4.86924465276629	1112	30.6960620765643	49.683058342404
9	WGN39	87.6084148543828	3.27485683598701	1112	80.5105664275251	93.2804514816104
10	WGN39	87.6084148543827	3.27485683598703	1112	80.510566427525	93.2804514816104
11	WGN39	87.6084148543829	3.27485683598696	1112	80.5105664275253	93.2804514816104
12	WGN39	87.6084148543827	3.27485683598703	1112	80.510566427525	93.2804514816104
13	WGN39	94.7839729716956	2.21000545698065	1112	89.6262303412018	98.2438637425833
14	WGN39	91.0251167093105	2.84086765586773	1112	84.7086438394002	95.7862436357181
15	WGN39	94.0000000000006	2.36045392240461	1112	88.5637911107346	97.7680790458091
16	WGN39	67.5249921620625	4.65439115568744	1112	58.1181867660297	76.2673893210068
17	WGN39	88.7381563638177	3.14207047976633	1112	81.877784233033	94.1298858875341
18	WGN39	95.0478786053691	2.15636776174558	1112	89.9897100376584	98.398190112033
19	WGN39	91.0251167093107	2.84086765586774	1112	84.7086438394004	95.7862436357182
20	WGN39	97.0832090495558	1.67255608150402	1112	92.9297395751945	99.4516579297965
21	WGN39	52.5031387529924	4.96342043306347	1112	42.7785778689945	62.1328005357133
22	WGN39	65.4897987611266	6.68388663673524	1112	51.9553973340167	77.8528978356112
24	WGN39	88.1649493657798	3.21062081168195	1112	81.1817913363864	93.7011962358301
25	WGN39	97.0832090495557	1.67255608150405	1112	92.9297395751943	99.4516579297965
26	WGN39	93.50896119682	2.44872318933136	1112	87.9099630953847	97.4584457384771
27	WGN39	97.5246140987535	1.54431024267894	1112	93.6128164576233	99.6346565790444
28	WGN39	84.462051502726	3.60067254174587	1112	76.7886072851849	90.8289689798475
29	WGN39	75.0000000000016	4.30384489153404	1112	66.1349533425806	82.9172456100035
30	WGN39	70.0000000000009	4.55476130575807	1112	60.7405252271923	78.5012339348743
31	WGN39	92.1161458040612	2.67850922421068	1112	86.0955393250542	96.5400431988147
32	WGN39	60.0000000000017	4.86924465276621	1112	50.3169416575982	69.3039379234376
34	WGN39	92.0000000000011	2.69646558847013	1112	85.9465859112708	96.4611083290675
35	WGN39	80.0000000000015	3.97572161068422	1112	71.6799106049774	87.1827281381228
36	WGN39	62.5167030581232	4.81141591206542	1112	52.8986859260048	71.6601864194927
37	WGN39	90.6003748701079	2.90052250376831	1112	84.1756451935804	95.4858614335357
38	WGN39	92.2768198235727	3.7532966767928	1112	83.4070892331478	97.9496761818327
39	WGN39	88.7381563638178	3.14207047976631	1112	81.8777842330331	94.1298858875341
40	WGN39	88.7381563638177	3.14207047976634	1112	81.877784233033	94.1298858875341
41	WGN39	91.5605519132613	2.76291293173209	1112	85.3859165567351	96.1595418843996
42	WGN39	88.16494936578	3.21062081168191	1112	81.1817913363867	93.7011962358303
43	WGN39	97.3716556369843	1.59005953367944	1112	93.3735607274593	99.5737943532811
44	WGN39	92.6975711163356	2.58597201468463	1112	86.8463616288752	96.9300284987436
45	WGN39	96.5173015196912	1.82228583338615	1112	92.0826333992052	99.1884037560385
46	WGN39	80.2393401911609	3.9577683426773	1112	71.9497170937573	87.382528156307
47	WGN39	91.293375816339	2.80220889836515	1112	85.0471902594791	95.9740451791914
48	WGN39	47.4713166855854	4.96329251548991	1112	37.8423885252082	57.1961123937223
49	WGN39	97.0832090495558	1.67255608150402	1112	92.9297395751945	99.4516579297966
50	WGN39	96.0000000000006	1.94769786110635	1112	91.3306237832075	98.9254222895428
51	WGN39	92.6975711163351	2.5859720146847	1112	86.8463616288746	96.9300284987433
52	WGN39	77.5494935745767	4.14723389369327	1112	68.941460933576	85.1130686609435
53	WGN39	70.000000000001	4.55476130575806	1112	60.7405252271925	78.5012339348744
54	WGN39	60.2154821844627	4.86482372894223	1112	50.5369585705458	69.5067160098067
55	WGN39	72.5353779278458	4.43626752377605	1112	63.4588681458116	80.7575255177202
56	WGN39	98.0000000000004	1.39150256373935	1112	94.377117926178	99.8031040627784
57	WGN39	96.0609040895839	1.93342614749937	1112	91.4181987338167	98.9573465197042
58	WGN39	94.0393004587303	2.35320241596323	1112	88.6164847497373	97.792496363628
59	WGN39	87.6084148543824	3.27485683598705	1112	80.5105664275247	93.2804514816102
60	WGN39	88.588989435408	3.16015149374884	1112	81.6961926162049	94.0187988703822
61	WGN39	77.5494935745765	4.14723389369328	1112	68.9414609335759	85.1130686609434
62	WGN39	77.9615198335564	4.11990255553495	1112	69.3989643415437	85.4639970141422
63	WGN39	91.2933758163381	2.8022088983653	1112	85.0471902594779	95.9740451791908
64	WGN39	87.6084148543827	3.27485683598703	1112	80.510566427525	93.2804514816104
65	WGN39	93.1351441020625	2.51320828777767	1112	87.4175063916191	97.2174404220857
66	WGN39	93.5817059099134	2.43591012413917	1112	88.0063103120025	97.5048300474354
67	WGN39	85.000000000001	3.549041416814	1112	77.4170229009505	91.2560556326649
68	WGN39	87.6084148543826	3.27485683598703	1112	80.5105664275249	93.2804514816103
69	WGN39	96.0609040895839	1.93342614749937	1112	91.4181987338167	98.9573465197042
70	WGN39	98.1314235093991	1.34590827970575	1112	94.5949447060664	99.8431417680928
71	WGN39	39.7845178155407	4.86482372894234	1112	30.4932839901965	49.4630414294578
72	WGN39	70.4988805276478	4.53279766763835	1112	61.2727711628704	78.9478354750245
73	WGN39	90.5058928967434	2.9135432353113	1112	84.0575678844755	95.4185568004443
74	WGN39	87.6084148543828	3.27485683598701	1112	80.5105664275251	93.2804514816105
75	WGN39	97.083209049556	1.67255608150398	1112	92.9297395751948	99.4516579297967
76	WGN39	97.3716556369844	1.59005953367939	1112	93.3735607274595	99.5737943532811
77	WGN39	95.8628072460642	1.97940163287185	1112	91.1342192580118	98.8526425643009
78	WGN39	97.0832090495559	1.672556081504	1112	92.9297395751946	99.4516579297966
79	WGN39	97.0832090495559	1.67255608150401	1112	92.9297395751946	99.4516579297966
80	WGN39	98.1314235093992	1.34590827970572	1112	94.5949447060665	99.8431417680928
81	WGN39	96.0609040895838	1.93342614749938	1112	91.4181987338166	98.9573465197041
82	WGN39	91.0251167093106	2.84086765586777	1112	84.7086438394002	95.7862436357181
83	WGN39	82.5708022183333	3.77057797397632	1112	74.6019463192027	89.3048324991513
84	WGN39	80.2393401911607	3.95776834267733	1112	71.949717093757	87.3825281563068
85	WGN39	84.4620515027261	3.60067254174587	1112	76.788607285185	90.8289689798476
86	WGN39	92.6975711163354	2.58597201468465	1112	86.846361628875	96.9300284987435
87	WGN39	80.0000000000011	3.97572161068416	1112	71.6799106049771	87.1827281381223
88	WGN39	95.0000000000006	2.16622109107781	1112	89.923528121878	98.370429992769
89	WGN39	85.000000000001	3.54904141681399	1112	77.4170229009505	91.2560556326649
90	WGN39	85.000000000001	3.54904141681399	1112	77.4170229009505	91.2560556326649
91	WGN39	89.3305365927737	3.06850782874234	1112	82.6023593608269	94.5676128735933
92	WGN39	92.6975711163353	2.58597201468467	1112	86.8463616288749	96.9300284987434
93	WGN39	85.3553390593284	3.5140746387808	1112	77.8338003832424	91.536484639723
94	WGN39	70.0937657538374	4.55068251027621	1112	60.8404659258852	78.5852698926666
95	WGN39	91.0251167093105	2.84086765586775	1112	84.7086438394002	95.7862436357181
96	WGN39	89.9499834699214	2.98840811540954	1112	83.3662332797307	95.0191482130256
97	WGN39	90.6003748701072	2.90052250376837	1112	84.1756451935796	95.4858614335352
98	WGN39	82.5708022183332	3.77057797397632	1112	74.6019463192027	89.3048324991513
99	WGN39	91.5605519132612	2.76291293173215	1112	85.3859165567348	96.1595418843995
100	WGN39	90.5058928967433	2.91354323531131	1112	84.0575678844754	95.4185568004443
101	WGN39	90.0000000000009	2.98179120801307	1112	83.4282025871363	95.055315736995
102	WGN39	50.0000000000018	4.96965201335529	1112	40.3107390417859	59.6892609582177
104	WGN39	98.0000000000004	1.39150256373935	1112	94.377117926178	99.8031040627784
105	WGN39	57.5878849641275	4.91209214114058	1112	47.8670115766302	67.0210861389571
106	WGN39	98.1314235093992	1.34590827970573	1112	94.5949447060665	99.8431417680928
107	WGN39	82.5708022183333	3.77057797397632	1112	74.6019463192028	89.3048324991513
108	WGN39	91.2921865121866	3.96405676659384	1112	82.051376446862	97.4105780133562
109	WGN39	82.5708022183333	3.77057797397631	1112	74.6019463192028	89.3048324991514
110	WGN39	98.0000000000005	1.39150256373933	1112	94.3771179261781	99.8031040627784
111	WGN39	95.5132775677541	2.05755972705494	1112	90.6389315295446	98.662122319956
112	WGN39	90.6003748701072	2.90052250376838	1112	84.1756451935796	95.4858614335352
113	WGN39	96.6630318022321	1.7850986241751	1112	92.2981045966571	99.2588681910911
114	WGN39	92.6975711163353	2.58597201468468	1112	86.8463616288749	96.9300284987434
115	WGN39	92.6975711163353	2.58597201468468	1112	86.8463616288749	96.9300284987434
116	WGN39	95.0000000000006	2.16622109107779	1112	89.9235281218781	98.370429992769
117	WGN39	88.7381563638175	3.14207047976635	1112	81.8777842330328	94.129885887534
118	WGN39	96.5173015196909	1.82228583338621	1112	92.0826333992048	99.1884037560383
120	WGN39	85.000000000001	3.54904141681398	1112	77.4170229009505	91.2560556326649
121	WGN39	65.4897987611269	6.68388663673522	1112	51.955397334017	77.8528978356115
122	WGN39	92.6975711163353	2.58597201468468	1112	86.8463616288749	96.9300284987434
123	WGN39	88.7381563638175	3.14207047976636	1112	81.8777842330328	94.129885887534
124	WGN39	97.0000000000005	1.69551825350814	1112	92.8033388128261	99.4147952180271
125	WGN39	75.1691251538247	4.29409584292974	1112	66.3198801400278	83.0641572402851
126	WGN39	67.7296313616563	4.64672845908274	1112	58.333886672966	76.4532095233494
127	WGN39	82.5708022183333	3.77057797397633	1112	74.6019463192027	89.3048324991513
128	WGN39	96.8220544525685	2.46620329730221	1112	90.2739707730649	99.8295638882879
129	WGN39	96.0000000000006	1.94769786110637	1112	91.3306237832074	98.9254222895428
130	WGN39	70.4988805276478	4.53279766763835	1112	61.2727711628704	78.9478354750244
1	WGN45	84.9999999999995	3.5490414168141	1112	77.4170229009488	91.2560556326636
2	WGN45	87.6084148543817	3.2748568359871	1112	80.5105664275239	93.2804514816096
3	WGN45	94.5107258321839	2.26388303883734	1112	89.2531185130994	98.0808406486636
4	WGN45	93.0332101351127	2.53041255753299	1112	87.2839617631899	97.150981641441
5	WGN45	95.5132775677536	2.05755972705506	1112	90.6389315295439	98.6621223199558
6	WGN45	75.7087326309071	4.26239849998763	1112	66.9110586722607	83.5317360409381
7	WGN45	95.0478786053688	2.15636776174567	1112	89.9897100376579	98.3981901120329
8	WGN45	97.0832090495554	1.67255608150413	1112	92.9297395751939	99.4516579297964
9	WGN45	97.371655636984	1.59005953367948	1112	93.373560727459	99.5737943532809
10	WGN45	73.4596934287998	4.38867578640603	1112	64.4584512468604	81.5715307305814
11	WGN45	97.5246140987528	1.5443102426791	1112	93.6128164576224	99.6346565790441
12	WGN45	99.4974746830585	0.702814927756085	1112	97.1889310904266	100
13	WGN45	98	1.39150256373947	1112	94.3771179261774	99.8031040627783
14	WGN45	94.5107258321843	2.26388303883728	1112	89.2531185130999	98.0808406486639
15	WGN45	96.0609040895833	1.93342614749949	1112	91.4181987338159	98.9573465197038
16	WGN45	95.0478786053686	2.15636776174568	1112	89.9897100376577	98.3981901120327
17	WGN45	97.9583152331271	1.40562985551239	1112	94.3086795536227	99.7897532562152
18	WGN45	97.4341649025259	1.57154195406439	1112	93.470988531794	99.5990152261354
19	WGN45	96.6630318022319	1.78509862417515	1112	92.2981045966568	99.258868191091
20	WGN45	93.0000000000002	2.53598376793964	1112	87.2405190491582	97.1292631492816
22	WGN45	94.7839729716952	2.21000545698071	1112	89.6262303412013	98.243863742583
23	WGN45	98.1314235093987	1.34590827970588	1112	94.5949447060658	99.8431417680927
24	WGN45	94.7734499483691	3.12909971789764	1112	87.0185867533906	99.1426495806105
26	WGN45	75.4440574353664	6.05144826072669	1112	62.7585253569655	86.2055694025976
28	WGN45	96.6630318022319	1.78509862417515	1112	92.2981045966568	99.258868191091
29	WGN45	80.0000000000001	3.97572161068426	1112	71.6799106049759	87.1827281381214
31	WGN45	97.0832090495556	1.67255608150408	1112	92.9297395751942	99.4516579297965
32	WGN45	87.2116375225963	3.31933178360671	1112	80.0345982324009	92.977907651988
33	WGN45	75.7087326309083	4.26239849998755	1112	66.911058672262	83.5317360409391
34	WGN45	97	1.69551825350825	1112	92.8033388128255	99.4147952180269
35	WGN45	98.5422586969594	1.19126247315773	1112	95.2995028572808	99.9446783911556
36	WGN45	93.1351441020614	2.51320828777787	1112	87.4175063916177	97.2174404220851
37	WGN45	98.0000000000001	1.39150256373946	1112	94.3771179261775	99.8031040627783
40	WGN45	90.6003748701063	2.90052250376852	1112	84.1756451935784	95.4858614335346
41	WGN45	97.5246140987533	1.54431024267899	1112	93.612816457623	99.6346565790443
42	WGN45	95.5132775677537	2.05755972705502	1112	90.6389315295441	98.6621223199558
43	WGN45	99.749371855331	0.496965201335504	1112	97.8373956244511	100
44	WGN45	90.0000000000001	2.98179120801318	1112	83.4282025871354	95.0553157369945
45	WGN45	86.5706658587183	3.38897678620957	1112	79.2699909542253	92.4848721469832
46	WGN45	94.7213595499963	2.22249594527615	1112	89.5404512906656	98.2067897523875
49	WGN45	70.1204006516737	4.54951974779124	1112	60.868862953779	78.6091328770826
50	WGN45	100	8.60893358814444e-16	1112	98.2470906975803	100
52	WGN45	92.7352911546936	3.64922068635237	1112	84.0498535980976	98.1891859494017
53	WGN45	96.2575313952386	1.88648092338455	1112	91.7026272143974	99.058718107783
54	WGN45	95.5132775677539	2.057559727055	1112	90.6389315295443	98.6621223199559
55	WGN45	99.749371855331	0.496965201335551	1112	97.837395624451	100
56	WGN45	99.4974746830584	0.702814927756165	1112	97.1889310904264	100
57	WGN45	97.5246140987531	1.54431024267905	1112	93.6128164576227	99.6346565790442
58	WGN45	67.7296313616556	4.64672845908274	1112	58.3338866729653	76.4532095233487
59	WGN45	92.6975711163349	2.58597201468477	1112	86.8463616288742	96.9300284987432
60	WGN45	89.6893158287434	4.27545755317936	1112	79.9058290453825	96.471589380015
61	WGN45	94.03930045873	2.35320241596327	1112	88.6164847497369	97.7924963636278
62	WGN45	93.9786217196666	2.36438647671341	1112	88.5351508314481	97.7547732586875
64	WGN45	96.5173015196905	1.82228583338633	1112	92.0826333992042	99.1884037560381
65	WGN45	96.0609040895836	1.93342614749945	1112	91.4181987338162	98.957346519704
66	WGN45	96.6630318022316	1.78509862417521	1112	92.2981045966564	99.2588681910909
68	WGN45	95.5132775677536	2.05755972705505	1112	90.638931529544	98.6621223199558
69	WGN45	97.524614098753	1.54431024267906	1112	93.6128164576226	99.6346565790442
70	WGN45	87.608414854382	3.27485683598709	1112	80.5105664275241	93.2804514816098
71	WGN45	98.5422586969595	1.19126247315773	1112	95.2995028572808	99.9446783911556
72	WGN45	98.5422586969597	1.19126247315765	1112	95.2995028572812	99.9446783911557
73	WGN45	79.5869887311822	5.66686772630892	1112	67.4898683955183	89.4468101811497
74	WGN45	95.2217892077542	2.99895067445252	1112	87.7021136750347	99.3218988115802
75	WGN45	90.3064523100329	4.15976951456144	1112	80.7237557361142	96.8412692345915
76	WGN45	92.1161458040603	2.67850922421084	1112	86.095539325053	96.5400431988141
78	WGN45	98.8950674773565	1.46968308391079	1112	94.1991726581284	100
80	WGN45	91.5605519132605	2.76291293173225	1112	85.385916556734	96.159541884399
81	WGN45	95.5132775677537	2.05755972705502	1112	90.6389315295442	98.6621223199558
82	WGN45	96.8220544525681	2.46620329730234	1112	90.2739707730643	99.8295638882878
84	WGN45	98.0000000000001	1.39150256373946	1112	94.3771179261775	99.8031040627783
85	WGN45	98.5422586969596	1.19126247315769	1112	95.299502857281	99.9446783911557
86	WGN45	94.3779815202191	2.28948315188884	1112	89.072978323063	98.000524822687
88	WGN45	96.6630318022318	1.78509862417518	1112	92.2981045966566	99.258868191091
89	WGN45	97.0832090495556	1.67255608150409	1112	92.9297395751942	99.4516579297965
90	WGN45	96.0609040895834	1.93342614749947	1112	91.418198733816	98.9573465197039
92	WGN45	97.0832090495556	1.67255608150409	1112	92.9297395751941	99.4516579297965
93	WGN45	94.7734499483691	3.12909971789762	1112	87.0185867533907	99.1426495806105
94	WGN45	98.5422586969596	1.19126247315767	1112	95.2995028572811	99.9446783911557
95	WGN45	82.5708022183325	3.77057797397637	1112	74.6019463192019	89.3048324991507
96	WGN45	89.6893158287439	4.27545755317932	1112	79.905829045383	96.4715893800153
98	WGN45	90.0000000000002	2.98179120801315	1112	83.4282025871355	95.0553157369945
99	WGN45	75.4440574353665	6.05144826072665	1112	62.7585253569657	86.2055694025977
100	WGN45	95.0000000000001	2.16622109107789	1112	89.9235281218774	98.3704299927687
101	WGN45	80.0000000000003	3.97572161068423	1112	71.6799106049762	87.1827281381216
102	WGN45	98.5422586969595	1.19126247315769	1112	95.299502857281	99.9446783911557
103	WGN45	93.3135224943209	2.48271553117232	1112	87.6519547400098	97.3329861691311
104	WGN45	92.6975711163348	2.58597201468476	1112	86.8463616288742	96.9300284987431
105	WGN45	96.5173015196906	1.8222858333863	1112	92.0826333992044	99.1884037560382
106	WGN45	100	6.08606843103179e-16	1112	99.0521989525812	100
107	WGN45	97.5246140987529	1.54431024267908	1112	93.6128164576225	99.6346565790442
108	WGN45	95.5132775677536	2.05755972705503	1112	90.638931529544	98.6621223199558
109	WGN45	95.5132775677537	2.05755972705503	1112	90.6389315295441	98.6621223199558
110	WGN45	98.1314235093989	1.34590827970582	1112	94.5949447060661	99.8431417680928
111	WGN45	94.1609333731369	2.33057491671266	1112	88.7799285065874	97.867707083444
114	WGN45	98.7339717240449	1.11124797263808	1112	95.6435849197157	99.9767541505767
116	WGN45	97.524614098753	1.54431024267908	1112	93.6128164576226	99.6346565790442
117	WGN45	100	8.60893358814453e-16	1112	98.2470906975806	100
118	WGN45	81.6903015158927	3.84398620961657	1112	73.5950133971673	88.5841455958267
119	WGN45	96.0609040895834	1.93342614749947	1112	91.4181987338161	98.9573465197039
120	WGN45	96.5173015196906	1.8222858333863	1112	92.0826333992043	99.1884037560382
121	WGN45	99.2442890089806	0.860768978306791	1112	96.632584008196	100
122	WGN45	97.853462370965	2.03763247231021	1112	92.0966562571691	99.9917015865876
123	WGN45	97.1729731104941	2.33026985192634	1112	90.8749666231638	99.9038697059052
124	WGN45	87.6084148543821	3.2748568359871	1112	80.5105664275243	93.2804514816099
126	WGN45	95.5132775677536	2.05755972705503	1112	90.6389315295441	98.6621223199558
127	WGN45	77.5494935745756	4.14723389369334	1112	68.9414609335748	85.1130686609426
128	WGN45	94.5107258321842	2.2638830388373	1112	89.2531185130997	98.0808406486637
129	WGN45	97.3716556369841	1.59005953367949	1112	93.373560727459	99.573794353281
1	WGN46	96.5173015196902	1.82228583338638	1112	92.0826333992039	99.188403756038
2	WGN46	99.4974746830584	0.702814927756148	1112	97.1889310904264	100
3	WGN46	99.4974746830583	0.702814927756185	1112	97.1889310904263	100
4	WGN46	100	1.38504198581475e-14	1112	99.052198952581	100
6	WGN46	98.1314235093989	1.34590827970581	1112	94.5949447060661	99.8431417680928
7	WGN46	96.6630318022317	1.78509862417517	1112	92.2981045966566	99.2588681910909
8	WGN46	95.5132775677535	2.05755972705507	1112	90.6389315295438	98.6621223199557
9	WGN46	92.6975711163348	2.58597201468473	1112	86.8463616288743	96.930028498743
10	WGN46	98	1.39150256373949	1112	94.3771179261773	99.8031040627783
11	WGN46	95.0478786053686	2.15636776174568	1112	89.9897100376577	98.3981901120327
12	WGN46	100	6.08606843103173e-16	1112	99.0521989525811	100
13	WGN46	97.5246140987529	1.54431024267908	1112	93.6128164576225	99.6346565790442
14	WGN46	97.7442304278159	1.47587272929263	1112	93.9617013967155	99.7166781946084
15	WGN46	93.5817059099128	2.43591012413926	1112	88.0063103120018	97.504830047435
16	WGN46	89.9999999999996	2.98179120801328	1112	83.4282025871347	95.0553157369942
17	WGN46	97.853462370965	2.03763247231023	1112	92.0966562571691	99.9917015865876
18	WGN46	93.5817059099126	2.43591012413933	1112	88.0063103120014	97.5048300474349
19	WGN46	95.5132775677536	2.05755972705504	1112	90.638931529544	98.6621223199557
20	WGN46	98.5422586969595	1.1912624731577	1112	95.299502857281	99.9446783911557
21	WGN46	96.8220544525681	2.46620329730236	1112	90.2739707730643	99.8295638882878
22	WGN46	96.5173015196905	1.82228583338631	1112	92.0826333992043	99.1884037560381
23	WGN46	90.3064523100326	4.15976951456153	1112	80.7237557361136	96.8412692345914
24	WGN46	96.0000000000001	1.94769786110648	1112	91.3306237832067	98.9254222895425
25	WGN46	98.0000000000001	1.39150256373946	1112	94.3771179261774	99.8031040627783
26	WGN46	94.0393004587297	2.35320241596335	1112	88.6164847497364	97.7924963636276
27	WGN46	91.5605519132606	2.76291293173221	1112	85.3859165567342	96.1595418843991
28	WGN46	98.5422586969595	1.1912624731577	1112	95.299502857281	99.9446783911557
29	WGN46	92.6975711163346	2.58597201468482	1112	86.8463616288739	96.930028498743
30	WGN46	99.749371855331	0.496965201335504	1112	97.8373956244511	100
31	WGN46	93.3135224943207	2.48271553117233	1112	87.6519547400096	97.3329861691309
32	WGN46	96.0000000000001	1.94769786110648	1112	91.3306237832067	98.9254222895425
33	WGN46	94.1609333731368	2.33057491671268	1112	88.7799285065873	97.867707083444
34	WGN46	95.0478786053685	2.15636776174572	1112	89.9897100376575	98.3981901120327
36	WGN46	99	0.988948264016044	1112	96.1430163878749	99.9992935591839
37	WGN46	97.3716556369839	1.59005953367954	1112	93.3735607274588	99.5737943532809
38	WGN46	95.8628072460636	1.97940163287199	1112	91.1342192580109	98.8526425643006
39	WGN46	96.6630318022315	1.78509862417525	1112	92.2981045966561	99.2588681910908
40	WGN46	97.0832090495554	1.67255608150414	1112	92.9297395751939	99.4516579297964
41	WGN46	96.0000000000001	1.94769786110646	1112	91.3306237832068	98.9254222895425
42	WGN46	98.1314235093988	1.34590827970585	1112	94.5949447060659	99.8431417680927
43	WGN46	99.2442890089805	0.860768978306833	1112	96.6325840081959	100
44	WGN46	98.5422586969595	1.19126247315771	1112	95.2995028572809	99.9446783911557
45	WGN46	74.9999999999997	4.30384489153421	1112	66.1349533425784	82.9172456100021
46	WGN46	96.5173015196904	1.82228583338633	1112	92.0826333992041	99.1884037560381
47	WGN46	75.1691251538233	4.29409584292982	1112	66.3198801400262	83.0641572402838
48	WGN46	97.7442304278159	1.47587272929263	1112	93.9617013967155	99.7166781946083
49	WGN46	92.1161458040602	2.67850922421086	1112	86.0955393250529	96.5400431988141
50	WGN46	98.1314235093989	1.34590827970583	1112	94.5949447060661	99.8431417680928
51	WGN46	96.1991226105718	2.68841300185841	1112	89.2441025108688	99.660673115383
52	WGN46	98.5422586969595	1.19126247315772	1112	95.2995028572809	99.9446783911557
53	WGN46	99	0.988948264016005	1112	96.143016387875	99.9992935591839
54	WGN46	96.0609040895834	1.93342614749946	1112	91.4181987338161	98.9573465197039
55	WGN46	97.0832090495556	1.6725560815041	1112	92.9297395751941	99.4516579297965
56	WGN46	95.0000000000001	2.16622109107792	1112	89.9235281218773	98.3704299927687
57	WGN46	99.749371855331	0.49696520133548	1112	97.8373956244512	100
58	WGN46	100	6.08606843103175e-16	1112	99.0521989525811	100
59	WGN46	94.5982959330063	2.24679281080431	1112	89.3723492115989	98.1334301904775
60	WGN46	97.5246140987529	1.5443102426791	1112	93.6128164576224	99.6346565790442
61	WGN46	98.5422586969594	1.19126247315776	1112	95.2995028572807	99.9446783911556
62	WGN46	97.5246140987529	1.54431024267908	1112	93.6128164576225	99.6346565790441
63	WGN46	96.6536811196262	1.78751146725232	1112	92.2842268794173	99.2543990465899
64	WGN46	99.749371855331	0.49696520133551	1112	97.8373956244511	100
65	WGN46	97.1729731104941	2.33026985192632	1112	90.8749666231638	99.9038697059052
66	WGN46	96.5173015196904	1.82228583338634	1112	92.0826333992041	99.1884037560381
67	WGN46	97.371655636984	1.59005953367952	1112	93.3735607274589	99.5737943532809
68	WGN46	97.5246140987529	1.5443102426791	1112	93.6128164576224	99.6346565790441
69	WGN46	98.0000000000001	1.39150256373945	1112	94.3771179261775	99.8031040627783
70	WGN46	85.0000000000001	3.54904141681409	1112	77.4170229009495	91.2560556326642
71	WGN46	98.5422586969595	1.1912624731577	1112	95.2995028572809	99.9446783911557
72	WGN46	100	6.08606843103178e-16	1112	99.0521989525811	100
73	WGN46	99.749371855331	0.496965201335508	1112	97.8373956244511	100
74	WGN46	95.5132775677535	2.05755972705506	1112	90.6389315295439	98.6621223199557
75	WGN46	99.749371855331	0.496965201335514	1112	97.8373956244511	100
76	WGN46	97.0000000000001	1.69551825350824	1112	92.8033388128256	99.4147952180269
78	WGN46	98.5422586969595	1.1912624731577	1112	95.299502857281	99.9446783911557
79	WGN46	91.5605519132605	2.76291293173226	1112	85.385916556734	96.159541884399
80	WGN46	96.2575313952385	1.88648092338458	1112	91.7026272143973	99.0587181077829
81	WGN46	95.5132775677536	2.05755972705505	1112	90.6389315295439	98.6621223199558
82	WGN46	99.0000000000001	0.988948264016002	1112	96.143016387875	99.9992935591839
83	WGN46	97.5246140987529	1.54431024267909	1112	93.6128164576225	99.6346565790442
84	WGN46	93.9786217196666	2.3643864767134	1112	88.5351508314481	97.7547732586875
85	WGN46	99.749371855331	0.496965201335502	1112	97.8373956244511	100
86	WGN46	97.5246140987529	1.54431024267908	1112	93.6128164576225	99.6346565790441
87	WGN46	97.0832090495556	1.6725560815041	1112	92.9297395751941	99.4516579297965
88	WGN46	98.5422586969595	1.1912624731577	1112	95.299502857281	99.9446783911557
89	WGN46	97.5246140987529	1.54431024267911	1112	93.6128164576224	99.6346565790441
90	WGN46	97.0832090495555	1.67255608150412	1112	92.929739575194	99.4516579297964
91	WGN46	93.7534028198864	3.40238748071305	1112	85.5076637139446	98.6906119411193
93	WGN46	99	0.988948264016004	1112	96.143016387875	99.9992935591839
94	WGN46	99.0000000000001	0.988948264015999	1112	96.1430163878751	99.9992935591839
95	WGN46	98.1314235093988	1.34590827970584	1112	94.594944706066	99.8431417680928
96	WGN46	94.5107258321841	2.26388303883731	1112	89.2531185130997	98.0808406486637
98	WGN46	100	6.08606843103177e-16	1112	99.0521989525811	100
100	WGN46	95.0000000000001	2.16622109107789	1112	89.9235281218774	98.3704299927687
101	WGN46	99	0.988948264016007	1112	96.143016387875	99.9992935591839
102	WGN46	99	0.988948264016007	1112	96.143016387875	99.9992935591839
103	WGN46	95.0962611277526	2.1463540592156	1112	90.0566989955708	98.4261319186719
104	WGN46	93.0000000000002	2.53598376793967	1112	87.2405190491581	97.1292631492816
106	WGN46	98.0000000000001	1.39150256373946	1112	94.3771179261775	99.8031040627783
107	WGN46	70.1204006516736	4.54951974779124	1112	60.8688629537789	78.6091328770824
108	WGN46	96.5173015196905	1.82228583338631	1112	92.0826333992042	99.1884037560381
109	WGN46	92.1161458040604	2.67850922421082	1112	86.0955393250531	96.5400431988142
110	WGN46	98.0000000000001	1.39150256373945	1112	94.3771179261775	99.8031040627783
111	WGN46	94.1609333731368	2.33057491671267	1112	88.7799285065874	97.867707083444
112	WGN46	99	0.988948264016004	1112	96.143016387875	99.9992935591839
113	WGN46	94.1609333731369	2.33057491671266	1112	88.7799285065874	97.867707083444
114	WGN46	99.749371855331	0.496965201335514	1112	97.8373956244511	100
115	WGN46	96.5173015196905	1.82228583338632	1112	92.0826333992042	99.1884037560381
116	WGN46	100	6.08606843103176e-16	1112	99.0521989525811	100
117	WGN46	97.7442304278159	1.47587272929262	1112	93.9617013967155	99.7166781946083
118	WGN46	89.6893158287437	4.27545755317935	1112	79.9058290453828	96.4715893800152
119	WGN46	95.5132775677536	2.05755972705504	1112	90.638931529544	98.6621223199558
120	WGN46	95.5132775677536	2.05755972705504	1112	90.638931529544	98.6621223199558
121	WGN46	98.0000000000001	1.39150256373946	1112	94.3771179261775	99.8031040627783
122	WGN46	99.2442890089806	0.860768978306807	1112	96.632584008196	100
123	WGN46	100	6.08606843103177e-16	1112	99.0521989525811	100
124	WGN46	99	0.988948264016005	1112	96.143016387875	99.9992935591839
125	WGN46	96.5173015196905	1.82228583338631	1112	92.0826333992042	99.1884037560381
126	WGN46	94.5107258321841	2.26388303883731	1112	89.2531185130996	98.0808406486637
127	WGN46	91.0251167093099	2.84086765586784	1112	84.7086438393994	95.7862436357176
128	WGN46	98.5422586969595	1.1912624731577	1112	95.299502857281	99.9446783911557
129	WGN46	91.2933758163376	2.80220889836537	1112	85.0471902594773	95.9740451791904
130	WGN46	95.0000000000001	2.1662210910779	1112	89.9235281218774	98.3704299927687
1	WGN55	96.6630318022321	1.78509862417507	1112	92.2981045966571	99.2588681910911
2	WGN55	97.0832090495558	1.67255608150404	1112	92.9297395751944	99.4516579297965
3	WGN55	90.6003748701066	2.9005225037685	1112	84.1756451935788	95.4858614335349
4	WGN55	90.505892896743	2.91354323531136	1112	84.057567884475	95.4185568004441
5	WGN55	99.7493718553311	0.496965201335427	1112	97.8373956244513	100
6	WGN55	94.5107258321843	2.26388303883724	1112	89.2531185131	98.0808406486638
7	WGN55	99.0000000000001	0.988948264015959	1112	96.1430163878752	99.9992935591839
8	WGN55	100	6.08606843103176e-16	1112	99.0521989525812	100
9	WGN55	93.581705909913	2.43591012413925	1112	88.0063103120019	97.5048300474351
10	WGN55	95.0000000000002	2.16622109107787	1112	89.9235281218775	98.3704299927687
11	WGN55	87.6084148543825	3.27485683598705	1112	80.5105664275247	93.2804514816102
12	WGN55	95.2217892077543	2.99895067445252	1112	87.7021136750347	99.3218988115802
13	WGN55	97.5246140987532	1.54431024267902	1112	93.6128164576229	99.6346565790443
14	WGN55	98.5422586969597	1.19126247315763	1112	95.2995028572813	99.9446783911557
15	WGN55	98.5422586969596	1.19126247315767	1112	95.2995028572811	99.9446783911557
16	WGN55	97.5246140987531	1.54431024267905	1112	93.6128164576227	99.6346565790442
17	WGN55	94.2419421327677	3.27513063823333	1112	86.2242676866229	98.914144394027
18	WGN55	96.0609040895835	1.93342614749945	1112	91.4181987338162	98.957346519704
19	WGN55	93.135144102062	2.51320828777776	1112	87.4175063916184	97.2174404220854
20	WGN55	99.2442890089807	0.86076897830676	1112	96.6325840081962	100
21	WGN55	93.0332101351133	2.5304125575329	1112	87.2839617631907	97.1509816414415
22	WGN55	96.0609040895835	1.93342614749946	1112	91.4181987338161	98.957346519704
23	WGN55	96.6630318022319	1.78509862417515	1112	92.2981045966567	99.258868191091
24	WGN55	94.5107258321842	2.26388303883729	1112	89.2531185130998	98.0808406486638
25	WGN55	93.9786217196668	2.36438647671338	1112	88.5351508314483	97.7547732586876
26	WGN55	95.0478786053688	2.15636776174562	1112	89.9897100376581	98.3981901120328
27	WGN55	94.5107258321843	2.26388303883726	1112	89.2531185131	98.0808406486638
28	WGN55	96.1991226105719	2.68841300185836	1112	89.2441025108691	99.6606731153831
29	WGN55	97.524614098753	1.54431024267904	1112	93.6128164576227	99.6346565790442
30	WGN55	95.1981846701236	2.12506899774888	1112	90.1981896595007	98.4846242098754
31	WGN55	98.5422586969596	1.19126247315766	1112	95.2995028572812	99.9446783911557
32	WGN55	97.524614098753	1.54431024267905	1112	93.6128164576227	99.6346565790442
33	WGN55	95.622789240765	2.03345894228665	1112	90.7933562596537	98.7225691247334
34	WGN55	98.5422586969592	1.19126247315786	1112	95.2995028572803	99.9446783911556
35	WGN55	97.0832090495553	1.67255608150418	1112	92.9297395751936	99.4516579297963
36	WGN55	94.0393004587296	2.35320241596334	1112	88.6164847497364	97.7924963636276
37	WGN55	97.5246140987535	1.54431024267893	1112	93.6128164576233	99.6346565790444
38	WGN55	90.6003748701063	2.90052250376853	1112	84.1756451935784	95.4858614335346
40	WGN55	97.0000000000002	1.69551825350823	1112	92.8033388128257	99.414795218027
41	WGN55	95.5132775677538	2.05755972705499	1112	90.6389315295443	98.6621223199559
42	WGN55	92.697571116335	2.58597201468476	1112	86.8463616288744	96.9300284987433
43	WGN55	96.5173015196909	1.82228583338621	1112	92.0826333992048	99.1884037560383
44	WGN55	97.744230427816	1.47587272929255	1112	93.9617013967159	99.7166781946084
45	WGN55	94.7213595499963	2.22249594527613	1112	89.5404512906657	98.2067897523875
46	WGN55	92.6975711163354	2.58597201468465	1112	86.846361628875	96.9300284987435
47	WGN55	96.5173015196905	1.82228583338631	1112	92.0826333992043	99.1884037560381
48	WGN55	90.6003748701068	2.90052250376843	1112	84.1756451935792	95.485861433535
49	WGN55	93.3135224943206	2.48271553117237	1112	87.6519547400094	97.3329861691309
50	WGN55	95.0478786053688	2.15636776174567	1112	89.9897100376579	98.3981901120328
52	WGN55	92.1161458040607	2.67850922421076	1112	86.0955393250535	96.5400431988144
53	WGN55	98.5422586969596	1.19126247315765	1112	95.2995028572812	99.9446783911557
54	WGN55	93.313522494321	2.48271553117232	1112	87.6519547400099	97.3329861691311
55	WGN55	96.5173015196907	1.82228583338626	1112	92.0826333992046	99.1884037560382
56	WGN55	91.2933758163382	2.80220889836527	1112	85.047190259478	95.9740451791907
57	WGN55	96.0609040895835	1.93342614749944	1112	91.4181987338163	98.957346519704
58	WGN55	98.5422586969598	1.1912624731576	1112	95.2995028572814	99.9446783911557
59	WGN55	94.5982959330063	2.24679281080433	1112	89.3723492115988	98.1334301904775
60	WGN55	91.560551913261	2.76291293173216	1112	85.3859165567347	96.1595418843994
61	WGN55	92.6975711163351	2.5859720146847	1112	86.8463616288747	96.9300284987433
62	WGN55	99.7493718553311	0.496965201335448	1112	97.8373956244513	100
63	WGN55	95.0000000000004	2.16622109107786	1112	89.9235281218777	98.3704299927689
64	WGN55	97.0000000000004	1.69551825350817	1112	92.803338812826	99.4147952180271
65	WGN55	96.5173015196907	1.82228583338629	1112	92.0826333992044	99.1884037560382
66	WGN55	95.5132775677538	2.05755972705501	1112	90.6389315295443	98.6621223199559
67	WGN55	98.5422586969596	1.19126247315766	1112	95.2995028572812	99.9446783911557
68	WGN55	99.0000000000004	0.988948264015859	1112	96.1430163878756	99.9992935591839
69	WGN55	97.5246140987531	1.54431024267904	1112	93.6128164576227	99.6346565790442
70	WGN55	94.1609333731371	2.33057491671262	1112	88.7799285065877	97.8677070834441
71	WGN55	94.7213595499961	2.22249594527618	1112	89.5404512906654	98.2067897523874
72	WGN55	94.1609333731372	2.33057491671261	1112	88.7799285065878	97.8677070834442
73	WGN55	98.131423509399	1.34590827970578	1112	94.5949447060663	99.8431417680928
74	WGN55	96.0609040895835	1.93342614749943	1112	91.4181987338163	98.957346519704
75	WGN55	97.5246140987531	1.54431024267904	1112	93.6128164576227	99.6346565790442
76	WGN55	92.697571116335	2.58597201468475	1112	86.8463616288744	96.9300284987432
77	WGN55	93.581705909913	2.43591012413923	1112	88.006310312002	97.5048300474351
78	WGN55	96.0609040895836	1.93342614749943	1112	91.4181987338163	98.957346519704
80	WGN55	95.5132775677538	2.05755972705501	1112	90.6389315295442	98.6621223199559
81	WGN55	95.5132775677538	2.057559727055	1112	90.6389315295443	98.6621223199559
82	WGN55	93.313522494321	2.48271553117228	1112	87.65195474001	97.3329861691311
83	WGN55	98.733971724045	1.11124797263805	1112	95.6435849197158	99.9767541505767
84	WGN55	91.5605519132608	2.76291293173219	1112	85.3859165567345	96.1595418843993
85	WGN55	93.3135224943209	2.48271553117232	1112	87.6519547400098	97.332986169131
86	WGN55	96.6630318022319	1.78509862417515	1112	92.2981045966568	99.258868191091
87	WGN55	92.0286555618313	2.69205111348943	1112	85.9833051177405	96.4806138553975
88	WGN55	90.6003748701068	2.90052250376844	1112	84.1756451935791	95.4858614335349
89	WGN55	99.0000000000002	0.988948264015952	1112	96.1430163878752	99.9992935591839
90	WGN55	99.0000000000002	0.988948264015956	1112	96.1430163878752	99.9992935591839
91	WGN55	98.0000000000002	1.3915025637394	1112	94.3771179261777	99.8031040627783
92	WGN55	92.1161458040607	2.67850922421077	1112	86.0955393250534	96.5400431988144
93	WGN55	96.0609040895835	1.93342614749945	1112	91.4181987338162	98.957346519704
94	WGN55	97.5246140987531	1.54431024267904	1112	93.6128164576227	99.6346565790442
95	WGN55	97.0832090495557	1.67255608150405	1112	92.9297395751944	99.4516579297965
96	WGN55	87.6084148543824	3.27485683598707	1112	80.5105664275246	93.2804514816101
97	WGN55	98.5422586969597	1.19126247315765	1112	95.2995028572812	99.9446783911557
98	WGN55	99.0000000000001	0.988948264015959	1112	96.1430163878752	99.9992935591839
99	WGN55	93.9786217196669	2.36438647671336	1112	88.5351508314484	97.7547732586876
100	WGN55	96.5173015196907	1.82228583338627	1112	92.0826333992045	99.1884037560382
101	WGN55	99.4974746830584	0.702814927756101	1112	97.1889310904266	100
102	WGN55	97.744230427816	1.47587272929258	1112	93.9617013967158	99.7166781946084
103	WGN55	95.5132775677538	2.05755972705499	1112	90.6389315295443	98.6621223199559
104	WGN55	93.313522494321	2.4827155311723	1112	87.65195474001	97.3329861691311
105	WGN55	97.0832090495557	1.67255608150405	1112	92.9297395751943	99.4516579297965
106	WGN55	92.697571116335	2.58597201468473	1112	86.8463616288745	96.9300284987432
107	WGN55	98.5422586969597	1.19126247315765	1112	95.2995028572812	99.9446783911557
108	WGN55	99.0000000000002	0.988948264015948	1112	96.1430163878752	99.9992935591839
109	WGN55	97.0000000000003	1.69551825350819	1112	92.8033388128259	99.414795218027
110	WGN55	95.5132775677538	2.057559727055	1112	90.6389315295443	98.6621223199559
111	WGN55	97.3716556369842	1.59005953367945	1112	93.3735607274592	99.573794353281
112	WGN55	96.6630318022319	1.78509862417515	1112	92.2981045966568	99.258868191091
113	WGN55	94.7839729716953	2.2100054569807	1112	89.6262303412014	98.2438637425831
114	WGN55	98.0000000000002	1.39150256373941	1112	94.3771179261777	99.8031040627783
115	WGN55	96.0609040895836	1.93342614749943	1112	91.4181987338163	98.957346519704
116	WGN55	91.7187367221428	3.87476911734155	1112	82.6347770121405	97.648023138788
117	WGN55	93.313522494321	2.48271553117229	1112	87.65195474001	97.3329861691311
118	WGN55	94.0000000000004	2.36045392240464	1112	88.5637911107344	97.768079045809
119	WGN55	97.0000000000003	1.69551825350819	1112	92.8033388128259	99.414795218027
120	WGN55	97.0000000000003	1.69551825350819	1112	92.8033388128259	99.414795218027
121	WGN55	96.0609040895836	1.93342614749943	1112	91.4181987338163	98.957346519704
122	WGN55	96.2575313952387	1.88648092338453	1112	91.7026272143976	99.058718107783
123	WGN55	97.744230427816	1.47587272929258	1112	93.9617013967158	99.7166781946084
124	WGN55	96.0609040895836	1.93342614749943	1112	91.4181987338163	98.957346519704
125	WGN55	94.1609333731371	2.33057491671262	1112	88.7799285065878	97.8677070834442
126	WGN55	96.6630318022319	1.78509862417515	1112	92.2981045966568	99.258868191091
128	WGN55	97.0000000000003	1.69551825350819	1112	92.8033388128259	99.414795218027
129	WGN55	97.5246140987531	1.54431024267904	1112	93.6128164576228	99.6346565790442
130	WGN55	96.0609040895836	1.93342614749943	1112	91.4181987338163	98.957346519704
1	WGN63	85.355339059328	3.51407463878088	1112	77.8338003832419	91.5364846397228
2	WGN63	80.2393401911601	3.95776834267739	1112	71.9497170937562	87.3825281563063
3	WGN63	97.5246140987531	1.54431024267905	1112	93.6128164576227	99.6346565790442
4	WGN63	82.5708022183326	3.7705779739764	1112	74.6019463192019	89.3048324991508
5	WGN63	67.5249921620612	4.65439115568755	1112	58.1181867660282	76.2673893210058
6	WGN63	90.306452310033	4.15976951456141	1112	80.7237557361143	96.8412692345916
7	WGN63	91.2933758163378	2.80220889836536	1112	85.0471902594775	95.9740451791906
8	WGN63	67.7296313616562	4.64672845908271	1112	58.333886672966	76.4532095233493
9	WGN63	93.9786217196666	2.36438647671341	1112	88.5351508314481	97.7547732586875
10	WGN63	96.5173015196908	1.82228583338625	1112	92.0826333992047	99.1884037560383
12	WGN63	65.0831954163511	4.73813744924248	1112	55.5593977944365	74.0351583017039
13	WGN63	82.5708022183326	3.77057797397641	1112	74.6019463192019	89.3048324991508
14	WGN63	96.0000000000002	1.94769786110646	1112	91.3306237832069	98.9254222895426
16	WGN63	65.3425716154152	4.7299032097675	1112	55.8299114342675	74.2735635786752
17	WGN63	93.5817059099131	2.43591012413922	1112	88.0063103120022	97.5048300474352
18	WGN63	88.7381563638172	3.1420704797664	1112	81.8777842330324	94.1298858875337
19	WGN63	87.6084148543823	3.2748568359871	1112	80.5105664275244	93.2804514816101
20	WGN63	97.5246140987532	1.54431024267902	1112	93.6128164576229	99.6346565790443
21	WGN63	75.0000000000005	4.30384489153418	1112	66.1349533425792	82.9172456100028
22	WGN63	99.2442890089806	0.860768978306811	1112	96.632584008196	100
23	WGN63	87.6084148543821	3.27485683598708	1112	80.5105664275243	93.2804514816099
24	WGN63	97.0090607010493	1.6930349536954	1112	92.8170694139163	99.4188425093569
25	WGN63	87.6084148543823	3.2748568359871	1112	80.5105664275244	93.2804514816101
26	WGN63	72.535377927845	4.43626752377609	1112	63.4588681458108	80.7575255177195
27	WGN63	75.7087326309071	4.26239849998768	1112	66.9110586722605	83.5317360409381
28	WGN63	88.7381563638169	3.14207047976645	1112	81.877784233032	94.1298858875336
29	WGN63	92.5076669326154	2.61669664098874	1112	86.6001538990615	96.8036275164865
30	WGN63	98.0000000000002	1.39150256373942	1112	94.3771179261777	99.8031040627783
31	WGN63	75.1691251538242	4.29409584292977	1112	66.3198801400272	83.0641572402847
32	WGN63	45.0000000000007	4.94474132008017	1112	35.45408717647	54.7354730330151
33	WGN63	94.5107258321844	2.26388303883726	1112	89.2531185131	98.0808406486639
34	WGN63	93.3135224943215	2.48271553117223	1112	87.6519547400106	97.3329861691315
35	WGN63	95.0478786053694	2.15636776174552	1112	89.9897100376588	98.3981901120332
36	WGN63	84.9999999999993	3.54904141681414	1112	77.4170229009485	91.2560556326635
37	WGN63	93.0332101351134	2.5304125575329	1112	87.2839617631908	97.1509816414416
38	WGN63	75.1691251538238	4.29409584292979	1112	66.3198801400268	83.0641572402843
39	WGN63	91.5605519132604	2.76291293173227	1112	85.3859165567339	96.159541884399
40	WGN63	87.6084148543822	3.27485683598709	1112	80.5105664275244	93.28045148161
41	WGN63	70.4702878079644	6.41358908068936	1112	57.2712296615733	82.1214306690674
42	WGN63	91.5605519132607	2.7629129317322	1112	85.3859165567343	96.1595418843992
43	WGN63	80.0000000000005	3.9757216106842	1112	71.6799106049765	87.1827281381218
44	WGN63	75.1691251538238	4.29409584292982	1112	66.3198801400268	83.0641572402844
45	WGN63	77.5494935745756	4.14723389369335	1112	68.9414609335748	85.1130686609426
46	WGN63	52.5031387529921	4.96342043306343	1112	42.7785778689943	62.132800535713
47	WGN63	60.0525170247694	4.86817624505103	1112	50.3705462281094	69.3533763748184
48	WGN63	97.0832090495559	1.67255608150403	1112	92.9297395751945	99.4516579297966
49	WGN63	93.313522494321	2.48271553117232	1112	87.6519547400099	97.3329861691311
50	WGN63	80.2393401911601	3.9577683426774	1112	71.9497170937562	87.3825281563063
51	WGN63	89.689315828744	4.27545755317927	1112	79.9058290453833	96.4715893800154
52	WGN63	60.0000000000008	4.86924465276621	1112	50.3169416575973	69.3039379234367
53	WGN63	95.5132775677538	2.05755972705499	1112	90.6389315295443	98.6621223199559
54	WGN63	96.5173015196906	1.82228583338629	1112	92.0826333992044	99.1884037560382
55	WGN63	95.0478786053688	2.15636776174566	1112	89.9897100376579	98.3981901120329
56	WGN63	77.9615198335562	4.11990255553493	1112	69.3989643415436	85.463997014142
57	WGN63	67.5249921620612	4.65439115568756	1112	58.1181867660281	76.2673893210058
58	WGN63	95.0000000000004	2.16622109107785	1112	89.9235281218777	98.3704299927689
59	WGN63	80.2393401911603	3.95776834267735	1112	71.9497170937565	87.3825281563064
60	WGN63	85.0000000000005	3.54904141681402	1112	77.41702290095	91.2560556326645
61	WGN63	67.5249921620611	4.65439115568756	1112	58.118186766028	76.2673893210057
62	WGN63	94.7213595499962	2.22249594527616	1112	89.5404512906655	98.2067897523875
63	WGN63	70.0000000000005	4.55476130575808	1112	60.740525227192	78.5012339348739
64	WGN63	89.9499834699209	2.9884081154096	1112	83.3662332797302	95.0191482130252
65	WGN63	88.5889894354075	3.16015149374888	1112	81.6961926162045	94.0187988703818
66	WGN63	96.6630318022321	1.7850986241751	1112	92.2981045966571	99.2588681910911
67	WGN63	91.0251167093102	2.84086765586781	1112	84.7086438393998	95.7862436357179
68	WGN63	93.313522494321	2.4827155311723	1112	87.65195474001	97.3329861691311
69	WGN63	95.1981846701235	2.12506899774889	1112	90.1981896595006	98.4846242098753
70	WGN63	93.313522494321	2.4827155311723	1112	87.65195474001	97.3329861691312
72	WGN63	94.7839729716953	2.21000545698071	1112	89.6262303412014	98.2438637425831
73	WGN63	80.2393401911603	3.95776834267735	1112	71.9497170937566	87.3825281563064
74	WGN63	55.0254481002613	4.94448645594189	1112	45.2899895775677	64.5703816240278
75	WGN63	81.026015628125	3.89715326790743	1112	72.8396606573619	88.0361109945052
76	WGN63	94.5107258321843	2.26388303883727	1112	89.2531185130999	98.0808406486638
77	WGN63	65.0000000000008	4.74074587294026	1112	55.4726938249742	73.958625546576
78	WGN63	87.6084148543823	3.27485683598708	1112	80.5105664275245	93.2804514816101
79	WGN63	87.6084148543823	3.27485683598709	1112	80.5105664275245	93.2804514816101
80	WGN63	72.535377927845	4.43626752377612	1112	63.4588681458107	80.7575255177196
81	WGN63	95.5132775677538	2.05755972705499	1112	90.6389315295443	98.6621223199559
82	WGN63	97.524614098753	1.54431024267905	1112	93.6128164576227	99.6346565790442
83	WGN63	72.5353779278451	4.4362675237761	1112	63.4588681458108	80.7575255177196
84	WGN63	94.5107258321843	2.26388303883728	1112	89.2531185130999	98.0808406486638
85	WGN63	75.1691251538242	4.29409584292976	1112	66.3198801400272	83.0641572402846
86	WGN63	70.0000000000007	4.55476130575805	1112	60.7405252271922	78.501233934874
87	WGN63	70.1204006516739	4.54951974779123	1112	60.8688629537793	78.6091328770828
88	WGN63	83.173497662467	3.71830818642942	1112	75.2951267289057	89.7941935627869
89	WGN63	95.5132775677538	2.057559727055	1112	90.6389315295442	98.6621223199559
90	WGN63	94.7734499483693	3.12909971789757	1112	87.018586753391	99.1426495806106
91	WGN63	92.1161458040606	2.67850922421078	1112	86.0955393250534	96.5400431988143
92	WGN63	55.0000000000006	4.94474132008015	1112	45.2645269669863	64.5459128235312
93	WGN63	96.0609040895835	1.93342614749945	1112	91.4181987338162	98.9573465197039
94	WGN63	94.5107258321843	2.26388303883727	1112	89.2531185130999	98.0808406486638
95	WGN63	75.4440574353667	6.05144826072664	1112	62.7585253569659	86.2055694025978
96	WGN63	87.6084148543823	3.27485683598709	1112	80.5105664275245	93.2804514816101
97	WGN63	92.6975711163349	2.58597201468474	1112	86.8463616288744	96.9300284987432
98	WGN63	70.0000000000008	4.55476130575804	1112	60.7405252271923	78.5012339348741
99	WGN63	96.5173015196907	1.82228583338628	1112	92.0826333992045	99.1884037560382
100	WGN63	100	6.08606843103177e-16	1112	99.0521989525812	100
101	WGN63	87.6084148543823	3.27485683598709	1112	80.5105664275245	93.2804514816101
102	WGN63	80.0000000000006	3.97572161068421	1112	71.6799106049766	87.1827281381219
103	WGN63	92.697571116335	2.58597201468474	1112	86.8463616288744	96.9300284987432
105	WGN63	96.0609040895835	1.93342614749945	1112	91.4181987338162	98.957346519704
106	WGN63	99.0997484926443	1.32796523660377	1112	94.6706661107414	100
107	WGN63	62.516703058123	4.81141591206547	1112	52.8986859260045	71.6601864194926
109	WGN63	70.0000000000006	4.55476130575806	1112	60.7405252271921	78.5012339348739
110	WGN63	85.3553390593279	3.51407463878086	1112	77.8338003832418	91.5364846397227
111	WGN63	82.5708022183328	3.77057797397636	1112	74.6019463192022	89.3048324991509
112	WGN63	67.7296313616556	4.64672845908278	1112	58.3338866729652	76.4532095233487
114	WGN63	77.5494935745758	4.14723389369332	1112	68.9414609335751	85.1130686609428
115	WGN63	80.0000000000006	3.97572161068421	1112	71.6799106049765	87.1827281381218
116	WGN63	80.2393401911603	3.95776834267735	1112	71.9497170937566	87.3825281563064
117	WGN63	90.0000000000004	2.98179120801313	1112	83.4282025871358	95.0553157369947
118	WGN63	80.2393401911603	3.95776834267735	1112	71.9497170937566	87.3825281563064
119	WGN63	80.0000000000006	3.9757216106842	1112	71.6799106049766	87.1827281381218
121	WGN63	97.5246140987531	1.54431024267905	1112	93.6128164576227	99.6346565790442
122	WGN63	97.0832090495557	1.67255608150405	1112	92.9297395751943	99.4516579297965
123	WGN63	60.0525170247698	4.86817624505102	1112	50.3705462281098	69.3533763748188
124	WGN63	62.6530110441041	4.80789246552876	1112	53.0392796693343	71.7870409340496
125	WGN63	96.6630318022318	1.78509862417516	1112	92.2981045966567	99.258868191091
126	WGN63	82.5708022183328	3.77057797397636	1112	74.6019463192022	89.3048324991509
127	WGN63	62.653011044104	4.80789246552876	1112	53.0392796693343	71.7870409340496
128	WGN63	76.7423461417483	4.19910237120471	1112	68.0484865599171	84.4223487762359
129	WGN63	85.0000000000005	3.54904141681403	1112	77.41702290095	91.2560556326645
130	WGN63	57.5096097970945	4.91328034734849	1112	47.7879035662938	66.9466113866394
