plantID3	famID	response	SE	df	lower.CL	upper.CL
1	WGN07	93.5817059098591	3.5604550291839	1122	84.9314312182643	98.7147914172273
2	WGN07	94.3779815202164	3.34642962462671	1122	86.1098471592218	99.0646645964982
3	WGN07	97.3716556369841	2.32411508424308	1122	90.961531740141	99.9587287521498
4	WGN07	93.3135224943171	3.62886828679337	1122	84.5416475326766	98.5898515688137
5	WGN07	96.2575313952374	2.75738025986333	1122	89.0537284892883	99.7281970658279
6	WGN07	100	4.33149765176445e-13	1122	97.9824165261528	100
7	WGN07	96.0609040895818	2.82599788152318	1122	88.7322179344018	99.6723214894994
8	WGN07	98.5422586969591	1.74121221533889	1122	93.2131761759808	100
9	WGN07	89.3456686454125	4.48229123091084	1122	79.0820025767095	96.4340078810588
10	WGN07	98.1314235093982	1.96725070264122	1122	92.3813947565853	100
11	WGN07	97.9999999999998	2.03389371885107	1122	92.1262789973602	100
12	WGN07	100	2.55729536609341e-13	1122	97.9824165261531	100
13	WGN07	97.3716556369832	2.32411508424331	1122	90.96153174014	99.9587287521497
14	WGN07	87.6084148543805	4.78670390009959	1122	76.825623298083	95.3560817591677
15	WGN07	99.4974746830581	1.02727145772325	1122	95.5117640346785	100
16	WGN07	97.371655636983	2.3241150842434	1122	90.9615317401396	99.9587287521496
17	WGN07	97.0832090495547	2.44469640031104	1122	90.4513251133945	99.9153208067534
18	WGN07	95.5132775677525	3.00743808460698	1122	87.8554901718386	99.4979914972149
20	WGN07	98.7339717240442	1.62425879084336	1122	93.6235303915654	100
21	WGN07	95.1981846701224	3.10611320401124	1122	87.3621144819943	99.3866104407186
22	WGN07	98.1314235093979	1.96725070264142	1122	92.3813947565845	100
23	WGN07	94.9999999999993	3.1662632794192	1122	87.05549933807	99.3128504090052
24	WGN07	95.615259337572	2.97464935242499	1122	88.016823260354	99.5323916790016
25	WGN07	96.5173015196896	2.6635493221914	1122	89.4846372878673	99.7958641997495
26	WGN07	98.9999999999995	1.44549907047658	1122	94.2248344775609	100
27	WGN07	92.6975711163334	3.77979342248394	1122	83.6584174433194	98.2908882350395
28	WGN07	94.9999999999993	3.16626327941919	1122	87.0554993380699	99.3128504090051
29	WGN07	96.9999999999992	2.47825912497106	1122	90.3065090809288	99.9004339882382
30	WGN07	97.9999999999994	2.03389371885118	1122	92.1262789973597	100
31	WGN07	99.0000000000001	1.44549907047612	1122	94.2248344775624	100
32	WGN07	97.0832090495553	2.4446964003108	1122	90.4513251133955	99.9153208067535
33	WGN07	97.9999999999994	2.03389371885117	1122	92.1262789973598	100
34	WGN07	93.3135224943202	3.62886828679284	1122	84.5416475326804	98.5898515688154
35	WGN07	84.075652042249	7.519307211964	1122	66.9860665963108	95.6999908083643
36	WGN07	98.9999999999991	1.44549907047679	1122	94.2248344775603	100
37	WGN07	100	4.62182166214714e-13	1122	97.9824165261527	100
38	WGN07	96.5173015196897	2.6635493221913	1122	89.4846372878677	99.7958641997495
39	WGN07	94.5107258321829	3.30901114585852	1122	86.3096628898121	99.119624580637
40	WGN07	95.5132775677524	3.00743808460694	1122	87.8554901718387	99.4979914972149
41	WGN07	90.6003748701055	4.23955704827936	1122	80.7559199129822	97.168244012433
42	WGN07	98.542258696959	1.74121221533893	1122	93.2131761759807	100
44	WGN07	99.497474683058	1.02727145772329	1122	95.5117640346785	100
46	WGN07	98.9999999999997	1.4454990704764	1122	94.2248344775615	100
47	WGN07	97.3716556369834	2.32411508424323	1122	90.9615317401403	99.9587287521497
48	WGN07	99.7493718553308	0.726390613875538	1122	96.3358870499156	100
49	WGN07	94.7213595499953	3.24851758168611	1122	86.6288896045317	99.2046664572184
50	WGN07	98.5422586969587	1.74121221533912	1122	93.21317617598	100
51	WGN07	87.6084148543807	4.78670390009958	1122	76.8256232980832	95.3560817591679
52	WGN07	87.6084148543808	4.7867039000996	1122	76.8256232980832	95.3560817591679
53	WGN07	94.5107258321843	3.30901114585812	1122	86.3096628898142	99.1196245806375
54	WGN07	98.7295993997582	2.30147313669458	1122	90.4275249590321	100
55	WGN07	96.6630318022307	2.60919453104182	1122	89.7296972110042	99.8305039213073
56	WGN07	100	2.52503714271758e-13	1122	97.9824165261531	100
57	WGN07	92.6975711163332	3.77979342248396	1122	83.6584174433192	98.2908882350393
58	WGN07	62.940952255124	7.01639453916146	1122	48.8377051264847	75.9998213275324
59	WGN07	96.6630318022306	2.60919453104187	1122	89.729697211004	99.8305039213073
60	WGN07	99.497474683058	1.0272714577233	1122	95.5117640346784	100
61	WGN07	96.0609040895822	2.82599788152315	1122	88.7322179344022	99.6723214894996
62	WGN07	85.9014665797403	7.15153281658617	1122	69.3676725946377	96.6771793758925
63	WGN07	94.9999999999994	3.16626327941916	1122	87.0554993380701	99.3128504090052
64	WGN07	94.9999999999995	3.1662632794191	1122	87.0554993380703	99.3128504090052
66	WGN07	87.6084148543802	4.78670390009956	1122	76.8256232980827	95.3560817591674
67	WGN07	83.1734976624652	5.43487584011872	1122	71.3150492799546	92.3547340188368
68	WGN07	98.542258696959	1.74121221533896	1122	93.2131761759806	100
69	WGN07	84.9999999999966	5.18746658015636	1122	73.5467389641696	93.6286441724389
71	WGN07	99.7493718553308	0.726390613875637	1122	96.3358870499153	100
73	WGN07	98.9999999999998	1.44549907047636	1122	94.2248344775616	100
74	WGN07	96.6630318022308	2.60919453104179	1122	89.7296972110044	99.8305039213074
75	WGN07	98.9999999999996	1.4454990704765	1122	94.2248344775611	100
76	WGN07	99.7493718553309	0.726390613875468	1122	96.3358870499158	100
77	WGN07	94.9999999999988	3.16626327941936	1122	87.0554993380691	99.3128504090049
78	WGN07	91.0251167093087	4.1523623685097	1122	81.3322982833425	97.407071235862
79	WGN07	83.173497662465	5.43487584011863	1122	71.3150492799547	92.3547340188365
80	WGN07	100	1.49277399469075e-13	1122	97.9824165261532	100
81	WGN07	97.9999999999997	2.033893718851	1122	92.1262789973605	100
82	WGN07	93.3135224943195	3.62886828679302	1122	84.5416475326793	98.5898515688151
83	WGN07	95.1981846701223	3.10611320401129	1122	87.3621144819941	99.3866104407185
84	WGN07	98.9999999999996	1.44549907047649	1122	94.2248344775612	100
85	WGN07	93.3135224943184	3.6288682867932	1122	84.541647532678	98.5898515688145
86	WGN07	99.7493718553308	0.726390613875553	1122	96.3358870499155	100
87	WGN07	85.3553390593263	5.13635728861511	1122	73.9866675532311	93.8707166534881
88	WGN07	100	2.65407003622096e-13	1122	97.982416526153	100
89	WGN07	92.697571116332	3.77979342248422	1122	83.6584174433176	98.2908882350388
90	WGN07	90.6003748701056	4.23955704827942	1122	80.7559199129822	97.1682440124332
91	WGN07	94.0393004587288	3.43956506997065	1122	85.6045578189799	98.9199245062661
92	WGN07	97.3716556369833	2.32411508424338	1122	90.9615317401398	99.9587287521497
93	WGN07	100	2.97665226997931e-13	1122	97.982416526153	100
94	WGN07	97.7442304278163	2.15721361365255	1122	91.6421299720215	99.9932120723042
95	WGN07	98.5422586969589	1.74121221533901	1122	93.2131761759804	100
96	WGN07	99.7493718553308	0.726390613875596	1122	96.3358870499154	100
97	WGN07	98.1314235093981	1.96725070264126	1122	92.3813947565852	100
98	WGN07	97.3716556369833	2.32411508424326	1122	90.9615317401402	99.9587287521497
99	WGN07	96.0609040895818	2.82599788152331	1122	88.7322179344015	99.6723214894995
100	WGN07	97.5246140987524	2.25724550165503	1122	91.2377520263684	99.9760811308736
101	WGN07	98.5422586969592	1.74121221533885	1122	93.213176175981	100
102	WGN07	98.9999999999996	1.44549907047648	1122	94.2248344775613	100
103	WGN07	94.5982959330053	3.2840311649689	1122	86.4420510863054	99.1553093862596
104	WGN07	97.5246140987532	2.25724550165464	1122	91.2377520263699	99.9760811308737
105	WGN07	100	3.10568516348267e-13	1122	97.982416526153	100
106	WGN07	94.7213595499947	3.24851758168634	1122	86.6288896045306	99.2046664572183
107	WGN07	92.8958040488916	3.73212116087554	1122	83.9409266238226	98.3888468601047
108	WGN07	95.6152593375716	2.97464935242497	1122	88.0168232603539	99.5323916790013
109	WGN07	95.5132775677528	3.00743808460683	1122	87.8554901718392	99.497991497215
110	WGN07	98.9999999999998	1.44549907047638	1122	94.2248344775616	100
111	WGN07	97.3716556369835	2.32411508424317	1122	90.9615317401405	99.9587287521497
112	WGN07	95.6152593375718	2.97464935242494	1122	88.0168232603541	99.5323916790015
113	WGN07	100	4.65407988552284e-13	1122	97.9824165261528	100
114	WGN07	96.0609040895826	2.82599788152304	1122	88.7322179344027	99.6723214894997
115	WGN07	88.7381563638156	4.59261634115143	1122	78.2854571836979	96.0645569804568
116	WGN07	93.5817059099116	3.56045502917241	1122	84.931431218335	98.7147914172533
117	WGN07	98.5422586969589	1.74121221533897	1122	93.2131761759806	100
118	WGN07	99.7493718553308	0.726390613875628	1122	96.3358870499153	100
119	WGN07	95.5132775677526	3.00743808460689	1122	87.8554901718389	99.497991497215
120	WGN07	94.9999999999992	3.16626327941914	1122	87.05549933807	99.312850409005
121	WGN07	94.9999999999993	3.16626327941921	1122	87.0554993380699	99.3128504090051
122	WGN07	92.6798734016651	5.35258890435243	1122	79.03730678806	99.4771994278116
123	WGN07	92.6975711163337	3.77979342248377	1122	83.65841744332	98.2908882350395
124	WGN07	94.9999999999992	3.16626327941925	1122	87.0554993380697	99.3128504090051
125	WGN07	95.6152593375717	2.97464935242506	1122	88.0168232603537	99.5323916790015
126	WGN07	100	2.33148780246258e-13	1122	97.9824165261531	100
127	WGN07	98.9999999999996	1.44549907047656	1122	94.2248344775609	100
128	WGN07	98.542258696959	1.74121221533895	1122	93.2131761759806	100
129	WGN07	93.0332101351118	3.69858478236455	1122	84.1377017559679	98.4557947704492
130	WGN07	96.6630318022311	2.60919453104171	1122	89.7296972110048	99.8305039213074
1	WGN15	20.0000000000078	5.81112491100245	1122	9.962433319325	32.4586668493049
2	WGN15	42.2476656107953	7.17606476576436	1122	28.6703666138717	56.4506038776146
3	WGN15	72.5353779278544	6.48428316761525	1122	59.0749439433465	84.1771316689974
4	WGN15	99.7493718553321	0.726390613873683	1122	96.3358870499204	100
5	WGN15	93.3135224943258	3.62886828679142	1122	84.5416475326885	98.589851568818
7	WGN15	96.6630318022374	2.60919453103939	1122	89.7296972110152	99.8305039213089
8	WGN15	85.3553390593382	5.13635728861352	1122	73.9866675532456	93.8707166534964
9	WGN15	52.5031387530043	7.25479773152183	1122	38.3596173642376	66.4446484865387
10	WGN15	37.2479944418025	7.02369220639069	1122	24.1673755602074	51.3577427503023
11	WGN15	91.0251167093188	4.15236236850762	1122	81.3322982833563	97.4070712358677
12	WGN15	86.5706658587265	4.95350765310689	1122	75.5068808949311	94.6830759799567
13	WGN15	22.0384801664546	6.02186740314933	1122	11.5107404906857	34.8228078550149
14	WGN15	96.0609040895893	2.82599788152077	1122	88.7322179344135	99.6723214895017
15	WGN15	96.6630318022356	2.60919453104003	1122	89.7296972110123	99.8305039213085
16	WGN15	98.542258696962	1.74121221533715	1122	93.213176175987	100
17	WGN15	76.0988907544238	8.76415539198001	1122	57.2721380738205	90.7397550515611
18	WGN15	65.3425716154273	6.91347661140148	1122	51.3416249081638	78.1053215651872
19	WGN15	99.0000000000032	1.44549907047395	1122	94.2248344775695	100
20	WGN15	80.0000000000081	5.81112491100158	1122	67.5413331507117	90.0375666806881
21	WGN15	96.0609040895894	2.82599788152074	1122	88.7322179344136	99.6723214895017
22	WGN15	15.0000000000089	5.1874665801572	1122	6.3713558275648	26.4532610358373
23	WGN15	99.0000000000028	1.44549907047419	1122	94.2248344775687	100
24	WGN15	66.2145420042877	9.71971369616347	1122	46.3559515277941	83.4725521090862
25	WGN15	99.0000000000025	1.44549907047444	1122	94.2248344775679	100
26	WGN15	97.371655636988	2.32411508424128	1122	90.9615317401484	99.9587287521503
27	WGN15	88.5889894354139	4.61904450716832	1122	78.0911545615552	95.9725640149796
28	WGN15	67.7296313616674	6.79190399817521	1122	53.867680921593	80.1607413524341
29	WGN15	80.0000000000097	5.81112491100147	1122	67.5413331507135	90.0375666806895
30	WGN15	98.1314235094017	1.96725070263941	1122	92.3813947565921	100
31	WGN15	98.3422411549834	2.6238717582788	1122	89.4556594269604	100
32	WGN15	86.614687596593	4.94663933891017	1122	75.5624207133366	94.7120269360519
33	WGN15	82.570802218344	5.51127612521019	1122	70.5887918521093	91.9242400931526
34	WGN15	80.2393401911699	5.78488346525534	1122	67.821808974842	90.2164556863087
35	WGN15	94.5107258321875	3.30901114585721	1122	86.3096628898191	99.1196245806389
36	WGN15	82.5708022183419	5.51127612521043	1122	70.5887918521068	91.9242400931511
37	WGN15	67.7296313616664	6.79190399817526	1122	53.8676809215921	80.1607413524333
38	WGN15	87.6084148543878	4.78670390009832	1122	76.8256232980925	95.3560817591723
39	WGN15	87.6084148543875	4.78670390009837	1122	76.8256232980921	95.3560817591721
40	WGN15	94.5107258321885	3.30901114585693	1122	86.3096628898205	99.1196245806392
41	WGN15	85.0000000000085	5.18746658015472	1122	73.5467389641842	93.6286441724471
43	WGN15	87.6084148543905	4.786703900098	1122	76.8256232980956	95.3560817591742
44	WGN15	97.7442304278195	2.15721361365114	1122	91.6421299720271	99.9932120723043
45	WGN15	24.8308748461877	6.27647752197407	1122	13.6976295074204	37.9953526234153
46	WGN15	97.7442304278196	2.15721361365104	1122	91.6421299720275	99.9932120723043
47	WGN15	75.1691251538339	6.27647752197207	1122	62.0046473766094	86.3023704925966
48	WGN15	80.2393401911698	5.7848834652554	1122	67.8218089748418	90.2164556863087
50	WGN15	95.0000000000051	3.1662632794175	1122	87.0554993380788	99.3128504090074
51	WGN15	97.7442304278188	2.15721361365143	1122	91.6421299720259	99.9932120723043
52	WGN15	91.2933758163457	4.09585668457172	1122	81.699106094696	97.5551322329398
53	WGN15	85.9014665797504	7.15153281658401	1122	69.3676725946511	96.6771793758977
54	WGN15	36.2243483091472	9.87733129418399	1122	18.4698100693599	56.1883038352855
55	WGN15	97.0000000000043	2.47825912496895	1122	90.3065090809379	99.9004339882391
56	WGN15	87.8817412023141	4.74099674855718	1122	77.1763920472789	95.5299073569367
57	WGN15	81.0260156281334	5.69628526712418	1122	68.7482329931642	90.7998952074778
58	WGN15	98.9897948556663	1.45278122774865	1122	94.2009456546643	100
59	WGN15	87.6084148543907	4.78670390009801	1122	76.8256232980957	95.3560817591743
60	WGN15	97.7442304278201	2.15721361365084	1122	91.6421299720283	99.9932120723044
61	WGN15	93.9786217196738	3.45591228448577	1122	85.5146856090944	98.8933362148868
62	WGN15	92.8958040488994	3.73212116087366	1122	83.9409266238337	98.3888468601086
63	WGN15	93.3135224943262	3.62886828679133	1122	84.541647532689	98.5898515688183
64	WGN15	87.6084148543914	4.78670390009788	1122	76.8256232980967	95.3560817591749
65	WGN15	92.1161458040666	3.9150507005638	1122	82.8386472192295	97.994730798648
66	WGN15	75.1691251538354	6.27647752197196	1122	62.0046473766111	86.3023704925978
67	WGN15	75.0000000000104	6.29072724686516	1122	61.8147646840695	86.1676518421039
69	WGN15	95.0478786053747	3.15186113229877	1122	87.1293230139849	99.3309199805227
70	WGN15	90.0000000000076	4.35834368325043	1122	79.9498456471905	96.8220207946699
71	WGN15	55.0254481002734	7.22712282948116	1122	40.8337153511686	68.8116104079469
72	WGN15	40.0000000000121	7.11714543176667	1122	26.6274433740448	54.1795900155171
73	WGN15	94.0393004587347	3.43956506996899	1122	85.6045578189889	98.9199245062686
74	WGN15	70.0000000000115	6.65747994437748	1122	56.3066299851565	82.0793032357883
75	WGN15	67.7525512860964	6.79064030157478	1122	53.8921220224296	80.1802903860255
77	WGN15	93.978621719671	3.45591228448639	1122	85.5146856090907	98.8933362148855
78	WGN15	100	8.89571940213079e-16	1122	97.982416526157	100
79	WGN15	95.000000000005	3.16626327941746	1122	87.0554993380788	99.3128504090073
80	WGN15	96.6630318022364	2.60919453103976	1122	89.7296972110136	99.8305039213087
81	WGN15	93.9786217196722	3.45591228448618	1122	85.5146856090921	98.8933362148861
82	WGN15	65.8113883008529	6.89114643244115	1122	51.8347467493316	78.5119980229995
83	WGN15	77.3861278752689	6.07741990278928	1122	64.5174898061763	88.0446139838099
84	WGN15	90.6003748701133	4.23955704827786	1122	80.7559199129926	97.1682440124376
85	WGN15	93.3135224943269	3.62886828679114	1122	84.5416475326901	98.5898515688186
86	WGN15	92.6975711163411	3.77979342248203	1122	83.6584174433305	98.2908882350432
87	WGN15	92.1161458040677	3.91505070056363	1122	82.8386472192308	97.9947307986487
88	WGN15	95.0000000000049	3.16626327941748	1122	87.0554993380787	99.3128504090073
89	WGN15	80.0000000000111	5.81112491100139	1122	67.5413331507149	90.0375666806906
90	WGN15	42.4121150358852	7.17977358621185	1122	28.8210013712719	56.6155963527004
91	WGN15	92.2611229450809	3.88193769933323	1122	83.0418684048719	98.0697637556824
92	WGN15	67.7296313616661	6.79190399817514	1122	53.867680921592	80.1607413524328
93	WGN15	82.5708022183413	5.51127612521039	1122	70.5887918521063	91.9242400931505
94	WGN15	87.6084148543892	4.7867039000982	1122	76.825623298094	95.3560817591733
95	WGN15	73.4596934288097	6.41472056799921	1122	60.0966083761381	84.9295028909424
96	WGN15	92.6975711163406	3.77979342248219	1122	83.6584174433297	98.290888235043
97	WGN15	85.3553390593357	5.1363572886137	1122	73.9866675532429	93.8707166534945
98	WGN15	89.331558077818	4.48490421839661	1122	79.0634036490088	96.4255244434897
99	WGN15	62.5167030581335	7.03261988682958	1122	48.3991690212512	75.6240973655305
100	WGN15	68.9029480883959	6.72479006098963	1122	55.123559290431	81.1568058595558
101	WGN15	34.6574283845976	6.91347661140262	1122	21.8946784348346	48.6583750918623
102	WGN15	80.2393401911703	5.78488346525524	1122	67.8218089748426	90.2164556863089
103	WGN15	98.9897948556662	1.45278122774878	1122	94.2009456546639	100
104	WGN15	100	8.89571940213094e-16	1122	97.9824165261568	100
106	WGN15	92.2611229450809	3.88193769933325	1122	83.0418684048718	98.0697637556824
107	WGN15	85.3553390593362	5.13635728861368	1122	73.9866675532434	93.8707166534949
108	WGN15	82.5708022183415	5.51127612521045	1122	70.5887918521063	91.9242400931507
109	WGN15	96.6630318022367	2.60919453103966	1122	89.729697211014	99.8305039213087
110	WGN15	97.3716556369885	2.32411508424107	1122	90.9615317401493	99.9587287521503
111	WGN15	92.8958040488984	3.73212116087386	1122	83.9409266238324	98.388846860108
112	WGN15	87.6084148543896	4.78670390009812	1122	76.8256232980946	95.3560817591736
113	WGN15	82.5708022183424	5.51127612521039	1122	70.5887918521073	91.9242400931515
114	WGN15	24.8308748461867	6.27647752197381	1122	13.6976295074199	37.9953526234137
115	WGN15	92.6975711163409	3.77979342248207	1122	83.6584174433303	98.2908882350431
116	WGN15	85.000000000009	5.18746658015463	1122	73.5467389641848	93.6286441724474
117	WGN15	92.1161458040669	3.91505070056373	1122	82.8386472192299	97.9947307986482
118	WGN15	87.6084148543906	4.78670390009797	1122	76.8256232980958	95.3560817591742
119	WGN15	99.7493718553322	0.726390613873514	1122	96.3358870499208	100
120	WGN15	95.0000000000054	3.16626327941738	1122	87.0554993380793	99.3128504090074
121	WGN15	70.1204006516846	6.64981860612082	1122	56.437001692163	82.1800160975259
122	WGN15	88.7381563638242	4.59261634114986	1122	78.2854571837092	96.064556980462
123	WGN15	91.5605519132679	4.03841962207986	1122	82.0666773901002	97.7003511282697
124	WGN15	90.6003748701137	4.23955704827782	1122	80.755919912993	97.1682440124378
125	WGN15	97.7442304278194	2.15721361365113	1122	91.6421299720271	99.9932120723043
126	WGN15	60.0000000000117	7.1171454317659	1122	45.8204099845073	73.3725566259766
127	WGN15	95.0000000000048	3.16626327941748	1122	87.0554993380786	99.3128504090072
128	WGN15	27.4646220721666	6.48428316761677	1122	15.8228683310198	40.9250560566766
129	WGN15	90.6003748701133	4.23955704827784	1122	80.7559199129926	97.1682440124376
130	WGN15	62.940952255138	7.01639453916092	1122	48.8377051264991	75.9998213275447
3	WGN26	75.1691251538219	6.2764775219731	1122	62.0046473765959	86.302370492587
4	WGN26	97.3716556369836	2.32411508424316	1122	90.9615317401406	99.9587287521497
5	WGN26	81.9648931957014	5.58564740576955	1122	69.8633778962717	91.4867348849346
6	WGN26	94.9999999999992	3.16626327941908	1122	87.0554993380702	99.312850409005
7	WGN26	77.5494935745735	6.06181633206676	1122	64.7044659758764	88.1711850553146
8	WGN26	87.6084148543809	4.7867039000996	1122	76.8256232980833	95.3560817591681
9	WGN26	99.7493718553308	0.726390613875525	1122	96.3358870499156	100
10	WGN26	86.6146875965843	4.94663933891169	1122	75.5624207133253	94.7120269360464
11	WGN26	94.7213595499953	3.24851758168619	1122	86.6288896045314	99.2046664572185
12	WGN26	97.3716556369833	2.32411508424324	1122	90.9615317401403	99.9587287521497
13	WGN26	77.5494935745735	6.0618163320667	1122	64.7044659758766	88.1711850553146
14	WGN26	97.7442304278154	2.15721361365303	1122	91.6421299720196	99.9932120723041
15	WGN26	94.5107258321833	3.30901114585849	1122	86.3096628898125	99.1196245806372
17	WGN26	62.51670305812	7.0326198868301	1122	48.3991690212372	75.6240973655186
18	WGN26	77.9615198335543	6.02186740314859	1122	65.177192144995	88.4892595093213
19	WGN26	94.4280812155974	4.71373158472124	1122	81.8651207701917	99.8654135716739
20	WGN26	92.6975711163341	3.77979342248372	1122	83.6584174433205	98.2908882350397
21	WGN26	92.697571116334	3.77979342248379	1122	83.6584174433202	98.2908882350398
22	WGN26	80.2393401911589	5.78488346525642	1122	67.8218089748294	90.2164556863003
23	WGN26	92.6975711163339	3.77979342248372	1122	83.6584174433204	98.2908882350396
24	WGN26	94.5927885652709	4.64758742217016	1122	82.1429118878031	99.8906204528626
25	WGN26	98.9999999999997	1.44549907047641	1122	94.2248344775615	100
26	WGN26	97.3716556369834	2.32411508424325	1122	90.9615317401402	99.9587287521497
27	WGN26	98.5422586969592	1.74121221533885	1122	93.213176175981	100
28	WGN26	87.6084148543806	4.78670390009969	1122	76.8256232980828	95.3560817591679
29	WGN26	62.9409522551252	7.01639453916138	1122	48.837705126486	75.9998213275334
30	WGN26	65.3425716154115	6.91347661140228	1122	51.3416249081471	78.1053215651735
31	WGN26	54.9999999999987	7.22749535238105	1122	40.8085730622723	68.7879102429559
32	WGN26	98.5422586969592	1.74121221533885	1122	93.213176175981	100
33	WGN26	71.1650674730853	9.30903750433949	1122	51.6936034014331	87.2419577712968
34	WGN26	84.999999999999	5.18746658015604	1122	73.5467389641725	93.6286441724406
35	WGN26	57.5878849641246	7.17977358621171	1122	43.3844036473094	71.1789986287373
36	WGN26	57.7523343892151	7.17606476576398	1122	43.5493961223962	71.3296333861376
38	WGN26	96.6630318022308	2.60919453104188	1122	89.7296972110041	99.8305039213074
39	WGN26	82.5708022183306	5.51127612521177	1122	70.5887918520933	91.9242400931429
40	WGN26	90.6003748701057	4.23955704827941	1122	80.7559199129822	97.1682440124332
41	WGN26	97.3716556369835	2.32411508424317	1122	90.9615317401405	99.9587287521497
42	WGN26	92.6975711163336	3.77979342248378	1122	83.6584174433199	98.2908882350394
43	WGN26	79.9999999999995	5.8111249110026	1122	67.5413331507014	90.0375666806818
44	WGN26	89.3315580778098	4.48490421839818	1122	79.0634036489979	96.4255244434849
45	WGN26	77.5494935745746	6.06181633206655	1122	64.7044659758779	88.1711850553152
46	WGN26	95.9999999999993	2.84685817270678	1122	88.6333938757659	99.6542525323552
47	WGN26	89.9999999999998	4.35834368325189	1122	79.9498456471802	96.8220207946652
48	WGN26	65.0831954163508	6.9255122111802	1122	51.0694186506824	77.8797079498262
49	WGN26	67.7296313616542	6.79190399817582	1122	53.8676809215792	80.1607413524226
50	WGN26	60.9637631717723	7.08712471293878	1122	46.8033923407752	74.239321707308
51	WGN26	93.3135224943199	3.6288682867929	1122	84.54164753268	98.5898515688153
52	WGN26	98.5422586969591	1.7412122153389	1122	93.2131761759808	100
53	WGN26	90.6003748701055	4.23955704827949	1122	80.7559199129819	97.1682440124332
54	WGN26	93.5089611968187	3.57918328271108	1122	84.8253711351123	98.681232815528
55	WGN26	93.9786217196658	3.45591228448788	1122	85.5146856090827	98.8933362148832
56	WGN26	79.9999999999992	5.81112491100257	1122	67.5413331507012	90.0375666806816
57	WGN26	89.9499834699198	4.36801530495256	1122	79.8831268045562	96.7927430781096
58	WGN26	94.039300458729	3.43956506997062	1122	85.6045578189801	98.9199245062662
59	WGN26	73.8847654041558	9.02685138867982	1122	54.7339920714531	89.2047643569124
60	WGN26	80.2393401911581	5.78488346525659	1122	67.8218089748283	90.2164556862998
61	WGN26	98.7339717240445	1.62425879084319	1122	93.623530391566	100
62	WGN26	89.9999999999991	4.35834368325197	1122	79.9498456471794	96.8220207946648
64	WGN26	100	1.81535622844911e-13	1122	97.9824165261532	100
65	WGN26	44.2133895060359	7.21509597012124	1122	30.481220774641	58.4125570255191
66	WGN26	92.6975711163338	3.77979342248386	1122	83.6584174433199	98.2908882350397
67	WGN26	92.6975711163338	3.77979342248377	1122	83.6584174433202	98.2908882350396
68	WGN26	72.535377927843	6.48428316761612	1122	59.0749439433339	84.1771316689881
69	WGN26	63.4168760482212	6.99750207654676	1122	49.3309931867445	76.4199722142766
70	WGN26	96.6630318022311	2.60919453104171	1122	89.7296972110048	99.8305039213074
71	WGN26	77.9615198335537	6.02186740314869	1122	65.1771921449942	88.4892595093209
73	WGN26	87.6084148543809	4.78670390009956	1122	76.8256232980834	95.356081759168
74	WGN26	89.9999999999993	4.35834368325205	1122	79.9498456471794	96.8220207946651
75	WGN26	19.9999999999985	5.81112491100241	1122	9.96243331931654	32.4586668492962
76	WGN26	94.5107258321833	3.30901114585845	1122	86.3096628898126	99.1196245806372
77	WGN26	97.0832090495549	2.44469640031094	1122	90.4513251133949	99.9153208067535
78	WGN26	75.1691251538225	6.27647752197307	1122	62.0046473765965	86.3023704925875
79	WGN26	90.7539204470453	5.95282873502327	1122	76.1197357162823	98.8517598677661
80	WGN26	89.9999999999993	4.35834368325198	1122	79.9498456471795	96.822020794665
81	WGN26	92.1161458040594	3.91505070056544	1122	82.8386472192194	97.9947307986443
82	WGN26	94.9999999999994	3.16626327941912	1122	87.0554993380702	99.3128504090052
83	WGN26	96.0609040895828	2.82599788152293	1122	88.7322179344032	99.6723214894997
85	WGN26	98.9999999999999	1.44549907047631	1122	94.2248344775618	100
86	WGN26	23.9011092455891	8.76415539198137	1122	9.260244948448	42.7278619261939
87	WGN26	84.9999999999988	5.18746658015609	1122	73.5467389641722	93.6286441724404
88	WGN26	82.5708022183313	5.51127612521169	1122	70.5887918520941	91.9242400931434
89	WGN26	98.9999999999997	1.44549907047643	1122	94.2248344775614	100
90	WGN26	98.9999999999996	1.44549907047645	1122	94.2248344775613	100
91	WGN26	89.9499834699195	4.36801530495275	1122	79.8831268045554	96.7927430781096
92	WGN26	77.5494935745742	6.06181633206654	1122	64.7044659758776	88.1711850553149
93	WGN26	73.4596934287972	6.41472056800013	1122	60.0966083761244	84.9295028909322
94	WGN26	100	1.17019176093234e-13	1122	97.9824165261533	100
95	WGN26	57.5878849641257	7.17977358621168	1122	43.3844036473105	71.1789986287383
96	WGN26	98.5422586969593	1.74121221533878	1122	93.2131761759813	100
97	WGN26	57.5878849641259	7.17977358621167	1122	43.3844036473107	71.1789986287384
98	WGN26	99.7493718553309	0.726390613875494	1122	96.3358870499156	100
99	WGN26	82.570802218331	5.5112761252118	1122	70.5887918520936	91.9242400931433
100	WGN26	99.9836561585663	0.262695996698559	1122	95.4737471230044	100
101	WGN26	92.6975711163338	3.77979342248378	1122	83.6584174433201	98.2908882350396
102	WGN26	94.9999999999994	3.16626327941918	1122	87.05549933807	99.3128504090052
103	WGN26	95.6152593375721	2.97464935242491	1122	88.0168232603544	99.5323916790016
104	WGN26	90.6003748701055	4.23955704827941	1122	80.7559199129821	97.1682440124331
105	WGN26	60.0525170247679	7.11558379056076	1122	45.8738306001389	73.4199317606077
106	WGN26	28.803395228822	6.57887603332967	1122	16.9245241219528	42.3929031152105
108	WGN26	37.346988955895	7.02746983107982	1122	24.2550634428302	51.4600547080391
109	WGN26	80.2393401911588	5.78488346525645	1122	67.8218089748292	90.2164556863003
111	WGN26	80.5024292501863	5.75565779449439	1122	68.1308516793925	90.4123589342862
112	WGN26	79.9999999999989	5.81112491100265	1122	67.5413331507008	90.0375666806814
113	WGN26	100	2.07342201545583e-13	1122	97.9824165261532	100
115	WGN26	72.5353779278432	6.48428316761606	1122	59.0749439433342	84.1771316689882
116	WGN26	99.7493718553308	0.726390613875528	1122	96.3358870499156	100
117	WGN26	94.4280812155979	4.71373158472085	1122	81.8651207701932	99.8654135716739
118	WGN26	99.7493718553308	0.72639061387553	1122	96.3358870499155	100
119	WGN26	93.3135224943199	3.62886828679295	1122	84.5416475326798	98.5898515688153
120	WGN26	97.3716556369835	2.32411508424318	1122	90.9615317401405	99.9587287521497
121	WGN26	84.999999999999	5.18746658015603	1122	73.5467389641725	93.6286441724405
122	WGN26	87.6084148543806	4.78670390009964	1122	76.8256232980829	95.3560817591679
123	WGN26	91.0251167093089	4.15236236850968	1122	81.3322982833427	97.4070712358621
124	WGN26	100	1.25832473476917e-15	1122	96.4769024307172	100
125	WGN26	98.1314235093984	1.96725070264109	1122	92.3813947565857	100
126	WGN26	84.0756520422498	7.51930721196383	1122	66.9860665963118	95.6999908083647
127	WGN26	84.9999999999985	5.18746658015613	1122	73.5467389641718	93.6286441724402
128	WGN26	94.0393004587291	3.43956506997053	1122	85.6045578189804	98.9199245062662
129	WGN26	95.4839642900208	4.26732560935995	1122	83.6886732203563	99.9842787437423
130	WGN26	94.999999999998	3.16626327941966	1122	87.0554993380677	99.3128504090047
1	WGN36	71.1650674730852	9.30903750433938	1122	51.6936034014333	87.2419577712966
2	WGN36	92.1161458040592	3.91505070056548	1122	82.8386472192191	97.9947307986442
4	WGN36	88.5889894354053	4.61904450716975	1122	78.0911545615442	95.9725640149742
5	WGN36	94.5107258321829	3.30901114585858	1122	86.3096628898119	99.119624580637
6	WGN36	95.6152593375717	2.974649352425	1122	88.0168232603538	99.5323916790014
7	WGN36	99.2442890089805	1.25814544937323	1122	94.8219110194599	100
8	WGN36	94.5107258321833	3.30901114585848	1122	86.3096628898125	99.1196245806372
9	WGN36	85.9014665797405	7.15153281658623	1122	69.3676725946377	96.6771793758926
10	WGN36	94.5107258321841	3.30901114585832	1122	86.3096628898134	99.1196245806375
11	WGN36	94.999999999999	3.16626327941925	1122	87.0554993380696	99.312850409005
12	WGN36	95.5424998698206	4.24087879066438	1122	83.7930108036163	99.9876240512158
13	WGN36	84.9999999999984	5.18746658015608	1122	73.5467389641719	93.6286441724401
14	WGN36	52.5286833144135	7.25461076043302	1122	38.3844930645138	66.468800377683
15	WGN36	97.9999999999995	2.03389371885113	1122	92.1262789973599	100
16	WGN36	99.7493718553308	0.726390613875581	1122	96.3358870499154	100
17	WGN36	92.6975711163338	3.77979342248383	1122	83.65841744332	98.2908882350397
18	WGN36	97.4341649025247	2.29704881081428	1122	91.0739086128516	99.9663257040764
19	WGN36	96.6630318022308	2.60919453104185	1122	89.7296972110042	99.8305039213073
20	WGN36	93.9786217196656	3.45591228448793	1122	85.5146856090824	98.8933362148832
21	WGN36	79.9999999999981	5.81112491100269	1122	67.5413331507	90.0375666806808
22	WGN36	91.2933758163359	4.0958566845737	1122	81.6991060946829	97.5551322329343
23	WGN36	89.9999999999989	4.35834368325209	1122	79.9498456471789	96.8220207946647
24	WGN36	97.3716556369832	2.32411508424331	1122	90.96153174014	99.9587287521497
26	WGN36	89.9999999999991	4.35834368325208	1122	79.9498456471791	96.8220207946649
27	WGN36	89.9999999999985	4.35834368325214	1122	79.9498456471784	96.8220207946645
28	WGN36	91.2933758163372	4.09585668457357	1122	81.6991060946843	97.5551322329352
30	WGN36	96.6630318022304	2.60919453104197	1122	89.7296972110036	99.8305039213073
31	WGN36	67.7296313616534	6.79190399817596	1122	53.8676809215782	80.1607413524221
32	WGN36	95.4763098818759	3.01921788684066	1122	87.7972129990228	99.4853167139614
33	WGN36	99.4974746830578	1.02727145772351	1122	95.5117640346778	100
34	WGN36	91.5605519132591	4.0384196220817	1122	82.0666773900882	97.7003511282648
35	WGN36	75.169125153822	6.27647752197317	1122	62.0046473765958	86.3023704925871
36	WGN36	92.6975711163333	3.77979342248388	1122	83.6584174433195	98.2908882350393
37	WGN36	98.9999999999997	1.44549907047642	1122	94.2248344775614	100
38	WGN36	61.2492296713594	10.0115740316539	1122	41.2315592174351	79.462684756617
39	WGN36	83.1734976624654	5.43487584011861	1122	71.3150492799551	92.3547340188368
40	WGN36	97.3716556369836	2.3241150842432	1122	90.9615317401405	99.9587287521497
41	WGN36	97.5246140987518	2.25724550165523	1122	91.2377520263675	99.9760811308735
42	WGN36	89.9499834699189	4.36801530495277	1122	79.8831268045549	96.7927430781091
43	WGN36	96.3037075993868	2.74097379071775	1122	89.1297980600802	99.7407533294798
44	WGN36	92.697571116334	3.77979342248376	1122	83.6584174433203	98.2908882350397
45	WGN36	37.483296941877	7.03261988682984	1122	24.375902634479	51.6008309787594
46	WGN36	90.7539204470449	5.95282873502327	1122	76.119735716282	98.8517598677659
47	WGN36	89.9999999999993	4.35834368325203	1122	79.9498456471794	96.822020794665
48	WGN36	92.6975711163347	3.77979342248361	1122	83.6584174433212	98.2908882350401
49	WGN36	92.2611229450729	3.88193769933506	1122	83.0418684048607	98.0697637556783
51	WGN36	98.9999999999996	1.44549907047645	1122	94.2248344775613	100
52	WGN36	94.9999999999993	3.16626327941919	1122	87.05549933807	99.3128504090051
53	WGN36	94.9999999999991	3.16626327941924	1122	87.0554993380697	99.312850409005
54	WGN36	91.5605519132588	4.03841962208171	1122	82.066677390088	97.7003511282646
55	WGN36	97.3716556369829	2.3241150842434	1122	90.9615317401396	99.9587287521496
56	WGN36	95.1981846701228	3.10611320401111	1122	87.362114481995	99.3866104407187
57	WGN36	96.6630318022312	2.60919453104172	1122	89.7296972110048	99.8305039213075
58	WGN36	74.9999999999983	6.29072724686612	1122	61.814764684056	86.1676518420942
59	WGN36	75.618018964159	6.2380286030758	1122	62.5098499837404	86.6587282767867
60	WGN36	94.9999999999995	3.16626327941916	1122	87.0554993380702	99.3128504090052
62	WGN36	94.7213595499953	3.24851758168616	1122	86.6288896045316	99.2046664572185
64	WGN36	97.083209049555	2.44469640031092	1122	90.451325113395	99.9153208067535
65	WGN36	94.9999999999989	3.16626327941927	1122	87.0554993380694	99.3128504090049
66	WGN36	96.663031802231	2.60919453104177	1122	89.7296972110045	99.8305039213074
68	WGN36	82.5708022183309	5.51127612521173	1122	70.5887918520937	91.9242400931431
69	WGN36	92.116145804059	3.91505070056547	1122	82.838647219219	97.994730798644
70	WGN36	96.663031802231	2.60919453104179	1122	89.7296972110044	99.8305039213074
71	WGN36	98.542258696959	1.74121221533894	1122	93.2131761759806	100
72	WGN36	72.5353779278431	6.48428316761603	1122	59.0749439433342	84.1771316689881
74	WGN36	79.9999999999987	5.81112491100269	1122	67.5413331507005	90.0375666806812
75	WGN36	87.6084148543805	4.78670390009958	1122	76.825623298083	95.3560817591677
76	WGN36	73.0655530542052	6.4448169780777	1122	59.6601170768561	84.6095218852625
77	WGN36	87.6084148543808	4.78670390009959	1122	76.8256232980832	95.356081759168
78	WGN36	90.5058928967417	4.25858883793627	1122	80.6284121743196	97.1144128150894
79	WGN36	82.5708022183301	5.5112761252118	1122	70.5887918520928	91.9242400931425
80	WGN36	79.9999999999986	5.81112491100269	1122	67.5413331507004	90.0375666806812
81	WGN36	99.7493718553309	0.726390613875433	1122	96.3358870499158	100
82	WGN36	92.6975711163336	3.77979342248381	1122	83.6584174433199	98.2908882350395
83	WGN36	93.5817059099116	3.5604550291724	1122	84.931431218335	98.7147914172533
84	WGN36	96.6630318022309	2.60919453104181	1122	89.7296972110044	99.8305039213074
85	WGN36	72.5353779278432	6.48428316761607	1122	59.0749439433341	84.1771316689882
86	WGN36	80.2393401911584	5.78488346525652	1122	67.8218089748287	90.2164556863
87	WGN36	70.1204006516719	6.64981860612168	1122	56.4370016921492	82.1800160975153
88	WGN36	92.1161458040592	3.91505070056547	1122	82.8386472192191	97.9947307986441
89	WGN36	89.9999999999988	4.35834368325215	1122	79.9498456471787	96.8220207946648
90	WGN36	92.6975711163337	3.77979342248381	1122	83.6584174433199	98.2908882350395
92	WGN36	94.0393004587287	3.43956506997063	1122	85.6045578189799	98.919924506266
93	WGN36	65.0831954163488	6.92551221118032	1122	51.0694186506803	77.8797079498245
94	WGN36	94.9999999999991	3.16626327941926	1122	87.0554993380696	99.312850409005
95	WGN36	99.7493718553308	0.726390613875544	1122	96.3358870499155	100
96	WGN36	77.5494935745735	6.06181633206666	1122	64.7044659758766	88.1711850553144
97	WGN36	95.8628072460627	2.8931980817648	1122	88.4120407260726	99.6122920874984
98	WGN36	90.6003748701053	4.23955704827945	1122	80.7559199129818	97.168244012433
99	WGN36	99.4974746830581	1.02727145772323	1122	95.5117640346786	100
100	WGN36	96.5173015196897	2.66354932219133	1122	89.4846372878676	99.7958641997495
102	WGN36	82.5708022183309	5.51127612521173	1122	70.5887918520937	91.9242400931431
104	WGN36	97.7442304278152	2.15721361365311	1122	91.6421299720192	99.9932120723041
105	WGN36	87.6084148543805	4.78670390009962	1122	76.8256232980829	95.3560817591678
106	WGN36	57.5878849641247	7.17977358621174	1122	43.3844036473094	71.1789986287374
107	WGN36	82.5708022183308	5.51127612521175	1122	70.5887918520936	91.924240093143
108	WGN36	85.9014665797407	7.15153281658614	1122	69.367672594638	96.6771793758927
109	WGN36	97.7442304278152	2.15721361365309	1122	91.6421299720193	99.9932120723041
110	WGN36	92.6975711163335	3.77979342248386	1122	83.6584174433197	98.2908882350395
112	WGN36	37.4832969418762	7.03261988682987	1122	24.3759026344782	51.6008309787587
114	WGN36	85.3553390593261	5.13635728861512	1122	73.9866675532309	93.8707166534879
116	WGN36	85.3553390593261	5.13635728861513	1122	73.9866675532309	93.870716653488
117	WGN36	74.9999999999984	6.2907272468661	1122	61.8147646840562	86.1676518420943
118	WGN36	99.4974746830581	1.02727145772325	1122	95.5117640346785	100
119	WGN36	94.5107258321832	3.3090111458585	1122	86.3096628898123	99.1196245806371
120	WGN36	94.5982959330054	3.2840311649689	1122	86.4420510863055	99.1553093862596
121	WGN36	94.721359549995	3.24851758168624	1122	86.6288896045311	99.2046664572184
122	WGN36	84.9999999999987	5.18746658015604	1122	73.5467389641722	93.6286441724403
123	WGN36	87.6084148543806	4.7867039000996	1122	76.825623298083	95.3560817591678
124	WGN36	77.5494935745738	6.06181633206661	1122	64.7044659758771	88.1711850553147
125	WGN36	99.7493718553308	0.726390613875572	1122	96.3358870499154	100
126	WGN36	77.9615198335541	6.02186740314855	1122	65.1771921449949	88.4892595093211
127	WGN36	98.1314235093983	1.96725070264117	1122	92.3813947565855	100
128	WGN36	79.9999999999985	5.81112491100268	1122	67.5413331507004	90.0375666806811
129	WGN36	87.6084148543806	4.78670390009962	1122	76.825623298083	95.3560817591679
130	WGN36	98.9999999999996	1.44549907047649	1122	94.2248344775612	100
1	WGN38	92.6975711163341	3.77979342248353	1122	83.658417443321	98.2908882350396
2	WGN38	94.9999999999987	3.16626327941934	1122	87.0554993380691	99.3128504090049
3	WGN38	85.3553390593256	5.13635728861518	1122	73.9866675532303	93.8707166534876
4	WGN38	99.7493718553307	0.726390613875782	1122	96.3358870499149	100
5	WGN38	95.5132775677524	3.00743808460701	1122	87.8554901718384	99.4979914972149
6	WGN38	85.9014665797401	7.15153281658618	1122	69.3676725946375	96.6771793758923
7	WGN38	60.0525170247665	7.11558379056078	1122	45.8738306001375	73.4199317606064
8	WGN38	96.6630318022306	2.60919453104193	1122	89.7296972110038	99.8305039213073
10	WGN38	55.0254481002576	7.22712282948144	1122	40.8337153511528	68.8116104079323
11	WGN38	70.4988805276439	6.62537672963857	1122	56.8475194042348	82.4959135476558
12	WGN38	70.4988805276437	6.6253767296386	1122	56.8475194042346	82.4959135476557
13	WGN38	99.4974746830579	1.02727145772339	1122	95.5117640346781	100
14	WGN38	92.1161458040588	3.91505070056559	1122	82.8386472192185	97.994730798644
16	WGN38	37.4832969418759	7.03261988682985	1122	24.375902634478	51.6008309787584
18	WGN38	44.7556903249478	7.22384011302959	1122	30.9847135315684	58.949900419612
19	WGN38	97.009060701048	2.47462940266735	1122	90.3222299226322	99.9021033198048
20	WGN38	65.0831954163486	6.92551221118026	1122	51.0694186506802	77.8797079498242
21	WGN38	97.3716556369831	2.32411508424337	1122	90.9615317401397	99.9587287521496
22	WGN38	69.9999999999971	6.65747994437837	1122	56.306629985141	82.0793032357763
23	WGN38	34.1886116991552	6.89114643244161	1122	21.4880019770075	48.1652532506772
24	WGN38	77.5494935745732	6.06181633206665	1122	64.7044659758764	88.1711850553141
26	WGN38	39.7845178155365	7.11068357576148	1122	26.4331639389035	53.9602952134794
27	WGN38	92.1161458040587	3.91505070056561	1122	82.8386472192184	97.9947307986439
28	WGN38	80.2393401911573	5.7848834652567	1122	67.8218089748273	90.2164556862993
29	WGN38	75.1691251538209	6.27647752197322	1122	62.0046473765947	86.3023704925862
30	WGN38	87.60841485438	4.78670390009968	1122	76.8256232980823	95.3560817591674
32	WGN38	95.9999999999989	2.84685817270687	1122	88.6333938757654	99.6542525323551
33	WGN38	90.6003748701048	4.23955704827957	1122	80.7559199129811	97.1682440124327
34	WGN38	81.012854388728	8.05969644515698	1122	63.1370931540399	93.9145978329514
35	WGN38	63.4168760482209	6.99750207654669	1122	49.3309931867443	76.4199722142761
36	WGN38	70.1204006516714	6.64981860612172	1122	56.4370016921486	82.1800160975149
37	WGN38	44.755690324948	7.22384011302961	1122	30.9847135315685	58.9499004196122
38	WGN38	89.9999999999985	4.35834368325218	1122	79.9498456471783	96.8220207946645
39	WGN38	39.947482975227	7.11558379056064	1122	26.5800682393877	54.1261693998561
40	WGN38	49.999999999997	7.26390613875324	1122	35.9398540437594	64.0601459562348
41	WGN38	42.2476656107832	7.17606476576413	1122	28.6703666138605	56.4506038776025
42	WGN38	98.9999999999995	1.44549907047659	1122	94.2248344775609	100
43	WGN38	91.2926689447229	5.79391817880584	1122	76.9186957388329	99.043889295543
45	WGN38	80.2393401911575	5.78488346525661	1122	67.8218089748277	90.2164556862993
46	WGN38	94.9999999999987	3.16626327941936	1122	87.0554993380691	99.3128504090049
47	WGN38	97.3716556369832	2.32411508424335	1122	90.9615317401398	99.9587287521497
48	WGN38	72.5353779278416	6.48428316761622	1122	59.0749439433323	84.177131668987
49	WGN38	91.2933758163357	4.09585668457383	1122	81.6991060946824	97.5551322329343
50	WGN38	62.5167030581192	7.03261988683009	1122	48.3991690212365	75.6240973655178
51	WGN38	89.9999999999985	4.3583436832522	1122	79.9498456471783	96.8220207946646
52	WGN38	94.9999999999988	3.16626327941935	1122	87.0554993380691	99.3128504090049
53	WGN38	98.9999999999995	1.44549907047661	1122	94.2248344775608	100
54	WGN38	97.0832090495546	2.44469640031111	1122	90.4513251133942	99.9153208067534
55	WGN38	97.5246140987519	2.25724550165524	1122	91.2377520263675	99.9760811308736
56	WGN38	70.1204006516707	6.64981860612175	1122	56.4370016921478	82.1800160975143
59	WGN38	92.6975711163332	3.77979342248394	1122	83.6584174433192	98.2908882350393
61	WGN38	97.3716556369832	2.32411508424334	1122	90.9615317401399	99.9587287521497
63	WGN38	96.0609040895821	2.82599788152317	1122	88.7322179344021	99.6723214894996
64	WGN38	98.9999999999995	1.44549907047662	1122	94.2248344775608	100
65	WGN38	97.0832090495545	2.44469640031113	1122	90.4513251133941	99.9153208067534
66	WGN38	97.5246140987519	2.25724550165525	1122	91.2377520263675	99.9760811308735
67	WGN38	93.9999999999986	3.45016425518795	1122	85.5463272278912	98.9027258581365
68	WGN38	9.3996251298917	4.23955704827888	1122	2.83175598756525	19.2440800870142
69	WGN38	98.5422586969588	1.74121221533906	1122	93.2131761759803	100
70	WGN38	79.9999999999978	5.81112491100279	1122	67.5413331506994	90.0375666806806
72	WGN38	65.0831954163478	6.92551221118037	1122	51.0694186506792	77.8797079498236
73	WGN38	94.9999999999987	3.16626327941935	1122	87.0554993380691	99.3128504090049
74	WGN38	82.57080221833	5.51127612521187	1122	70.5887918520926	91.9242400931425
76	WGN38	88.588989435405	4.61904450716991	1122	78.0911545615436	95.9725640149741
77	WGN38	77.5494935745729	6.06181633206672	1122	64.704465975876	88.171185055314
78	WGN38	99.7493718553307	0.726390613875698	1122	96.3358870499151	100
80	WGN38	12.3915851456161	4.78670390009907	1122	4.64391824083006	23.1743767019128
81	WGN38	97.0832090495545	2.44469640031113	1122	90.4513251133941	99.9153208067534
82	WGN38	91.8330013267022	3.97860524779569	1122	82.4439107818922	97.8460289859863
83	WGN38	97.744230427815	2.15721361365321	1122	91.6421299720188	99.9932120723041
84	WGN38	91.0251167093081	4.15236236850982	1122	81.3322982833417	97.4070712358617
85	WGN38	100	4.29923942838873e-13	1122	97.9824165261528	100
86	WGN38	44.974551899737	7.22712282948134	1122	31.1883895920628	59.1662846488418
87	WGN38	87.60841485438	4.7867039000997	1122	76.8256232980823	95.3560817591674
88	WGN38	97.5246140987519	2.25724550165525	1122	91.2377520263675	99.9760811308736
89	WGN38	85.3553390593254	5.13635728861523	1122	73.98666755323	93.8707166534875
90	WGN38	95.8628072460624	2.89319808176493	1122	88.412040726072	99.6122920874984
91	WGN38	39.9474829752281	7.11558379056064	1122	26.5800682393887	54.1261693998571
92	WGN38	87.60841485438	4.78670390009971	1122	76.8256232980822	95.3560817591674
93	WGN38	98.5422586969588	1.74121221533908	1122	93.2131761759802	100
94	WGN38	87.60841485438	4.78670390009971	1122	76.8256232980822	95.3560817591674
95	WGN38	82.5708022183301	5.51127612521184	1122	70.5887918520927	91.9242400931425
96	WGN38	94.7213595499945	3.24851758168639	1122	86.6288896045303	99.2046664572182
97	WGN38	49.9999999999973	7.26390613875316	1122	35.9398540437599	64.060145956235
98	WGN38	75.1691251538211	6.27647752197316	1122	62.004647376595	86.3023704925864
99	WGN38	84.999999999998	5.18746658015616	1122	73.5467389641714	93.6286441724398
100	WGN38	94.5107258321827	3.30901114585863	1122	86.3096628898116	99.1196245806369
101	WGN38	27.4646220721529	6.4842831676158	1122	15.8228683310086	40.9250560566616
102	WGN38	70.1204006516706	6.64981860612177	1122	56.4370016921477	82.1800160975143
103	WGN38	77.549493574573	6.06181633206671	1122	64.7044659758761	88.1711850553141
104	WGN38	97.7442304278149	2.15721361365323	1122	91.6421299720188	99.9932120723041
106	WGN38	99.2383666710309	1.7865889831661	1122	91.8785849390658	100
107	WGN38	93.9786217196651	3.45591228448806	1122	85.5146856090817	98.893336214883
108	WGN38	58.7442327920615	10.116652430333	1122	38.7268140925801	77.3592017548465
109	WGN38	98.7295993997579	2.30147313669476	1122	90.4275249590317	100
110	WGN38	92.9999999999985	3.70672795805679	1122	84.0900696295027	98.4396867954786
111	WGN38	55.0254481002577	7.22712282948141	1122	40.833715351153	68.8116104079323
112	WGN38	100	1.25832473476917e-15	1122	96.4769024307167	100
113	WGN38	95.5132775677523	3.00743808460698	1122	87.8554901718384	99.4979914972148
114	WGN38	70.1204006516708	6.64981860612173	1122	56.4370016921481	82.1800160975144
115	WGN38	55.0254481002575	7.22712282948143	1122	40.8337153511528	68.8116104079322
1	WGN39	82.5708022183327	5.51127612521147	1122	70.5887918520959	91.9242400931443
2	WGN39	67.7296313616539	6.79190399817592	1122	53.8676809215787	80.1607413524225
3	WGN39	96.0609040895828	2.82599788152294	1122	88.7322179344032	99.6723214894998
4	WGN39	87.6084148543807	4.78670390009943	1122	76.8256232980836	95.3560817591677
5	WGN39	82.5708022183313	5.51127612521169	1122	70.5887918520942	91.9242400931434
6	WGN39	80.2393401911589	5.78488346525655	1122	67.8218089748291	90.2164556863005
7	WGN39	82.5708022183314	5.51127612521177	1122	70.5887918520941	91.9242400931436
8	WGN39	61.6592852905928	7.06365638773316	1122	47.5162746887424	74.8613526396768
9	WGN39	75.1691251538226	6.27647752197292	1122	62.0046473765969	86.3023704925873
10	WGN39	75.1691251538224	6.27647752197307	1122	62.0046473765964	86.3023704925874
11	WGN39	82.5708022183317	5.51127612521172	1122	70.5887918520944	91.9242400931438
12	WGN39	64.1547594742251	6.96675293809751	1122	50.0986203640781	77.0685622327134
13	WGN39	96.6630318022314	2.60919453104168	1122	89.729697211005	99.8305039213075
14	WGN39	97.7442304278151	2.1572136136531	1122	91.6421299720192	99.9932120723041
15	WGN39	79.9999999999989	5.81112491100266	1122	67.5413331507008	90.0375666806814
16	WGN39	49.9999999999982	7.26390613875319	1122	35.9398540437607	64.0601459562359
17	WGN39	80.6781043644871	5.73591792117145	1122	68.337646859547	90.5427364144384
18	WGN39	88.738156363816	4.59261634115133	1122	78.2854571836985	96.064556980457
19	WGN39	82.5708022183316	5.51127612521159	1122	70.5887918520947	91.9242400931435
20	WGN39	96.0609040895829	2.8259978815229	1122	88.7322179344033	99.6723214894998
21	WGN39	19.9999999999989	5.81112491100242	1122	9.9624333193169	32.4586668492966
22	WGN39	52.5031387529884	7.25479773152189	1122	38.3596173642223	66.4446484865236
24	WGN39	85.3553390593267	5.13635728861515	1122	73.9866675532314	93.8707166534885
25	WGN39	91.5605519132596	4.03841962208158	1122	82.066677390089	97.7003511282651
26	WGN39	89.94998346992	4.36801530495263	1122	79.8831268045562	96.7927430781099
27	WGN39	93.581705909912	3.56045502917228	1122	84.9314312183356	98.7147914172534
28	WGN39	79.9999999999987	5.81112491100273	1122	67.5413331507005	90.0375666806814
29	WGN39	55.0254481002601	7.2271228294813	1122	40.8337153511555	68.8116104079344
30	WGN39	42.4903902029051	7.18151033122815	1122	28.8927563300715	56.6940746606048
31	WGN39	82.5708022183314	5.51127612521155	1122	70.5887918520946	91.9242400931433
32	WGN39	39.78451781554	7.11068357576142	1122	26.433163938907	53.9602952134826
34	WGN39	77.5494935745725	6.06181633206674	1122	64.7044659758755	88.1711850553136
35	WGN39	72.8267561993157	6.46273644235456	1122	59.3962708398631	84.4150461159979
36	WGN39	30	6.65747994437809	1122	17.9206967642214	43.6933700148556
37	WGN39	82.5708022183311	5.51127612521172	1122	70.588791852094	91.9242400931433
38	WGN39	95.5424998698203	4.24087879066447	1122	83.793010803616	99.9876240512157
39	WGN39	77.5494935745741	6.06181633206669	1122	64.7044659758771	88.171185055315
40	WGN39	77.5494935745741	6.06181633206656	1122	64.7044659758774	88.1711850553148
41	WGN39	85.3553390593277	5.1363572886149	1122	73.9866675532328	93.8707166534891
42	WGN39	80.2393401911579	5.78488346525663	1122	67.821808974828	90.2164556862997
43	WGN39	93.9786217196656	3.45591228448794	1122	85.5146856090824	98.8933362148832
44	WGN39	52.5286833144147	7.2546107604329	1122	38.3844930645153	66.468800377684
45	WGN39	79.9999999999985	5.81112491100275	1122	67.5413331507001	90.0375666806812
46	WGN39	65.083195416349	6.92551221118025	1122	51.0694186506806	77.8797079498246
47	WGN39	79.9999999999994	5.81112491100253	1122	67.5413331507015	90.0375666806816
48	WGN39	15.3499582812055	5.23681711598857	1122	6.61166893270428	26.8846216913039
49	WGN39	92.6975711163341	3.77979342248372	1122	83.6584174433205	98.2908882350398
50	WGN39	85.3553390593261	5.13635728861511	1122	73.9866675532309	93.870716653488
51	WGN39	82.5708022183309	5.51127612521165	1122	70.5887918520939	91.924240093143
52	WGN39	19.3218956355104	5.73591792117129	1122	9.45726358555969	31.6623531404504
53	WGN39	42.2476656107847	7.1760647657641	1122	28.670366613862	56.4506038776039
54	WGN39	29.5011194723532	6.62537672963829	1122	17.5040864523419	43.1524805957618
55	WGN39	55.2443096750486	7.22384011302962	1122	41.0500995803845	69.0152864684282
56	WGN39	94.0393004587289	3.43956506997054	1122	85.6045578189803	98.9199245062661
57	WGN39	92.1161458040595	3.91505070056536	1122	82.8386472192197	97.9947307986443
58	WGN39	84.9999999999994	5.18746658015602	1122	73.5467389641729	93.6286441724408
59	WGN39	58.0212111442211	7.16982518334282	1122	43.8195006981986	71.5755830684511
60	WGN39	70.120400651673	6.64981860612162	1122	56.4370016921503	82.1800160975162
61	WGN39	67.7296313616551	6.79190399817574	1122	53.8676809215802	80.1607413524233
62	WGN39	70.1204006516719	6.64981860612169	1122	56.4370016921492	82.1800160975153
63	WGN39	82.5708022183313	5.51127612521161	1122	70.5887918520944	91.9242400931433
64	WGN39	70.4988805276456	6.62537672963844	1122	56.8475194042367	82.4959135476572
65	WGN39	81.9599379853345	5.58624582473461	1122	69.8574643265203	91.483137935974
66	WGN39	80.2393401911588	5.78488346525649	1122	67.8218089748292	90.2164556863003
67	WGN39	79.9999999999989	5.81112491100268	1122	67.5413331507007	90.0375666806814
68	WGN39	79.9999999999991	5.81112491100262	1122	67.541333150701	90.0375666806815
69	WGN39	94.9999999999994	3.16626327941916	1122	87.0554993380701	99.3128504090052
70	WGN39	91.025116709309	4.15236236850965	1122	81.3322982833429	97.4070712358621
71	WGN39	24.8308748461762	6.27647752197293	1122	13.6976295074115	37.995352623402
72	WGN39	68.1662479035527	6.76750880071235	1122	54.3338990353226	80.5325199097026
73	WGN39	82.5708022183315	5.51127612521166	1122	70.5887918520944	91.9242400931435
74	WGN39	72.5353779278435	6.48428316761604	1122	59.0749439433345	84.1771316689885
75	WGN39	87.6084148543811	4.78670390009953	1122	76.8256232980836	95.3560817591681
76	WGN39	87.608414854381	4.78670390009953	1122	76.8256232980836	95.3560817591681
77	WGN39	85.3553390593265	5.13635728861509	1122	73.9866675532313	93.8707166534883
78	WGN39	82.5708022183313	5.51127612521168	1122	70.5887918520942	91.9242400931434
79	WGN39	87.6084148543809	4.78670390009958	1122	76.8256232980834	95.356081759168
80	WGN39	91.5605519132596	4.03841962208157	1122	82.066677390089	97.7003511282651
81	WGN39	94.9999999999994	3.16626327941914	1122	87.0554993380702	99.3128504090052
82	WGN39	75.1691251538224	6.27647752197306	1122	62.0046473765965	86.3023704925874
83	WGN39	67.5249921620593	6.80310420067645	1122	53.6496199441025	79.9860389973978
84	WGN39	75.1691251538226	6.27647752197304	1122	62.0046473765967	86.3023704925876
85	WGN39	57.5096097970929	7.18151033122813	1122	43.3059253393933	71.1072436699265
86	WGN39	89.9499834699199	4.36801530495263	1122	79.883126804556	96.7927430781097
87	WGN39	60.0525170247677	7.11558379056079	1122	45.8738306001386	73.4199317606075
88	WGN39	87.608414854381	4.78670390009951	1122	76.8256232980836	95.356081759168
89	WGN39	83.1734976624656	5.43487584011864	1122	71.3150492799552	92.354734018837
90	WGN39	68.166247903553	6.76750880071226	1122	54.333899035323	80.5325199097027
91	WGN39	92.697571116334	3.77979342248375	1122	83.6584174433204	98.2908882350397
92	WGN39	95.2751511463077	3.082364560369	1122	87.4819435295241	99.4145028939438
93	WGN39	78.88850288501	5.92879716645526	1122	66.2469182887284	89.1986888410933
94	WGN39	23.2576538582513	6.13763004119337	1122	12.4566462668745	36.2168580747269
95	WGN39	90.6003748701056	4.23955704827939	1122	80.7559199129822	97.1682440124332
96	WGN39	89.9999999999993	4.35834368325202	1122	79.9498456471794	96.822020794665
97	WGN39	88.588989435406	4.61904450716975	1122	78.0911545615448	95.9725640149747
98	WGN39	75.7087326309056	6.23014700962313	1122	62.6121589551	86.7305257431252
99	WGN39	82.5708022183313	5.51127612521167	1122	70.5887918520942	91.9242400931434
100	WGN39	84.9999999999991	5.18746658015601	1122	73.5467389641727	93.6286441724406
101	WGN39	82.5708022183313	5.51127612521166	1122	70.5887918520942	91.9242400931433
102	WGN39	31.8337520964449	6.76750880071217	1122	19.4674800902954	45.6661009646748
104	WGN39	92.046889212357	3.93073072507065	1122	82.7418347122148	97.9586193604391
105	WGN39	47.471316685583	7.25461076043291	1122	33.5311996223137	61.6155069354825
106	WGN39	97.5246140987525	2.25724550165501	1122	91.2377520263684	99.9760811308736
107	WGN39	65.3425716154131	6.91347661140208	1122	51.341624908149	78.1053215651747
108	WGN39	72.3606797749968	6.49703516337212	1122	58.8826121627501	84.0341658681233
109	WGN39	77.5494935745742	6.06181633206659	1122	64.7044659758774	88.171185055315
110	WGN39	89.33155807781	4.48490421839813	1122	79.0634036489981	96.425524443485
111	WGN39	82.5708022183313	5.51127612521168	1122	70.5887918520941	91.9242400931433
112	WGN39	72.826756199316	6.46273644235452	1122	59.3962708398634	84.4150461159981
113	WGN39	92.1161458040596	3.91505070056539	1122	82.8386472192197	97.9947307986444
114	WGN39	94.9999999999994	3.16626327941914	1122	87.0554993380702	99.3128504090052
115	WGN39	82.6762058360919	5.49809191352093	1122	70.7154618526216	91.999870904246
116	WGN39	89.9999999999993	4.35834368325204	1122	79.9498456471793	96.822020794665
117	WGN39	82.5708022183313	5.51127612521168	1122	70.5887918520942	91.9242400931434
118	WGN39	92.1161458040595	3.91505070056539	1122	82.8386472192196	97.9947307986443
120	WGN39	77.5494935745742	6.06181633206659	1122	64.7044659758774	88.1711850553149
121	WGN39	41.2557672079346	10.1166524303329	1122	22.6407982451502	61.2731859074161
122	WGN39	89.9999999999993	4.35834368325203	1122	79.9498456471793	96.822020794665
123	WGN39	75.1691251538225	6.27647752197304	1122	62.0046473765965	86.3023704925874
124	WGN39	84.0756520422502	7.51930721196368	1122	66.9860665963125	95.6999908083648
125	WGN39	83.1734976624656	5.43487584011866	1122	71.3150492799551	92.354734018837
126	WGN39	52.5286833144148	7.25461076043294	1122	38.3844930645153	66.4688003776842
127	WGN39	77.5494935745742	6.06181633206658	1122	64.7044659758775	88.171185055315
128	WGN39	74.7413107755287	6.31227599055333	1122	61.5248038700092	85.961111291368
129	WGN39	81.0128543887297	8.05969644515665	1122	63.1370931540422	93.9145978329524
130	WGN39	75.1691251538224	6.27647752197304	1122	62.0046473765965	86.3023704925874
1	WGN45	81.026015628124	5.69628526712513	1122	68.7482329931533	90.7998952074706
2	WGN45	91.5605519132596	4.03841962208159	1122	82.0666773900889	97.7003511282651
3	WGN45	96.6630318022312	2.60919453104169	1122	89.7296972110049	99.8305039213075
4	WGN45	87.2116375225952	4.8517108350251	1122	76.3190280142485	95.1011436349278
5	WGN45	87.6084148543811	4.78670390009956	1122	76.8256232980835	95.3560817591682
6	WGN45	70.1204006516718	6.64981860612172	1122	56.437001692149	82.1800160975153
7	WGN45	88.5889894354056	4.61904450716972	1122	78.0911545615446	95.9725640149744
8	WGN45	92.6975711163342	3.77979342248375	1122	83.6584174433205	98.2908882350399
9	WGN45	96.6536811196258	2.61272127005534	1122	89.7138974252734	99.8283569731359
10	WGN45	59.9999999999991	7.11714543176628	1122	45.8204099844944	73.3725566259652
11	WGN45	95.9999999999997	2.84685817270661	1122	88.6333938757666	99.6542525323554
12	WGN45	94.7213595499955	3.24851758168616	1122	86.6288896045317	99.2046664572186
13	WGN45	97.0832090495548	2.44469640031098	1122	90.4513251133947	99.9153208067535
14	WGN45	93.3135224943198	3.62886828679294	1122	84.5416475326798	98.5898515688152
15	WGN45	95.6227892407643	2.97221110332969	1122	88.0287688377101	99.5348982197008
16	WGN45	85.3553390593264	5.13635728861508	1122	73.9866675532312	93.8707166534881
17	WGN45	94.9999999999996	3.16626327941914	1122	87.0554993380703	99.3128504090053
18	WGN45	94.721359549995	3.2485175816862	1122	86.6288896045312	99.2046664572183
19	WGN45	85.9014665797405	7.15153281658623	1122	69.3676725946377	96.6771793758927
20	WGN45	92.6975711163335	3.77979342248382	1122	83.6584174433198	98.2908882350394
22	WGN45	90.5058928967422	4.25858883793622	1122	80.6284121743201	97.1144128150897
23	WGN45	84.9999999999989	5.18746658015609	1122	73.5467389641724	93.6286441724405
24	WGN45	90.7539204470453	5.95282873502324	1122	76.1197357162823	98.8517598677661
25	WGN45	99.9836561585663	0.262695996698852	1122	95.4737471230039	100
26	WGN45	93.3135224943202	3.62886828679286	1122	84.5416475326803	98.5898515688155
28	WGN45	96.6630318022313	2.60919453104167	1122	89.729697211005	99.8305039213075
29	WGN45	60.9637631717716	7.08712471293888	1122	46.8033923407744	74.2393217073075
30	WGN45	100	1.25832473476918e-15	1122	96.4769024307173	100
31	WGN45	96.9999999999994	2.4782591249709	1122	90.3065090809294	99.9004339882382
32	WGN45	92.6975711163339	3.77979342248377	1122	83.6584174433202	98.2908882350396
33	WGN45	75.169125153822	6.27647752197313	1122	62.0046473765958	86.3023704925871
34	WGN45	96.6630318022312	2.60919453104171	1122	89.7296972110048	99.8305039213075
35	WGN45	90.6003748701057	4.23955704827936	1122	80.7559199129824	97.1682440124332
36	WGN45	87.6084148543809	4.78670390009956	1122	76.8256232980834	95.356081759168
37	WGN45	91.5605519132598	4.03841962208157	1122	82.0666773900892	97.7003511282653
40	WGN45	88.738156363816	4.59261634115138	1122	78.2854571836984	96.064556980457
41	WGN45	98.7339717240447	1.62425879084308	1122	93.6235303915663	100
42	WGN45	89.9499834699197	4.36801530495263	1122	79.8831268045559	96.7927430781096
43	WGN45	98.542258696959	1.74121221533892	1122	93.2131761759808	100
44	WGN45	82.5708022183311	5.51127612521172	1122	70.5887918520939	91.9242400931433
45	WGN45	82.5708022183316	5.51127612521163	1122	70.5887918520946	91.9242400931436
46	WGN45	96.663031802231	2.60919453104177	1122	89.7296972110045	99.8305039213074
48	WGN45	92.3336222343562	5.46747646039905	1122	78.4994623447092	99.378075266029
49	WGN45	62.653011044102	7.02746983107983	1122	48.539945291958	75.744936557167
50	WGN45	97.420768903652	3.25748768177433	1122	87.3982903748693	100
52	WGN45	94.5107258321835	3.30901114585843	1122	86.3096628898127	99.1196245806373
53	WGN45	89.9999999999992	4.35834368325206	1122	79.9498456471792	96.8220207946649
54	WGN45	85.3553390593264	5.13635728861509	1122	73.9866675532313	93.8707166534882
55	WGN45	92.1161458040595	3.91505070056541	1122	82.8386472192196	97.9947307986444
56	WGN45	94.9999999999993	3.16626327941918	1122	87.05549933807	99.3128504090051
57	WGN45	94.0393004587289	3.43956506997058	1122	85.6045578189801	98.9199245062661
58	WGN45	69.9999999999988	6.65747994437822	1122	56.306629985143	82.0793032357777
59	WGN45	97.5246140987526	2.25724550165499	1122	91.2377520263686	99.9760811308736
60	WGN45	92.697571116334	3.77979342248375	1122	83.6584174433204	98.2908882350397
61	WGN45	79.9999999999991	5.81112491100267	1122	67.541333150701	90.0375666806816
62	WGN45	92.6975711163339	3.77979342248378	1122	83.6584174433202	98.2908882350397
64	WGN45	92.6975711163339	3.77979342248377	1122	83.6584174433202	98.2908882350397
65	WGN45	94.9999999999994	3.16626327941916	1122	87.0554993380701	99.3128504090052
66	WGN45	92.6975711163338	3.77979342248378	1122	83.6584174433201	98.2908882350396
68	WGN45	92.6975711163338	3.77979342248379	1122	83.6584174433201	98.2908882350396
69	WGN45	93.3135224943198	3.62886828679293	1122	84.5416475326798	98.5898515688152
70	WGN45	85.3553390593262	5.13635728861513	1122	73.986667553231	93.8707166534881
71	WGN45	97.3716556369835	2.32411508424318	1122	90.9615317401405	99.9587287521497
72	WGN45	96.0609040895827	2.82599788152297	1122	88.732217934403	99.6723214894997
73	WGN45	98.1314235093984	1.96725070264111	1122	92.3813947565857	100
74	WGN45	90.7539204470454	5.95282873502319	1122	76.1197357162826	98.8517598677661
75	WGN45	72.5353779278431	6.48428316761607	1122	59.074943943334	84.1771316689881
76	WGN45	84.9999999999989	5.18746658015603	1122	73.5467389641725	93.6286441724405
78	WGN45	97.5246140987526	2.25724550165497	1122	91.2377520263687	99.9760811308736
80	WGN45	84.9999999999989	5.18746658015599	1122	73.5467389641725	93.6286441724404
81	WGN45	85.3553390593264	5.13635728861512	1122	73.9866675532311	93.8707166534882
82	WGN45	94.4280812155975	4.71373158472115	1122	81.865120770192	99.8654135716739
84	WGN45	96.6630318022311	2.60919453104172	1122	89.7296972110047	99.8305039213074
85	WGN45	96.6630318022311	2.60919453104173	1122	89.7296972110047	99.8305039213074
86	WGN45	95.6227892407643	2.97221110332973	1122	88.0287688377099	99.5348982197008
87	WGN45	96.0609040895826	2.82599788152298	1122	88.7322179344029	99.6723214894997
88	WGN45	87.6084148543809	4.78670390009955	1122	76.8256232980834	95.356081759168
89	WGN45	88.5889894354059	4.61904450716976	1122	78.0911545615447	95.9725640149747
90	WGN45	77.5494935745741	6.0618163320666	1122	64.7044659758773	88.1711850553149
92	WGN45	95.513277567753	3.00743808460677	1122	87.8554901718395	99.4979914972151
93	WGN45	100	2.13793846220751e-13	1122	97.9824165261532	100
94	WGN45	95.6227892407644	2.9722111033297	1122	88.0287688377101	99.5348982197009
95	WGN45	89.3315580778098	4.48490421839815	1122	79.063403648998	96.4255244434849
96	WGN45	91.2926689447245	5.79391817880531	1122	76.9186957388354	99.0438892955435
98	WGN45	90.6003748701056	4.23955704827941	1122	80.7559199129822	97.1682440124332
99	WGN45	88.5889894354058	4.61904450716978	1122	78.0911545615446	95.9725640149747
100	WGN45	82.6762058360917	5.49809191352097	1122	70.7154618526214	91.999870904246
101	WGN45	77.549493574574	6.06181633206662	1122	64.7044659758772	88.1711850553149
102	WGN45	95.513277567753	3.00743808460676	1122	87.8554901718395	99.4979914972151
103	WGN45	95.1981846701227	3.10611320401114	1122	87.3621144819948	99.3866104407187
104	WGN45	87.6084148543809	4.78670390009955	1122	76.8256232980834	95.356081759168
105	WGN45	92.6975711163337	3.77979342248378	1122	83.65841744332	98.2908882350396
106	WGN45	98.9999999999997	1.44549907047643	1122	94.2248344775614	100
107	WGN45	92.6975711163338	3.77979342248378	1122	83.6584174433202	98.2908882350396
108	WGN45	90.6003748701056	4.23955704827941	1122	80.7559199129822	97.1682440124332
109	WGN45	89.3315580778098	4.48490421839816	1122	79.0634036489979	96.4255244434849
110	WGN45	93.3135224943199	3.62886828679291	1122	84.5416475326799	98.5898515688153
111	WGN45	89.9999999999992	4.35834368325206	1122	79.9498456471792	96.8220207946649
112	WGN45	100	1.25832473476917e-15	1122	96.4769024307172	100
114	WGN45	98.9999999999997	1.4454990704764	1122	94.2248344775615	100
115	WGN45	93.3135224943199	3.6288682867929	1122	84.54164753268	98.5898515688153
116	WGN45	93.3135224943199	3.62886828679291	1122	84.54164753268	98.5898515688153
117	WGN45	78.9675330015478	8.37493164119463	1122	60.6538987146516	92.6351897628172
118	WGN45	94.9999999999994	3.16626327941915	1122	87.0554993380701	99.3128504090052
119	WGN45	92.6975711163338	3.77979342248378	1122	83.6584174433202	98.2908882350396
120	WGN45	92.6975711163338	3.77979342248377	1122	83.6584174433202	98.2908882350396
121	WGN45	96.6630318022311	2.60919453104173	1122	89.7296972110047	99.8305039213074
122	WGN45	88.3166782541568	4.66664485312181	1122	77.7376955145812	95.8033771210014
123	WGN45	97.420768903652	3.25748768177436	1122	87.3982903748692	100
124	WGN45	80.2393401911586	5.78488346525651	1122	67.821808974829	90.2164556863002
126	WGN45	92.6975711163338	3.77979342248377	1122	83.6584174433202	98.2908882350396
127	WGN45	77.549493574574	6.06181633206661	1122	64.7044659758773	88.1711850553149
128	WGN45	90.6003748701056	4.23955704827942	1122	80.7559199129822	97.1682440124332
129	WGN45	99.7493718553308	0.726390613875532	1122	96.3358870499156	100
1	WGN46	96.6630318022313	2.60919453104166	1122	89.729697211005	99.8305039213075
2	WGN46	98.5422586969591	1.7412122153389	1122	93.2131761759808	100
3	WGN46	96.0609040895826	2.82599788152304	1122	88.7322179344027	99.6723214894997
4	WGN46	99.7493718553308	0.726390613875613	1122	96.3358870499154	100
6	WGN46	95.5424998698208	4.24087879066422	1122	83.7930108036169	99.9876240512158
7	WGN46	94.0393004587288	3.43956506997062	1122	85.6045578189799	98.9199245062661
8	WGN46	92.6975711163337	3.77979342248377	1122	83.6584174433201	98.2908882350395
9	WGN46	90.6003748701055	4.23955704827939	1122	80.7559199129822	97.1682440124331
10	WGN46	93.9786217196656	3.45591228448792	1122	85.5146856090825	98.8933362148831
11	WGN46	87.8817412023052	4.74099674855864	1122	77.1763920472675	95.529907356931
12	WGN46	100	2.49277891934174e-13	1122	97.9824165261531	100
13	WGN46	94.9999999999992	3.16626327941918	1122	87.0554993380699	99.3128504090051
14	WGN46	96.2575313952378	2.75738025986322	1122	89.0537284892889	99.728197065828
15	WGN46	87.6084148543804	4.78670390009968	1122	76.8256232980827	95.3560817591678
16	WGN46	77.5494935745732	6.06181633206675	1122	64.7044659758762	88.1711850553143
17	WGN46	92.2611229450734	3.8819376993349	1122	83.0418684048615	98.0697637556785
18	WGN46	92.6975711163336	3.77979342248382	1122	83.6584174433198	98.2908882350395
19	WGN46	92.6975711163335	3.77979342248387	1122	83.6584174433197	98.2908882350395
20	WGN46	97.4341649025251	2.29704881081413	1122	91.0739086128522	99.9663257040765
21	WGN46	89.2199294066589	6.37314232974048	1122	73.9062355290401	98.2433081728642
22	WGN46	85.3553390593259	5.13635728861523	1122	73.9866675532305	93.8707166534879
23	WGN46	76.0988907544086	8.7641553919817	1122	57.2721380738033	90.7397550515505
24	WGN46	94.0393004587288	3.4395650699706	1122	85.6045578189801	98.9199245062661
25	WGN46	97.0832090495549	2.444696400311	1122	90.4513251133947	99.9153208067535
26	WGN46	87.6084148543805	4.78670390009965	1122	76.8256232980828	95.3560817591678
27	WGN46	91.0251167093087	4.15236236850968	1122	81.3322982833426	97.407071235862
28	WGN46	90.6003748701055	4.2395570482794	1122	80.7559199129821	97.1682440124331
29	WGN46	87.6084148543808	4.78670390009956	1122	76.8256232980833	95.3560817591679
30	WGN46	98.9999999999997	1.44549907047645	1122	94.2248344775614	100
31	WGN46	92.6975711163336	3.77979342248383	1122	83.6584174433198	98.2908882350395
32	WGN46	92.0468892123572	3.93073072507063	1122	82.741834712215	97.9586193604393
33	WGN46	87.6084148543805	4.78670390009959	1122	76.825623298083	95.3560817591677
34	WGN46	92.6975711163334	3.77979342248388	1122	83.6584174433195	98.2908882350394
36	WGN46	97.0832090495546	2.4446964003111	1122	90.4513251133942	99.9153208067534
37	WGN46	96.6630318022313	2.60919453104167	1122	89.729697211005	99.8305039213075
38	WGN46	91.8435344564415	3.97626679630012	1122	82.4585452305805	97.8516107380369
39	WGN46	96.0609040895824	2.82599788152307	1122	88.7322179344025	99.6723214894996
40	WGN46	94.0393004587285	3.43956506997065	1122	85.6045578189797	98.9199245062659
41	WGN46	94.5107258321836	3.30901114585844	1122	86.3096628898128	99.1196245806373
42	WGN46	98.5422586969589	1.74121221533899	1122	93.2131761759805	100
43	WGN46	92.6975711163337	3.77979342248375	1122	83.6584174433201	98.2908882350395
44	WGN46	97.3716556369833	2.32411508424326	1122	90.9615317401402	99.9587287521497
45	WGN46	47.496861247008	7.25479773152173	1122	33.5553515134733	61.640382635774
46	WGN46	92.6975711163337	3.77979342248379	1122	83.65841744332	98.2908882350396
47	WGN46	72.5353779278436	6.48428316761599	1122	59.0749439433347	84.1771316689886
48	WGN46	93.9999999999989	3.45016425518786	1122	85.5463272278917	98.9027258581366
49	WGN46	87.6084148543806	4.7867039000996	1122	76.825623298083	95.3560817591678
50	WGN46	92.6975711163336	3.77979342248386	1122	83.6584174433198	98.2908882350395
51	WGN46	85.9014665797415	7.15153281658596	1122	69.3676725946392	96.6771793758931
52	WGN46	98.9999999999997	1.44549907047642	1122	94.2248344775614	100
53	WGN46	99.7493718553308	0.726390613875558	1122	96.3358870499155	100
54	WGN46	96.0609040895826	2.825997881523	1122	88.7322179344028	99.6723214894997
55	WGN46	95.9999999999994	2.8468581727067	1122	88.6333938757662	99.6542525323552
56	WGN46	87.6084148543806	4.78670390009961	1122	76.825623298083	95.3560817591679
57	WGN46	97.3716556369834	2.32411508424323	1122	90.9615317401403	99.9587287521497
58	WGN46	99.7493718553309	0.726390613875516	1122	96.3358870499156	100
59	WGN46	92.6975711163338	3.77979342248379	1122	83.6584174433201	98.2908882350396
60	WGN46	95.615259337572	2.97464935242493	1122	88.0168232603542	99.5323916790015
61	WGN46	97.0090607010484	2.47462940266723	1122	90.3222299226327	99.9021033198048
62	WGN46	89.9499834699196	4.36801530495266	1122	79.8831268045557	96.7927430781096
63	WGN46	94.0393004587288	3.4395650699706	1122	85.60455781898	98.9199245062661
64	WGN46	98.9999999999997	1.44549907047645	1122	94.2248344775614	100
65	WGN46	97.4207689036518	3.25748768177444	1122	87.398290374869	100
66	WGN46	89.999999999999	4.35834368325208	1122	79.949845647179	96.8220207946648
67	WGN46	87.6084148543805	4.78670390009964	1122	76.8256232980829	95.3560817591678
68	WGN46	94.9999999999993	3.16626327941916	1122	87.05549933807	99.3128504090051
69	WGN46	97.3716556369835	2.32411508424322	1122	90.9615317401404	99.9587287521497
70	WGN46	77.5494935745737	6.06181633206665	1122	64.7044659758769	88.1711850553147
71	WGN46	96.2575313952378	2.75738025986318	1122	89.053728489289	99.728197065828
72	WGN46	98.9999999999997	1.44549907047644	1122	94.2248344775614	100
73	WGN46	98.5422586969592	1.74121221533884	1122	93.213176175981	100
74	WGN46	95.6152593375719	2.97464935242494	1122	88.0168232603542	99.5323916790015
75	WGN46	99.7493718553308	0.726390613875575	1122	96.3358870499154	100
76	WGN46	89.9499834699195	4.36801530495271	1122	79.8831268045555	96.7927430781095
78	WGN46	92.6975711163336	3.77979342248383	1122	83.6584174433198	98.2908882350395
79	WGN46	82.5708022183309	5.51127612521173	1122	70.5887918520938	91.9242400931431
80	WGN46	89.9999999999989	4.35834368325213	1122	79.9498456471788	96.8220207946648
81	WGN46	89.9999999999988	4.35834368325217	1122	79.9498456471786	96.8220207946648
82	WGN46	83.5410196624956	5.38705697166278	1122	71.7603002062557	92.614866840055
83	WGN46	94.721359549995	3.24851758168623	1122	86.6288896045312	99.2046664572184
84	WGN46	99.2383666710312	1.78658898316584	1122	91.8785849390665	100
85	WGN46	97.3716556369834	2.32411508424325	1122	90.9615317401402	99.9587287521497
86	WGN46	91.2933758163365	4.09585668457363	1122	81.6991060946836	97.5551322329347
87	WGN46	98.5422586969591	1.74121221533891	1122	93.2131761759808	100
88	WGN46	96.5173015196897	2.66354932219131	1122	89.4846372878677	99.7958641997495
89	WGN46	93.9786217196656	3.45591228448798	1122	85.5146856090823	98.8933362148832
90	WGN46	94.5107258321831	3.30901114585852	1122	86.3096628898123	99.1196245806371
91	WGN46	89.2199294066589	6.37314232974051	1122	73.90623552904	98.2433081728642
93	WGN46	97.5246140987523	2.25724550165509	1122	91.2377520263681	99.9760811308736
94	WGN46	89.9999999999989	4.35834368325211	1122	79.9498456471789	96.8220207946648
95	WGN46	98.9999999999997	1.44549907047644	1122	94.2248344775614	100
96	WGN46	82.5708022183309	5.51127612521174	1122	70.5887918520937	91.9242400931432
98	WGN46	93.7332857821908	3.5210085937641	1122	85.1532478118868	98.7839015664486
100	WGN46	90.6003748701053	4.23955704827947	1122	80.7559199129818	97.1682440124331
101	WGN46	98.542258696959	1.74121221533894	1122	93.2131761759806	100
102	WGN46	97.7442304278153	2.15721361365307	1122	91.6421299720194	99.9932120723041
103	WGN46	89.999999999999	4.3583436832521	1122	79.949845647179	96.8220207946648
104	WGN46	82.5708022183308	5.51127612521177	1122	70.5887918520936	91.9242400931431
106	WGN46	98.9999999999997	1.44549907047645	1122	94.2248344775613	100
107	WGN46	55.0254481002587	7.22712282948141	1122	40.833715351154	68.8116104079332
108	WGN46	82.5708022183308	5.51127612521177	1122	70.5887918520935	91.9242400931431
109	WGN46	84.9999999999988	5.18746658015605	1122	73.5467389641723	93.6286441724404
110	WGN46	94.9999999999992	3.16626327941921	1122	87.0554993380699	99.3128504090051
111	WGN46	94.721359549995	3.24851758168625	1122	86.6288896045311	99.2046664572184
112	WGN46	98.9999999999997	1.44549907047645	1122	94.2248344775613	100
113	WGN46	89.9999999999989	4.35834368325211	1122	79.9498456471789	96.8220207946648
114	WGN46	98.9999999999997	1.44549907047644	1122	94.2248344775614	100
115	WGN46	92.6975711163336	3.77979342248383	1122	83.6584174433199	98.2908882350395
116	WGN46	93.9786217196657	3.45591228448793	1122	85.5146856090825	98.8933362148832
117	WGN46	92.6975711163337	3.77979342248382	1122	83.6584174433199	98.2908882350395
118	WGN46	84.0756520422498	7.51930721196377	1122	66.9860665963119	95.6999908083646
119	WGN46	89.999999999999	4.3583436832521	1122	79.9498456471789	96.8220207946648
120	WGN46	92.6975711163337	3.77979342248382	1122	83.6584174433199	98.2908882350395
121	WGN46	96.663031802231	2.60919453104179	1122	89.7296972110044	99.8305039213074
122	WGN46	98.1314235093983	1.96725070264118	1122	92.3813947565855	100
123	WGN46	97.3716556369834	2.32411508424325	1122	90.9615317401402	99.9587287521497
124	WGN46	94.9999999999992	3.16626327941921	1122	87.0554993380699	99.3128504090051
125	WGN46	87.6084148543806	4.7867039000996	1122	76.8256232980831	95.3560817591679
126	WGN46	87.6084148543807	4.7867039000996	1122	76.8256232980831	95.3560817591679
127	WGN46	92.6975711163337	3.77979342248383	1122	83.6584174433199	98.2908882350395
128	WGN46	96.0609040895826	2.82599788152303	1122	88.7322179344028	99.6723214894997
129	WGN46	90.6003748701053	4.23955704827947	1122	80.7559199129818	97.1682440124331
130	WGN46	89.9499834699194	4.36801530495271	1122	79.8831268045555	96.7927430781095
1	WGN55	96.6630318022314	2.60919453104158	1122	89.7296972110053	99.8305039213075
2	WGN55	96.6630318022309	2.60919453104179	1122	89.7296972110044	99.8305039213074
3	WGN55	87.6084148543806	4.78670390009961	1122	76.825623298083	95.3560817591679
4	WGN55	87.6084148543809	4.78670390009952	1122	76.8256232980835	95.356081759168
5	WGN55	98.9897948556632	1.4527812277509	1122	94.2009456546569	100
6	WGN55	87.6084148543805	4.78670390009958	1122	76.825623298083	95.3560817591677
7	WGN55	96.6630318022309	2.6091945310418	1122	89.7296972110044	99.8305039213074
8	WGN55	98.9999999999996	1.44549907047649	1122	94.2248344775612	100
9	WGN55	89.9999999999988	4.35834368325219	1122	79.9498456471785	96.8220207946648
10	WGN55	96.6630318022308	2.60919453104184	1122	89.7296972110042	99.8305039213074
11	WGN55	70.498880527644	6.62537672963858	1122	56.8475194042349	82.495913547656
12	WGN55	95.5424998698206	4.2408787906643	1122	83.7930108036167	99.9876240512158
13	WGN55	97.3716556369834	2.32411508424324	1122	90.9615317401403	99.9587287521497
14	WGN55	98.542258696959	1.74121221533894	1122	93.2131761759807	100
15	WGN55	92.6975711163334	3.77979342248391	1122	83.6584174433195	98.2908882350394
16	WGN55	93.5817059099117	3.56045502917237	1122	84.9314312183352	98.7147914172533
17	WGN55	94.5927885652711	4.64758742217003	1122	82.1429118878036	99.8906204528626
18	WGN55	89.9999999999987	4.35834368325219	1122	79.9498456471785	96.8220207946647
19	WGN55	89.9999999999989	4.3583436832521	1122	79.9498456471788	96.8220207946647
20	WGN55	93.999999999999	3.45016425518789	1122	85.5463272278917	98.9027258581367
21	WGN55	92.6975711163336	3.77979342248382	1122	83.6584174433198	98.2908882350395
22	WGN55	96.0609040895825	2.82599788152306	1122	88.7322179344026	99.6723214894997
23	WGN55	94.0393004587287	3.43956506997065	1122	85.6045578189798	98.919924506266
24	WGN55	92.6975711163337	3.77979342248376	1122	83.6584174433201	98.2908882350395
25	WGN55	95.6227892407643	2.97221110332974	1122	88.0287688377099	99.5348982197008
26	WGN55	92.6975711163334	3.77979342248388	1122	83.6584174433195	98.2908882350394
27	WGN55	92.6975711163335	3.77979342248389	1122	83.6584174433196	98.2908882350394
28	WGN55	83.1734976624654	5.43487584011863	1122	71.3150492799551	92.3547340188369
29	WGN55	97.5246140987522	2.25724550165513	1122	91.237752026368	99.9760811308736
30	WGN55	92.1161458040591	3.91505070056553	1122	82.8386472192189	97.9947307986442
31	WGN55	96.0609040895825	2.82599788152304	1122	88.7322179344027	99.6723214894997
32	WGN55	94.7213595499949	3.24851758168626	1122	86.628889604531	99.2046664572183
33	WGN55	92.6975711163337	3.77979342248379	1122	83.65841744332	98.2908882350395
34	WGN55	96.6630318022308	2.60919453104186	1122	89.7296972110041	99.8305039213074
35	WGN55	96.0609040895825	2.82599788152307	1122	88.7322179344026	99.6723214894997
36	WGN55	87.6084148543803	4.78670390009968	1122	76.8256232980826	95.3560817591677
37	WGN55	95.5424998698202	4.24087879066452	1122	83.7930108036158	99.9876240512157
38	WGN55	80.2393401911592	5.78488346525642	1122	67.8218089748297	90.2164556863006
40	WGN55	89.9999999999998	4.35834368325192	1122	79.9498456471801	96.8220207946652
41	WGN55	91.0251167093087	4.15236236850967	1122	81.3322982833426	97.407071235862
42	WGN55	96.6630318022306	2.60919453104194	1122	89.7296972110038	99.8305039213073
43	WGN55	98.1314235093984	1.96725070264114	1122	92.3813947565856	100
44	WGN55	94.4280812155975	4.7137315847211	1122	81.8651207701922	99.8654135716739
45	WGN55	94.9999999999991	3.16626327941922	1122	87.0554993380698	99.3128504090051
46	WGN55	79.9999999999981	5.81112491100276	1122	67.5413331506998	90.0375666806808
47	WGN55	92.6975711163336	3.77979342248385	1122	83.6584174433198	98.2908882350395
48	WGN55	87.0658879387954	4.87520122353143	1122	76.133691255564	95.0067437040765
49	WGN55	89.9999999999989	4.3583436832521	1122	79.9498456471789	96.8220207946648
50	WGN55	89.9999999999988	4.35834368325216	1122	79.9498456471786	96.8220207946647
52	WGN55	85.3553390593258	5.13635728861521	1122	73.9866675532304	93.8707166534878
53	WGN55	95.5132775677527	3.00743808460687	1122	87.855490171839	99.497991497215
54	WGN55	84.9999999999988	5.18746658015602	1122	73.5467389641724	93.6286441724403
55	WGN55	89.999999999999	4.35834368325207	1122	79.949845647179	96.8220207946648
56	WGN55	83.1734976624651	5.43487584011873	1122	71.3150492799546	92.3547340188367
57	WGN55	97.4207689036518	3.25748768177448	1122	87.3982903748688	100
58	WGN55	94.5107258321831	3.30901114585849	1122	86.3096628898123	99.1196245806371
59	WGN55	94.4280812155973	4.7137315847212	1122	81.8651207701918	99.8654135716739
60	WGN55	87.6084148543806	4.78670390009961	1122	76.825623298083	95.3560817591679
61	WGN55	96.0609040895825	2.82599788152302	1122	88.7322179344028	99.6723214894997
62	WGN55	99.4974746830581	1.02727145772323	1122	95.5117640346786	100
63	WGN55	87.6084148543806	4.7867039000996	1122	76.825623298083	95.3560817591678
64	WGN55	90.6003748701052	4.23955704827948	1122	80.7559199129817	97.168244012433
65	WGN55	90.6003748701053	4.23955704827947	1122	80.7559199129818	97.168244012433
66	WGN55	84.9999999999988	5.18746658015602	1122	73.5467389641724	93.6286441724403
67	WGN55	94.9999999999992	3.16626327941922	1122	87.0554993380698	99.3128504090051
68	WGN55	98.9897948556632	1.45278122775089	1122	94.2009456546569	100
69	WGN55	95.5424998698206	4.24087879066434	1122	83.7930108036165	99.9876240512158
70	WGN55	68.1662479035518	6.76750880071242	1122	54.3338990353215	80.5325199097018
71	WGN55	97.3716556369834	2.32411508424326	1122	90.9615317401402	99.9587287521497
72	WGN55	95.1981846701225	3.1061132040112	1122	87.3621144819945	99.3866104407186
73	WGN55	92.6975711163337	3.77979342248379	1122	83.65841744332	98.2908882350395
74	WGN55	92.6975711163336	3.77979342248384	1122	83.6584174433198	98.2908882350395
75	WGN55	92.6975711163335	3.77979342248385	1122	83.6584174433197	98.2908882350394
76	WGN55	89.9999999999988	4.35834368325214	1122	79.9498456471787	96.8220207946647
77	WGN55	82.5708022183307	5.51127612521177	1122	70.5887918520934	91.924240093143
78	WGN55	92.6975711163335	3.77979342248386	1122	83.6584174433197	98.2908882350395
80	WGN55	89.9999999999989	4.35834368325209	1122	79.9498456471789	96.8220207946647
81	WGN55	89.9999999999988	4.35834368325211	1122	79.9498456471788	96.8220207946647
82	WGN55	85.3553390593259	5.13635728861517	1122	73.9866675532306	93.8707166534879
83	WGN55	99.7493718553308	0.726390613875596	1122	96.3358870499154	100
84	WGN55	89.9999999999988	4.35834368325212	1122	79.9498456471788	96.8220207946647
85	WGN55	89.999999999999	4.35834368325209	1122	79.949845647179	96.8220207946648
86	WGN55	92.6975711163337	3.7797934224838	1122	83.65841744332	98.2908882350395
87	WGN55	82.5708022183307	5.51127612521177	1122	70.5887918520934	91.924240093143
88	WGN55	75.1691251538219	6.27647752197309	1122	62.0046473765959	86.302370492587
89	WGN55	97.9999999999995	2.03389371885115	1122	92.1262789973599	100
90	WGN55	97.0832090495548	2.44469640031101	1122	90.4513251133946	99.9153208067535
91	WGN55	98.542258696959	1.74121221533894	1122	93.2131761759806	100
92	WGN55	82.5708022183308	5.51127612521174	1122	70.5887918520936	91.924240093143
93	WGN55	94.510725832183	3.30901114585853	1122	86.3096628898121	99.1196245806371
94	WGN55	90.5058928967413	4.25858883793633	1122	80.6284121743191	97.1144128150891
95	WGN55	95.5132775677526	3.00743808460688	1122	87.855490171839	99.497991497215
96	WGN55	87.6084148543805	4.7867039000996	1122	76.825623298083	95.3560817591678
97	WGN55	94.7213595499949	3.24851758168627	1122	86.628889604531	99.2046664572184
98	WGN55	95.5132775677526	3.00743808460686	1122	87.855490171839	99.497991497215
99	WGN55	89.9999999999988	4.35834368325212	1122	79.9498456471787	96.8220207946647
100	WGN55	97.3716556369833	2.32411508424329	1122	90.9615317401401	99.9587287521497
101	WGN55	98.9999999999996	1.44549907047648	1122	94.2248344775613	100
102	WGN55	94.5982959330054	3.2840311649689	1122	86.4420510863055	99.1553093862596
103	WGN55	91.0251167093086	4.15236236850971	1122	81.3322982833424	97.4070712358619
104	WGN55	84.9999999999986	5.18746658015609	1122	73.546738964172	93.6286441724402
105	WGN55	89.9499834699193	4.36801530495274	1122	79.8831268045553	96.7927430781094
106	WGN55	89.9999999999988	4.35834368325213	1122	79.9498456471787	96.8220207946647
107	WGN55	95.6152593375718	2.97464935242498	1122	88.016823260354	99.5323916790015
108	WGN55	97.7442304278152	2.15721361365311	1122	91.6421299720192	99.9932120723041
109	WGN55	92.1161458040592	3.91505070056548	1122	82.8386472192191	97.9947307986442
110	WGN55	93.3135224943196	3.628868286793	1122	84.5416475326794	98.5898515688151
111	WGN55	93.3135224943197	3.62886828679298	1122	84.5416475326795	98.5898515688151
112	WGN55	84.9999999999986	5.18746658015607	1122	73.5467389641721	93.6286441724403
113	WGN55	82.5708022183307	5.51127612521178	1122	70.5887918520934	91.924240093143
114	WGN55	97.5246140987522	2.25724550165512	1122	91.237752026368	99.9760811308736
115	WGN55	90.6003748701052	4.2395570482795	1122	80.7559199129817	97.168244012433
116	WGN55	89.2199294066587	6.37314232974056	1122	73.9062355290397	98.2433081728641
117	WGN55	82.5708022183307	5.51127612521177	1122	70.5887918520935	91.924240093143
118	WGN55	89.9999999999988	4.35834368325213	1122	79.9498456471787	96.8220207946647
119	WGN55	93.5817059099116	3.56045502917241	1122	84.931431218335	98.7147914172533
120	WGN55	85.355339059326	5.13635728861516	1122	73.9866675532307	93.8707166534879
121	WGN55	93.3135224943197	3.62886828679297	1122	84.5416475326796	98.5898515688151
122	WGN55	91.5605519132593	4.03841962208166	1122	82.0666773900885	97.7003511282649
123	WGN55	94.0393004587287	3.43956506997065	1122	85.6045578189798	98.919924506266
124	WGN55	93.3135224943196	3.62886828679298	1122	84.5416475326795	98.5898515688151
125	WGN55	93.5817059099116	3.56045502917241	1122	84.931431218335	98.7147914172533
126	WGN55	95.0478786053677	3.15186113230088	1122	87.1293230139741	99.33091998052
128	WGN55	93.9786217196656	3.45591228448796	1122	85.5146856090823	98.8933362148831
129	WGN55	94.7213595499949	3.24851758168627	1122	86.628889604531	99.2046664572184
130	WGN55	89.9999999999988	4.35834368325213	1122	79.9498456471787	96.8220207946647
1	WGN63	82.5708022183301	5.51127612521181	1122	70.5887918520928	91.9242400931425
2	WGN63	27.8381840229982	6.51140032781621	1122	16.1288679757518	41.3360326168697
3	WGN63	95.5132775677528	3.00743808460682	1122	87.8554901718392	99.497991497215
4	WGN63	75.1691251538218	6.27647752197314	1122	62.0046473765957	86.302370492587
5	WGN63	47.4968612470074	7.25479773152173	1122	33.5553515134727	61.6403826357734
6	WGN63	85.9014665797406	7.15153281658611	1122	69.367672594638	96.6771793758926
7	WGN63	85.355339059326	5.13635728861514	1122	73.9866675532308	93.8707166534879
8	WGN63	62.5167030581202	7.03261988683006	1122	48.3991690212374	75.6240973655187
9	WGN63	75.1691251538218	6.27647752197315	1122	62.0046473765957	86.302370492587
10	WGN63	94.5107258321831	3.30901114585852	1122	86.3096628898122	99.1196245806371
12	WGN63	49.9999999999981	7.26390613875317	1122	35.9398540437606	64.0601459562358
13	WGN63	82.5708022183309	5.51127612521176	1122	70.5887918520936	91.9242400931431
14	WGN63	98.9999999999995	1.44549907047653	1122	94.2248344775611	100
16	WGN63	71.1966047711752	6.57887603332984	1122	57.6070968847864	83.0754758780448
17	WGN63	89.9999999999985	4.35834368325219	1122	79.9498456471783	96.8220207946645
18	WGN63	82.5708022183308	5.51127612521173	1122	70.5887918520936	91.924240093143
19	WGN63	75.1691251538217	6.27647752197317	1122	62.0046473765955	86.3023704925869
20	WGN63	94.5107258321831	3.30901114585852	1122	86.3096628898122	99.1196245806371
21	WGN63	67.7296313616534	6.7919039981759	1122	53.8676809215783	80.160741352422
22	WGN63	84.9999999999986	5.18746658015605	1122	73.5467389641722	93.6286441724402
23	WGN63	85.3553390593261	5.13635728861513	1122	73.9866675532309	93.870716653488
24	WGN63	91.5605519132592	4.03841962208166	1122	82.0666773900884	97.7003511282649
25	WGN63	80.2393401911579	5.78488346525658	1122	67.8218089748282	90.2164556862997
26	WGN63	59.9999999999976	7.11714543176632	1122	45.8204099844929	73.3725566259638
27	WGN63	72.5353779278425	6.48428316761618	1122	59.0749439433333	84.1771316689878
28	WGN63	87.6084148543803	4.78670390009962	1122	76.8256232980827	95.3560817591676
29	WGN63	89.9499834699195	4.36801530495272	1122	79.8831268045554	96.7927430781095
30	WGN63	94.9999999999992	3.16626327941923	1122	87.0554993380698	99.3128504090051
31	WGN63	69.9999999999984	6.65747994437825	1122	56.3066299851425	82.0793032357773
32	WGN63	7.30242888366346	3.77979342248317	1122	1.709111764959	16.3415825566761
33	WGN63	87.608414854381	4.78670390009951	1122	76.8256232980836	95.356081759168
34	WGN63	94.9999999999994	3.16626327941917	1122	87.05549933807	99.3128504090052
35	WGN63	94.0393004587285	3.4395650699707	1122	85.6045578189795	98.9199245062659
36	WGN63	84.0756520422491	7.5193072119639	1122	66.986066596311	95.6999908083642
37	WGN63	85.3553390593273	5.13635728861496	1122	73.9866675532324	93.8707166534888
38	WGN63	60.2154821844599	7.11068357576157	1122	46.039704786517	73.5668360610932
39	WGN63	82.5708022183307	5.51127612521176	1122	70.5887918520934	91.9242400931429
40	WGN63	87.6084148543809	4.78670390009955	1122	76.8256232980834	95.356081759168
41	WGN63	31.1781425462289	9.51919430169784	1122	14.5120814568564	50.8629600728892
42	WGN63	85.3553390593261	5.13635728861512	1122	73.9866675532309	93.8707166534879
43	WGN63	62.5167030581212	7.03261988682995	1122	48.3991690212386	75.6240973655195
44	WGN63	57.5096097970918	7.1815103312282	1122	43.3059253393921	71.1072436699256
45	WGN63	70.4988805276453	6.62537672963845	1122	56.8475194042364	82.495913547657
46	WGN63	47.4713166855814	7.25461076043297	1122	33.5311996223121	61.6155069354811
47	WGN63	78.8885028850095	5.92879716645535	1122	66.2469182887277	89.1986888410929
48	WGN63	92.6975711163338	3.77979342248377	1122	83.6584174433201	98.2908882350396
49	WGN63	82.5708022183309	5.51127612521173	1122	70.5887918520937	91.9242400931431
50	WGN63	85.3553390593259	5.13635728861518	1122	73.9866675532306	93.8707166534879
51	WGN63	78.967533001547	8.3749316411947	1122	60.6538987146507	92.6351897628166
52	WGN63	44.8957764024988	7.22595755953964	1122	31.1150483348828	59.0884323572003
53	WGN63	88.5889894354052	4.61904450716989	1122	78.0911545615438	95.9725640149742
54	WGN63	93.9786217196656	3.45591228448794	1122	85.5146856090824	98.8933362148832
55	WGN63	91.0251167093087	4.15236236850971	1122	81.3322982833425	97.407071235862
56	WGN63	52.5031387529891	7.25479773152178	1122	38.3596173642231	66.444648486524
57	WGN63	52.5822190931827	7.25421273579659	1122	38.4366390088006	66.5194054748345
58	WGN63	92.6975711163336	3.77979342248385	1122	83.6584174433198	98.2908882350395
59	WGN63	77.9615198335536	6.02186740314862	1122	65.1771921449942	88.4892595093206
60	WGN63	77.9615198335542	6.02186740314857	1122	65.1771921449949	88.4892595093211
61	WGN63	62.6530110441015	7.0274698310799	1122	48.5399452919573	75.7449365571666
62	WGN63	95.4763098818759	3.01921788684064	1122	87.7972129990229	99.4853167139614
63	WGN63	42.4121150358716	7.17977358621166	1122	28.8210013712592	56.6155963526869
64	WGN63	91.0251167093084	4.15236236850973	1122	81.3322982833422	97.4070712358618
65	WGN63	75.1691251538218	6.27647752197312	1122	62.0046473765957	86.3023704925869
66	WGN63	93.5817059099116	3.5604550291724	1122	84.9314312183351	98.7147914172533
67	WGN63	89.9999999999989	4.35834368325211	1122	79.9498456471788	96.8220207946647
68	WGN63	84.9999999999986	5.18746658015609	1122	73.546738964172	93.6286441724402
69	WGN63	87.6084148543806	4.78670390009962	1122	76.825623298083	95.3560817591679
70	WGN63	92.6975711163335	3.77979342248388	1122	83.6584174433196	98.2908882350394
72	WGN63	82.5708022183308	5.51127612521174	1122	70.5887918520936	91.924240093143
73	WGN63	75.1691251538221	6.27647752197307	1122	62.0046473765961	86.3023704925871
74	WGN63	57.5096097970919	7.18151033122819	1122	43.3059253393922	71.1072436699257
75	WGN63	60.0525170247671	7.11558379056081	1122	45.873830600138	73.419931760607
76	WGN63	94.9999999999991	3.16626327941924	1122	87.0554993380697	99.3128504090051
77	WGN63	59.9999999999982	7.11714543176631	1122	45.8204099844935	73.3725566259644
78	WGN63	85.355339059326	5.13635728861516	1122	73.9866675532307	93.8707166534879
79	WGN63	85.355339059326	5.13635728861514	1122	73.9866675532308	93.8707166534879
80	WGN63	65.8113883008402	6.89114643244181	1122	51.8347467493181	78.5119980229885
81	WGN63	87.6084148543804	4.78670390009961	1122	76.8256232980829	95.3560817591677
82	WGN63	95.615259337572	2.97464935242494	1122	88.0168232603542	99.5323916790015
83	WGN63	67.7296313616531	6.79190399817595	1122	53.8676809215779	80.1607413524218
84	WGN63	90.6003748701053	4.23955704827948	1122	80.7559199129818	97.168244012433
85	WGN63	62.6530110441015	7.0274698310799	1122	48.5399452919574	75.7449365571666
86	WGN63	77.5912820988959	6.05780358907556	1122	64.752335400203	88.2035202061901
87	WGN63	42.4903902029049	7.18151033122814	1122	28.8927563300713	56.6940746606046
88	WGN63	90.7539204470453	5.95282873502323	1122	76.1197357162824	98.8517598677661
89	WGN63	85.355339059326	5.13635728861514	1122	73.9866675532308	93.8707166534879
90	WGN63	78.9675330015474	8.37493164119467	1122	60.6538987146511	92.6351897628169
91	WGN63	83.173497662465	5.43487584011873	1122	71.3150492799545	92.3547340188367
92	WGN63	76.6114570289837	6.14962543352223	1122	63.6343159119195	87.4409647093818
93	WGN63	94.5107258321831	3.30901114585852	1122	86.3096628898122	99.1196245806371
94	WGN63	80.2393401911582	5.78488346525655	1122	67.8218089748285	90.2164556862999
95	WGN63	61.2492296713606	10.0115740316537	1122	41.2315592174366	79.4626847566178
96	WGN63	82.5708022183307	5.51127612521175	1122	70.5887918520935	91.924240093143
97	WGN63	79.9999999999985	5.81112491100269	1122	67.5413331507003	90.037566680681
98	WGN63	39.9999999999981	7.11714543176619	1122	26.6274433740322	54.1795900155027
99	WGN63	92.6975711163335	3.77979342248384	1122	83.6584174433198	98.2908882350395
100	WGN63	95.6152593375718	2.97464935242497	1122	88.016823260354	99.5323916790015
101	WGN63	83.1734976624651	5.43487584011872	1122	71.3150492799546	92.3547340188368
102	WGN63	72.5353779278427	6.48428316761612	1122	59.0749439433336	84.1771316689879
103	WGN63	89.9999999999989	4.35834368325212	1122	79.9498456471788	96.8220207946647
105	WGN63	90.6003748701053	4.23955704827948	1122	80.7559199129817	97.168244012433
106	WGN63	85.9014665797405	7.15153281658618	1122	69.3676725946378	96.6771793758926
107	WGN63	46.2735525623236	10.246424899319	1122	27.0084125417466	66.1363613952551
109	WGN63	42.4121150358716	7.17977358621165	1122	28.8210013712592	56.6155963526869
110	WGN63	88.7381563638155	4.59261634115145	1122	78.2854571836978	96.0645569804567
111	WGN63	79.9999999999985	5.8111249110027	1122	67.5413331507002	90.0375666806811
112	WGN63	57.5096097970918	7.18151033122823	1122	43.305925339392	71.1072436699257
114	WGN63	59.9999999999982	7.1171454317663	1122	45.8204099844935	73.3725566259644
115	WGN63	72.8267561993152	6.46273644235461	1122	59.3962708398625	84.4150461159975
116	WGN63	90.6003748701053	4.23955704827948	1122	80.7559199129818	97.168244012433
117	WGN63	91.1096095821879	4.13468785946526	1122	81.4475928219003	97.4539435861033
118	WGN63	83.8503956488457	5.34605867551699	1122	72.1365493864918	92.8324019574286
119	WGN63	72.5353779278427	6.48428316761612	1122	59.0749439433336	84.1771316689879
121	WGN63	93.3135224943197	3.62886828679297	1122	84.5416475326796	98.5898515688152
122	WGN63	92.8958040488917	3.7321211608755	1122	83.9409266238227	98.3888468601048
123	WGN63	62.5167030581205	7.03261988683002	1122	48.3991690212378	75.6240973655189
124	WGN63	62.6530110441015	7.0274698310799	1122	48.5399452919574	75.7449365571666
125	WGN63	93.1351441020607	3.67343811206414	1122	84.2841968595985	98.5049411892308
126	WGN63	79.9999999999985	5.8111249110027	1122	67.5413331507003	90.037566680681
127	WGN63	65.3148816168208	6.91477227500632	1122	51.3125443377038	78.0812568137772
128	WGN63	57.5096097970919	7.18151033122822	1122	43.3059253393921	71.1072436699257
129	WGN63	72.8267561993153	6.4627364423546	1122	59.3962708398626	84.4150461159976
130	WGN63	60.2154821844591	7.11068357576162	1122	46.0397047865162	73.5668360610925
