plantID3	famID	response	SE	df	lower.CL	upper.CL
1	WGN07	82.5708022182371	4.14536399719961	1114	73.7536184087301	89.8964766142413
2	WGN07	87.6084148543771	3.60036941751832	1114	79.7370455044771	93.7575882200791
3	WGN07	93.0332101351112	2.78192923908341	1114	86.6312154717643	97.4645920521143
4	WGN07	82.5708022183327	4.14536399719514	1114	73.7536184088307	89.8964766143242
5	WGN07	91.025116709309	3.12324279797671	1114	84.0045293144222	96.1670476513357
6	WGN07	87.6084148543805	3.60036941751751	1114	79.7370455044821	93.7575882200811
7	WGN07	87.6084148543804	3.60036941751755	1114	79.737045504482	93.7575882200811
8	WGN07	94.5107258321834	2.48890735262016	1114	88.6454436209533	98.3377356626517
9	WGN07	91.0251167093085	3.12324279797666	1114	84.0045293144219	96.1670476513352
10	WGN07	93.9786217196653	2.59940058093728	1114	87.9103816653554	98.0329559497223
11	WGN07	90.5058928967422	3.20314214830959	1114	83.3416220184377	95.8152840532285
12	WGN07	96.0609040895829	2.12560387250878	1114	90.8675157542001	99.1450329850571
13	WGN07	92.6975711163332	2.84301116736335	1114	86.1843288963723	97.2555704525866
14	WGN07	70.4988805276458	4.98334642266575	1114	60.3264667511714	79.7325924241831
15	WGN07	94.9999999999991	2.38153805143297	1114	89.3325736925421	98.6067486748314
16	WGN07	87.6084148543801	3.60036941751758	1114	79.7370455044816	93.7575882200809
17	WGN07	96.0609040895828	2.12560387250883	1114	90.8675157541999	99.1450329850571
18	WGN07	90.6003748701053	3.1888271886065	1114	83.4618133195204	95.8797301013344
20	WGN07	72.8267561993142	4.86101482902384	1114	62.8392339844497	81.7689765047274
21	WGN07	84.9999999999976	3.90180726014818	1114	76.6014250482575	91.7958256819186
22	WGN07	91.025116709308	3.12324279797671	1114	84.0045293144213	96.1670476513349
23	WGN07	85.1118198892825	5.50223096957287	1114	72.8782269517775	94.140556864719
24	WGN07	96.6630318022312	1.96253296422224	1114	91.7733719050897	99.4158591236989
25	WGN07	84.9999999999981	3.90180726014816	1114	76.601425048258	91.795825681919
26	WGN07	87.60841485438	3.60036941751762	1114	79.7370455044814	93.7575882200808
27	WGN07	87.6084148543806	3.60036941751746	1114	79.7370455044824	93.7575882200811
28	WGN07	89.9999999999987	3.27817379886085	1114	82.7012182955703	95.4670682532052
29	WGN07	90.5058928967413	3.2031421483097	1114	83.3416220184367	95.8152840532279
30	WGN07	93.5817059099117	2.67803350009015	1114	87.3694478223691	97.7982340738945
31	WGN07	80.2393401911603	4.35116062052199	1114	71.0748323593972	88.0191028683175
32	WGN07	89.9999999999991	3.27817379886082	1114	82.7012182955707	95.4670682532055
33	WGN07	89.9999999999993	3.27817379886081	1114	82.7012182955709	95.4670682532056
34	WGN07	87.6084148543798	3.60036941751759	1114	79.7370455044813	93.7575882200806
35	WGN07	77.5494935745733	4.55945857359729	1114	68.0409971103231	85.796420589951
36	WGN07	73.4596934287955	4.82489918678026	1114	63.5279999058836	82.3171010513308
37	WGN07	98.9685521623384	1.56169174580509	1114	93.7163016597269	100
38	WGN07	89.3315580778091	3.37336762946217	1114	81.8627296013726	94.9992829545295
39	WGN07	67.7296313616519	5.10860164992431	1114	57.3767392950784	77.2706333219668
40	WGN07	82.5708022183306	4.14536399719518	1114	73.7536184088287	89.8964766143224
41	WGN07	70.1204006516716	5.00173063577655	1114	59.9208568478651	79.3985742425369
42	WGN07	85.3553390593245	3.86336487180439	1114	77.0234792055195	92.0681776599425
44	WGN07	92.9999999999986	2.78805421387502	1114	86.5868398048742	97.4440682350594
46	WGN07	89.9999999999983	3.278173798861	1114	82.7012182955696	95.467068253205
47	WGN07	72.5353779278421	4.87722142385357	1114	62.5229714066438	81.5158255770703
48	WGN07	85.3553390593265	3.86336487180429	1114	77.0234792055215	92.0681776599443
49	WGN07	75.1691251538222	4.72091823339596	1114	65.4007528525171	83.7849318276337
50	WGN07	91.2933758163363	3.08074145663511	1114	84.3494005168204	96.3464103176235
51	WGN07	74.8640667423815	6.70513129541005	1114	60.7739689397286	86.6846794317066
52	WGN07	69.9999999999989	5.0074931915001	1114	59.7919926803086	79.2921505940782
53	WGN07	90.6003748701054	3.18882718860653	1114	83.4618133195204	95.8797301013345
54	WGN07	93.9786217196664	2.59940058093703	1114	87.910381665357	98.032955949723
55	WGN07	82.570802218331	4.1453639971951	1114	73.7536184088292	89.8964766143226
56	WGN07	98.7339717240445	1.2217032427187	1114	95.2393626384947	99.9969140211341
57	WGN07	75.1691251538218	4.72091823339615	1114	65.4007528525163	83.7849318276335
58	WGN07	70.1204006516723	5.00173063577651	1114	59.9208568478659	79.3985742425375
59	WGN07	84.9999999999992	3.90180726014818	1114	76.601425048259	91.79582568192
60	WGN07	93.5817059099122	2.67803350009004	1114	87.3694478223699	97.7982340738948
61	WGN07	81.026015628123	4.28452055887291	1114	71.9732504637798	88.6580115383696
63	WGN07	74.9999999999983	4.73163631305655	1114	65.2146309096482	83.6405481833347
64	WGN07	84.9999999999984	3.90180726014828	1114	76.601425048258	91.7958256819194
66	WGN07	87.2116375225949	3.64926506373198	1114	79.2541483474132	93.4651002729731
67	WGN07	77.9615198335538	4.52941056876125	1114	68.502095847785	86.1405065194293
68	WGN07	92.6975711163333	2.84301116736337	1114	86.1843288963724	97.2555704525867
69	WGN07	65.1495231775704	7.36517473206934	1114	50.2274698086072	78.6887932037383
71	WGN07	96.6630318022307	1.96253296422234	1114	91.7733719050891	99.4158591236987
73	WGN07	95.4763098818767	2.27093632099863	1114	90.0133301697674	98.8568003809216
74	WGN07	93.3135224943194	2.72949124755701	1114	87.0072115797163	97.6363843646061
75	WGN07	89.9999999999986	3.27817379886083	1114	82.7012182955703	95.4670682532051
76	WGN07	87.6084148543802	3.6003694175176	1114	79.7370455044817	93.757588220081
77	WGN07	87.6084148543805	3.60036941751756	1114	79.7370455044821	93.7575882200812
78	WGN07	82.5708022183276	4.14536399719559	1114	73.7536184088248	89.8964766143201
79	WGN07	62.5167030581208	5.28965862397329	1114	51.9306327425907	72.5295980397381
80	WGN07	98.1314235093984	1.47968819759911	1114	94.1482886826601	99.9104839394209
81	WGN07	94.5107258321832	2.48890735262017	1114	88.6454436209531	98.3377356626515
82	WGN07	89.9999999999991	3.2781737988608	1114	82.7012182955708	95.4670682532055
83	WGN07	83.1734976624644	4.08789872345384	1114	74.4544047939133	90.3734819837051
84	WGN07	92.6975711163338	2.84301116736333	1114	86.1843288963729	97.2555704525871
85	WGN07	84.4620515027235	3.95857038980744	1114	75.9652702800587	91.3807176430321
86	WGN07	93.3135224943207	2.72949124755682	1114	87.0072115797179	97.6363843646069
87	WGN07	87.6084148543807	3.60036941751752	1114	79.7370455044823	93.7575882200813
88	WGN07	92.6975711163333	2.84301116736339	1114	86.1843288963723	97.2555704525867
89	WGN07	75.1691251538217	4.72091823339608	1114	65.4007528525164	83.7849318276334
90	WGN07	69.9999999999981	5.00749319150003	1114	59.791992680308	79.2921505940773
91	WGN07	93.0332101351113	2.7819292390834	1114	86.6312154717644	97.4645920521144
92	WGN07	92.9197640807411	3.96461468510402	1114	83.3007468715953	98.6212497509789
93	WGN07	94.9999999999992	2.38153805143297	1114	89.3325736925422	98.6067486748314
94	WGN07	85.3553390593263	3.86336487180417	1114	77.0234792055216	92.0681776599438
95	WGN07	70.0937657538343	5.00300897394543	1114	59.8923427443547	79.3750382378889
96	WGN07	93.5817059099104	2.67803350009036	1114	87.3694478223675	97.7982340738936
97	WGN07	90.0938953909048	4.61766272664581	1114	79.3420544925508	97.1861378950071
98	WGN07	84.9999999999988	3.90180726014811	1114	76.6014250482589	91.7958256819196
99	WGN07	89.9999999999986	3.27817379886091	1114	82.70121829557	95.4670682532051
100	WGN07	79.9999999999984	4.37089839848106	1114	70.8025408173671	87.8236740942133
101	WGN07	92.6975711163335	2.84301116736334	1114	86.1843288963726	97.2555704525869
102	WGN07	91.0251167093086	3.12324279797669	1114	84.004529314422	96.1670476513354
103	WGN07	85.8584147024077	3.80759897718249	1114	77.6236178688353	92.4511530222327
104	WGN07	93.5089611968185	2.69212015192647	1114	87.2709406139003	97.754583042914
105	WGN07	84.9999999999986	3.9018072601482	1114	76.6014250482584	91.7958256819194
106	WGN07	91.0251167093071	3.12324279797704	1114	84.0045293144197	96.1670476513345
107	WGN07	67.5249921620576	5.11702599941293	1114	57.1603825678435	77.0870826593767
108	WGN07	82.5708022183302	4.14536399719527	1114	73.7536184088281	89.8964766143221
109	WGN07	94.9314223170638	3.39055753939507	1114	86.3297649306525	99.4319326495452
110	WGN07	82.570802218331	4.14536399719518	1114	73.7536184088291	89.8964766143227
112	WGN07	88.7381563638152	3.45438442948788	1114	81.1251670283748	94.5772156470772
113	WGN07	96.0609040895827	2.12560387250877	1114	90.8675157542	99.145032985057
114	WGN07	89.9499834699199	3.28544841030861	1114	82.638182584961	95.4323613024299
115	WGN07	79.9999999999983	4.37089839848103	1114	70.802540817367	87.8236740942131
116	WGN07	93.0332101351119	2.78192923908324	1114	86.6312154717653	97.4645920521147
117	WGN07	84.9999999999986	3.90180726014816	1114	76.6014250482585	91.7958256819194
118	WGN07	94.9999999999996	2.38153805143294	1114	89.3325736925426	98.6067486748317
119	WGN07	92.697571116333	2.84301116736337	1114	86.1843288963721	97.2555704525865
120	WGN07	73.4596934287968	4.82489918678025	1114	63.5279999058848	82.317101051332
121	WGN07	79.9999999999981	4.3708983984811	1114	70.8025408173666	87.823674094213
122	WGN07	95.0681350153815	3.34692629137559	1114	86.5445407042107	99.4781037252938
123	WGN07	89.9999999999987	3.27817379886083	1114	82.7012182955703	95.4670682532051
124	WGN07	95.047878605368	2.37070532580091	1114	89.4004484255457	98.6324386554283
125	WGN07	89.9999999999989	3.27817379886089	1114	82.7012182955703	95.4670682532054
126	WGN07	88.7381563638154	3.45438442948785	1114	81.1251670283749	94.5772156470772
127	WGN07	95.0000000000008	2.38153805143263	1114	89.3325736925443	98.6067486748323
128	WGN07	87.6084148543805	3.60036941751753	1114	79.7370455044822	93.7575882200812
129	WGN07	79.9999999999988	4.37089839848109	1114	70.8025408173674	87.8236740942137
130	WGN07	87.6084148543805	3.6003694175176	1114	79.7370455044819	93.7575882200812
1	WGN15	8.97488329070088	3.12324279797761	1114	3.83295234867177	15.9954706855888
2	WGN15	37.4832969418891	5.28965862397348	1114	27.4704019602712	48.0693672574193
3	WGN15	67.7296313616638	5.10860164992376	1114	57.3767392950911	77.2706333219774
4	WGN15	96.0609040895879	2.12560387250745	1114	90.8675157542076	99.1450329850594
5	WGN15	75.169125153833	4.72091823339536	1114	65.4007528525287	83.784931827643
7	WGN15	93.3135224943261	2.72949124755572	1114	87.0072115797254	97.6363843646101
8	WGN15	83.1734976624761	4.08789872345268	1114	74.4544047939269	90.3734819837142
9	WGN15	24.8308748461854	4.72091823339652	1114	16.2150681723728	34.5992471474915
10	WGN15	42.4903902029164	5.40164812943683	1114	32.1447962010587	53.1798705367428
11	WGN15	80.0000000000124	4.37089839847999	1114	70.8025408173827	87.8236740942248
12	WGN15	47.4713166855949	5.45663138204831	1114	36.9046195382846	58.1538094139271
13	WGN15	25.0000000000109	4.73163631305713	1114	16.3594518166731	34.7853690903619
14	WGN15	72.8267561993285	4.86101482902291	1114	62.8392339844655	81.7689765047396
15	WGN15	90.0000000000032	3.27817379886013	1114	82.7012182955761	95.4670682532082
16	WGN15	92.6975711163411	2.84301116736199	1114	86.1843288963827	97.2555704525916
17	WGN15	35.0000000000075	5.21196415965204	1114	25.1952423437826	45.4916502004402
18	WGN15	42.4903902029161	5.40164812943673	1114	32.1447962010586	53.1798705367423
19	WGN15	75.1691251538311	4.72091823339539	1114	65.4007528525269	83.7849318276413
20	WGN15	82.5708022183417	4.14536399719422	1114	73.7536184088413	89.8964766143313
21	WGN15	95.0000000000065	2.38153805143134	1114	89.3325736925524	98.6067486748353
22	WGN15	16.8265023375427	4.08789872345453	1114	9.62651801630055	25.545595206095
23	WGN15	82.5708022183414	4.14536399719426	1114	73.753618408841	89.896476614331
24	WGN15	88.5889894354151	3.47426265105191	1114	80.9407106469433	94.470168948439
25	WGN15	90.0000000000041	3.27817379886004	1114	82.7012182955771	95.4670682532089
26	WGN15	82.5708022183391	4.14536399719435	1114	73.7536184088386	89.8964766143291
27	WGN15	75.0000000000085	4.73163631305589	1114	65.2146309096595	83.6405481833434
28	WGN15	39.9474829752436	5.35206079214272	1114	29.7566638357198	50.5986353810895
29	WGN15	57.5096097971043	5.40164812943642	1114	46.8201294632783	67.8552037989607
30	WGN15	87.6084148543909	3.60036941751628	1114	79.7370455044947	93.7575882200888
31	WGN15	85.3553390593352	3.86336487180325	1114	77.0234792055321	92.0681776599508
32	WGN15	67.5249921620724	5.1170259994123	1114	57.1603825678592	77.0870826593899
33	WGN15	72.5353779278537	4.87722142385286	1114	62.5229714066566	81.5158255770803
34	WGN15	27.1732438006908	4.86101482902396	1114	18.2310234952772	37.1607660155554
35	WGN15	77.5494935745866	4.55945857359648	1114	68.0409971103376	85.7964205899623
36	WGN15	70.0000000000126	5.00749319149944	1114	59.7919926803232	79.2921505940903
37	WGN15	72.8267561993292	4.86101482902292	1114	62.8392339844662	81.7689765047403
38	WGN15	60.0525170247803	5.35206079214222	1114	49.4013646189348	70.2433361643026
39	WGN15	83.1734976624772	4.08789872345265	1114	74.454404793928	90.3734819837152
40	WGN15	87.6084148543927	3.60036941751612	1114	79.7370455044967	93.7575882200903
41	WGN15	82.3788386030755	4.1632818871374	1114	73.5311621887598	89.7437961622861
43	WGN15	70.1204006516841	5.00173063577598	1114	59.9208568478784	79.398574242548
44	WGN15	87.6084148543901	3.60036941751638	1114	79.7370455044937	93.7575882200883
45	WGN15	29.8795993483379	5.00173063577701	1114	20.6014257574714	40.079143152145
46	WGN15	91.0251167093161	3.12324279797547	1114	84.0045293144317	96.1670476513403
47	WGN15	47.4968612470213	5.45677201430899	1114	36.9293053959866	58.1790429211587
48	WGN15	65.0831954163629	5.20909646515993	1114	54.5952240205148	74.8804645139218
50	WGN15	90.0000000000053	3.27817379885986	1114	82.7012182955787	95.4670682532097
51	WGN15	77.5494935745851	4.55945857359652	1114	68.0409971103361	85.796420589961
52	WGN15	82.5708022183418	4.14536399719421	1114	73.7536184088415	89.8964766143314
53	WGN15	75.1691251538354	4.7209182333952	1114	65.4007528525315	83.7849318276451
54	WGN15	37.4832969418893	5.28965862397357	1114	27.4704019602712	48.0693672574197
55	WGN15	92.5076669326217	2.87678974470127	1114	85.9330026447695	97.1357845879602
56	WGN15	52.5286833144261	5.45663138204815	1114	41.8461905860937	63.0953804617357
57	WGN15	32.4750078379509	5.11702599941323	1114	22.912917340631	42.8396174321654
58	WGN15	95.000000000005	2.38153805143163	1114	89.3325736925505	98.6067486748345
59	WGN15	90.0000000000075	3.2781737988596	1114	82.7012182955812	95.4670682532113
60	WGN15	91.5605519132672	3.03753956916714	1114	84.6945775379928	96.5233507390481
61	WGN15	96.5173015196952	2.00341648905011	1114	91.5513741029514	99.3530697637345
62	WGN15	50.0000000000102	5.46362299810099	1114	39.3617917019817	60.6382082980382
63	WGN15	77.549493574585	4.55945857359652	1114	68.040997110336	85.7964205899609
64	WGN15	65.0831954163618	5.2090964651598	1114	54.595224020514	74.8804645139205
65	WGN15	72.5353779278557	4.87722142385271	1114	62.5229714066588	81.5158255770819
66	WGN15	65.0831954163612	5.2090964651598	1114	54.5952240205135	74.8804645139199
67	WGN15	60.0000000000113	5.35323539691296	1114	49.347762975564	70.1943086616525
68	WGN15	55.0254481002717	5.43595604720102	1114	44.326045300318	65.4947213781332
69	WGN15	67.5249921620718	5.11702599941234	1114	57.1603825678585	77.0870826593894
70	WGN15	62.5167030581328	5.28965862397277	1114	51.9306327426035	72.5295980397489
71	WGN15	39.7845178155488	5.34837504431477	1114	29.6046065059363	50.4322250283608
72	WGN15	19.7606598088505	4.35116062052275	1114	11.9808971316915	28.9251676406148
73	WGN15	90.0000000000073	3.27817379885965	1114	82.701218295581	95.4670682532112
74	WGN15	55.0000000000127	5.43623624419738	1114	44.3006342994494	65.4704015191727
75	WGN15	17.429197781676	4.14536399719576	1114	10.1035233856829	26.2463815911789
77	WGN15	90.0000000000059	3.27817379885985	1114	82.7012182955792	95.4670682532102
78	WGN15	94.5107258321899	2.48890735261875	1114	88.6454436209624	98.3377356626554
79	WGN15	82.3788386030719	4.16328188713766	1114	73.5311621887558	89.7437961622831
80	WGN15	82.5708022183408	4.14536399719424	1114	73.7536184088404	89.8964766143304
81	WGN15	80.0000000000083	4.3708983984802	1114	70.8025408173784	87.8236740942212
82	WGN15	55.0000000000129	5.43623624419732	1114	44.3006342994497	65.4704015191728
83	WGN15	82.5708022183419	4.1453639971942	1114	73.7536184088416	89.8964766143314
84	WGN15	72.5353779278545	4.87722142385276	1114	62.5229714066575	81.5158255770808
85	WGN15	85.0000000000087	3.9018072601471	1114	76.6014250482705	91.7958256819272
86	WGN15	75.1691251538326	4.72091823339532	1114	65.4007528525284	83.7849318276425
87	WGN15	44.9745518997518	5.43595604720123	1114	34.5052786218893	55.6739546997053
88	WGN15	87.6084148543897	3.6003694175164	1114	79.7370455044933	93.7575882200879
89	WGN15	57.5096097971057	5.40164812943649	1114	46.8201294632795	67.8552037989622
90	WGN15	24.2912673691032	4.68607025381734	1114	15.7556681979526	34.0041423246008
91	WGN15	97.5246140987572	1.69781081963543	1114	93.1306669573817	99.7422743674118
92	WGN15	42.4903902029183	5.40164812943684	1114	32.1447962010605	53.1798705367446
93	WGN15	52.5031387530023	5.45677201430878	1114	41.8209570788647	63.0706946040361
94	WGN15	80.2393401911697	4.35116062052107	1114	71.0748323594082	88.019102868325
95	WGN15	52.5286833144271	5.45663138204816	1114	41.8461905860947	63.0953804617366
96	WGN15	75.1356873312081	6.68089171317602	1114	61.0800279870572	86.8970692024705
97	WGN15	50.0000000000126	5.46362299810118	1114	39.3617917019836	60.6382082980409
98	WGN15	52.5286833144287	5.45663138204826	1114	41.8461905860961	63.0953804617384
99	WGN15	42.490390202918	5.40164812943681	1114	32.1447962010604	53.1798705367443
100	WGN15	57.5878849641376	5.40034181850231	1114	46.8991559244979	67.9291432298989
101	WGN15	9.39962512990024	3.18882718860728	1114	4.12026989866944	16.5381866804865
102	WGN15	60.0525170247808	5.35206079214213	1114	49.4013646189355	70.243336164303
103	WGN15	85.0000000000096	3.90180726014702	1114	76.6014250482715	91.7958256819279
104	WGN15	96.0609040895879	2.12560387250746	1114	90.8675157542076	99.1450329850595
106	WGN15	75.00000000001	4.73163631305585	1114	65.214630909661	83.6405481833448
107	WGN15	60.0000000000114	5.35323539691297	1114	49.3477629755641	70.1943086616526
108	WGN15	57.5096097971058	5.40164812943644	1114	46.8201294632797	67.8552037989622
109	WGN15	85.0000000000087	3.90180726014711	1114	76.6014250482704	91.7958256819272
110	WGN15	92.0000000000059	2.96448752612012	1114	85.2662033096001	96.8104975666283
111	WGN15	75.0000000000111	4.73163631305585	1114	65.214630909662	83.6405481833458
112	WGN15	62.5167030581342	5.28965862397291	1114	51.9306327426045	72.5295980397504
113	WGN15	85.3553390593351	3.86336487180321	1114	77.023479205532	92.0681776599506
114	WGN15	12.3915851456262	3.60036941751843	1114	6.24241177992367	20.2629544955262
115	WGN15	90.0000000000073	3.27817379885965	1114	82.7012182955809	95.4670682532112
116	WGN15	70.1204006516844	5.00173063577598	1114	59.9208568478788	79.3985742425484
117	WGN15	81.0260156281338	4.28452055887198	1114	71.9732504637923	88.6580115383784
118	WGN15	77.5494935745848	4.55945857359654	1114	68.0409971103358	85.7964205899608
119	WGN15	93.3135224943275	2.72949124755551	1114	87.0072115797271	97.636384364611
120	WGN15	85.000000000009	3.90180726014709	1114	76.6014250482707	91.7958256819275
121	WGN15	52.5031387530028	5.45677201430875	1114	41.8209570788653	63.0706946040366
122	WGN15	75.0000000000096	4.73163631305581	1114	65.2146309096607	83.6405481833443
123	WGN15	65.0000000000119	5.21196415965152	1114	54.5083497995797	74.8047576562353
124	WGN15	67.5249921620715	5.11702599941234	1114	57.1603825678582	77.0870826593891
125	WGN15	97.524614098756	1.6978108196358	1114	93.1306669573798	99.7422743674114
126	WGN15	52.5031387530034	5.45677201430883	1114	41.8209570788657	63.0706946040373
127	WGN15	85.3553390593351	3.86336487180322	1114	77.023479205532	92.0681776599506
128	WGN15	27.1732438006933	4.86101482902418	1114	18.2310234952793	37.1607660155583
129	WGN15	60.0525170247808	5.35206079214215	1114	49.4013646189354	70.2433361643029
130	WGN15	57.5096097971053	5.40164812943641	1114	46.8201294632792	67.8552037989616
1	WGN26	67.7296313616512	5.10860164992405	1114	57.3767392950783	77.2706333219656
3	WGN26	64.9999999999991	5.21196415965193	1114	54.5083497995663	74.8047576562235
4	WGN26	94.5107258321832	2.48890735262015	1114	88.6454436209531	98.3377356626515
5	WGN26	49.9999999999986	5.4636229981012	1114	39.36179170197	60.6382082980273
6	WGN26	85.3553390593266	3.86336487180415	1114	77.023479205522	92.0681776599442
7	WGN26	67.5249921620593	5.11702599941288	1114	57.1603825678452	77.0870826593782
8	WGN26	90.6003748701063	3.18882718860634	1114	83.4618133195217	95.8797301013351
9	WGN26	80.2393401911588	4.35116062052193	1114	71.074832359396	88.0191028683161
10	WGN26	94.5107258321832	2.48890735262015	1114	88.6454436209531	98.3377356626515
11	WGN26	74.9999999999986	4.73163631305655	1114	65.2146309096484	83.640548183335
12	WGN26	87.6084148543805	3.60036941751748	1114	79.7370455044823	93.7575882200811
13	WGN26	69.999999999999	5.00749319150009	1114	59.7919926803087	79.2921505940783
14	WGN26	94.7213595499962	2.44340648543703	1114	88.9398492192991	98.4549519845766
15	WGN26	89.3315580778105	3.37336762946207	1114	81.8627296013742	94.9992829545307
17	WGN26	49.9999999999986	5.46362299810123	1114	39.3617917019699	60.6382082980273
18	WGN26	62.5167030581214	5.28965862397324	1114	51.9306327425914	72.5295980397385
19	WGN26	65.0831954163493	5.20909646516034	1114	54.5952240205008	74.8804645139093
20	WGN26	70.1436297352244	7.07352175208917	1114	55.5571749416854	82.8914606107153
21	WGN26	75.1691251538229	4.72091823339601	1114	65.4007528525176	83.7849318276344
22	WGN26	72.5353779278434	4.8772214238535	1114	62.5229714066452	81.5158255770714
23	WGN26	82.5708022183305	4.14536399719517	1114	73.7536184088286	89.8964766143223
24	WGN26	70.1204006516726	5.00173063577657	1114	59.9208568478661	79.398574242538
25	WGN26	92.0000000000001	2.96448752612118	1114	85.2662033095923	96.8104975666246
26	WGN26	93.3135224943191	2.72949124755698	1114	87.0072115797162	97.6363843646058
27	WGN26	97.5246140987523	1.69781081963704	1114	93.1306669573738	99.7422743674102
28	WGN26	87.608414854381	3.60036941751745	1114	79.7370455044828	93.7575882200815
29	WGN26	72.5353779278435	4.87722142385344	1114	62.5229714066454	81.5158255770714
30	WGN26	60.0525170247687	5.35206079214236	1114	49.4013646189232	70.2433361642915
31	WGN26	49.9999999999991	5.46362299810126	1114	39.3617917019703	60.6382082980278
32	WGN26	92.6975711163339	2.8430111673632	1114	86.1843288963734	97.255570452587
33	WGN26	64.8503292665771	7.37971848140857	1114	49.9138296815774	78.4313546426427
34	WGN26	63.5748005572163	5.25840694063805	1114	53.0253536826585	73.5026188123164
35	WGN26	52.5031387529893	5.45677201430894	1114	41.8209570788518	63.0706946040237
36	WGN26	62.653011044102	5.28578495566032	1114	52.0713621749638	72.6552426500416
38	WGN26	95	2.38153805143278	1114	89.3325736925433	98.6067486748318
39	WGN26	62.5167030581205	5.28965862397328	1114	51.9306327425904	72.5295980397378
40	WGN26	85.355339059327	3.8633648718042	1114	77.0234792055222	92.0681776599446
41	WGN26	81.0260156281237	4.2845205588729	1114	71.9732504637806	88.6580115383703
42	WGN26	93.5089611968187	2.69212015192644	1114	87.2709406139006	97.7545830429141
43	WGN26	67.5249921620589	5.1170259994128	1114	57.160382567845	77.0870826593777
44	WGN26	82.5708022183314	4.14536399719512	1114	73.7536184088296	89.896476614323
45	WGN26	77.5494935745742	4.55945857359741	1114	68.0409971103237	85.796420589952
46	WGN26	92.6975711163339	2.84301116736326	1114	86.1843288963732	97.2555704525871
47	WGN26	89.999999999999	3.27817379886079	1114	82.7012182955706	95.4670682532053
48	WGN26	62.516703058121	5.28965862397332	1114	51.9306327425909	72.5295980397384
49	WGN26	67.5249921620598	5.11702599941278	1114	57.160382567846	77.0870826593785
50	WGN26	59.9999999999979	5.35323539691327	1114	49.3477629755503	70.19430866164
51	WGN26	87.6084148543812	3.60036941751746	1114	79.7370455044829	93.7575882200817
52	WGN26	89.94998346992	3.28544841030851	1114	82.6381825849613	95.4323613024299
53	WGN26	84.9999999999996	3.90180726014807	1114	76.6014250482597	91.7958256819202
54	WGN26	92.1161458040594	2.94474634414987	1114	85.4181278026644	96.8855460358813
55	WGN26	74.999999999999	4.73163631305647	1114	65.214630909649	83.6405481833353
56	WGN26	57.5096097970928	5.40164812943659	1114	46.8201294632667	67.8552037989498
57	WGN26	70.1204006516721	5.00173063577653	1114	59.9208568478657	79.3985742425374
58	WGN26	84.9999999999992	3.90180726014809	1114	76.6014250482593	91.7958256819199
59	WGN26	74.8640667423829	6.70513129541001	1114	60.7739689397299	86.6846794317077
60	WGN26	59.999999999999	5.35323539691323	1114	49.3477629755516	70.194308661641
61	WGN26	90.0938953909059	4.6176627266456	1114	79.3420544925522	97.1861378950077
62	WGN26	64.9999999999991	5.21196415965195	1114	54.5083497995663	74.8047576562236
64	WGN26	95.0478786053675	2.37070532580093	1114	89.4004484255453	98.632438655428
65	WGN26	49.8431797799296	7.7284239873863	1114	34.917821031243	64.7828524040818
66	WGN26	82.5708022183314	4.14536399719516	1114	73.7536184088294	89.8964766143231
67	WGN26	94.0393004587288	2.58710485251156	1114	87.9936120643555	98.0683043772855
68	WGN26	62.516703058121	5.28965862397323	1114	51.930632742591	72.5295980397382
69	WGN26	37.3469889558954	5.28578495566025	1114	27.344757349956	47.9286378250335
70	WGN26	85.3553390593267	3.86336487180414	1114	77.0234792055221	92.0681776599442
71	WGN26	72.5353779278437	4.87722142385342	1114	62.5229714066457	81.5158255770716
72	WGN26	89.9499834699199	3.28544841030852	1114	82.6381825849612	95.4323613024298
73	WGN26	80.2393401911591	4.35116062052196	1114	71.0748323593962	88.0191028683164
74	WGN26	95.5132775677531	2.2620760195069	1114	90.0667033015572	98.8756697656977
75	WGN26	47.4713166855837	5.45663138204821	1114	36.9046195382738	58.153809413916
76	WGN26	85.1118198892831	5.50223096957237	1114	72.8782269517792	94.1405568647189
77	WGN26	70.4988805276457	4.98334642266592	1114	60.326466751171	79.7325924241833
78	WGN26	80.239340191159	4.35116062052192	1114	71.0748323593961	88.0191028683162
79	WGN26	87.6084148543812	3.60036941751747	1114	79.7370455044829	93.7575882200817
80	WGN26	74.9999999999993	4.73163631305655	1114	65.2146309096492	83.6405481833357
81	WGN26	87.6084148543808	3.60036941751744	1114	79.7370455044827	93.7575882200813
82	WGN26	90.6003748701057	3.18882718860642	1114	83.461813319521	95.8797301013347
83	WGN26	92.5076669326142	2.87678974470257	1114	85.9330026447596	97.1357845879553
85	WGN26	93.1351441020612	2.76301490792931	1114	86.7676435684881	97.5273640438305
86	WGN26	52.5031387529902	5.45677201430878	1114	41.8209570788529	63.0706946040243
87	WGN26	82.5708022183314	4.14536399719519	1114	73.7536184088294	89.8964766143231
88	WGN26	44.9745518997386	5.43595604720108	1114	34.5052786218767	55.6739546996921
89	WGN26	91.0251167093091	3.12324279797659	1114	84.0045293144227	96.1670476513357
90	WGN26	94.0393004587288	2.58710485251156	1114	87.9936120643556	98.0683043772855
91	WGN26	75.708732630906	4.68607025381678	1114	65.9958576754092	84.2443318020552
92	WGN26	59.9999999999992	5.3532353969132	1114	49.3477629755518	70.1943086616412
93	WGN26	65.0831954163494	5.2090964651603	1114	54.595224020501	74.8804645139094
94	WGN26	96.6630318022315	1.96253296422214	1114	91.7733719050902	99.415859123699
95	WGN26	62.5167030581215	5.28965862397329	1114	51.9306327425914	72.5295980397388
96	WGN26	93.3135224943201	2.72949124755687	1114	87.0072115797173	97.6363843646065
97	WGN26	44.9745518997387	5.43595604720107	1114	34.5052786218768	55.6739546996922
98	WGN26	93.9786217196659	2.59940058093719	1114	87.9103816653561	98.0329559497227
99	WGN26	83.1734976624655	4.08789872345372	1114	74.4544047939146	90.3734819837059
100	WGN26	96.6630318022311	1.96253296422223	1114	91.7733719050896	99.4158591236988
101	WGN26	74.9999999999992	4.73163631305656	1114	65.214630909649	83.6405481833356
102	WGN26	92.6975711163341	2.84301116736323	1114	86.1843288963735	97.2555704525872
103	WGN26	90.6003748701057	3.18882718860639	1114	83.461813319521	95.8797301013346
104	WGN26	88.7381563638159	3.4543844294878	1114	81.1251670283756	94.5772156470776
105	WGN26	50.1568202200681	7.72842398738628	1114	35.2171475959161	65.0821789687548
106	WGN26	59.8462990065075	7.57712603043937	1114	44.7567505553232	74.0371196169015
108	WGN26	70.1436297352246	7.07352175208897	1114	55.557174941686	82.8914606107152
109	WGN26	57.5096097970929	5.40164812943665	1114	46.8201294632667	67.85520379895
111	WGN26	59.9999999999989	5.35323539691321	1114	49.3477629755515	70.1943086616409
112	WGN26	64.999999999999	5.21196415965193	1114	54.5083497995662	74.8047576562234
113	WGN26	94.5107258321834	2.48890735262011	1114	88.6454436209535	98.3377356626517
114	WGN26	94.931422317064	3.39055753939494	1114	86.3297649306531	99.4319326495453
115	WGN26	57.5096097970926	5.40164812943668	1114	46.8201294632663	67.8552037989498
116	WGN26	89.905711126823	4.65644605821814	1114	79.0875231325005	97.0814773774522
117	WGN26	77.5494935745743	4.55945857359732	1114	68.0409971103239	85.796420589952
118	WGN26	92.1161458040599	2.94474634414982	1114	85.4181278026649	96.8855460358817
119	WGN26	91.0251167093091	3.12324279797662	1114	84.0045293144226	96.1670476513357
120	WGN26	95.6227892407645	2.23557967699056	1114	90.2252985196289	98.9310830435356
121	WGN26	52.5031387529897	5.45677201430886	1114	41.8209570788523	63.070694604024
122	WGN26	89.9499834699198	3.28544841030854	1114	82.6381825849611	95.4323613024298
123	WGN26	75.1691251538227	4.72091823339599	1114	65.4007528525175	83.7849318276341
124	WGN26	90.0938953909056	4.61766272664564	1114	79.3420544925519	97.1861378950075
125	WGN26	94.0393004587291	2.5871048525115	1114	87.9936120643559	98.0683043772856
126	WGN26	29.8563702647751	7.07352175208894	1114	17.1085393892845	44.4428250583136
127	WGN26	55.025448100259	5.43595604720106	1114	44.3260453003056	65.4947213781209
128	WGN26	89.9057111268228	4.65644605821815	1114	79.0875231325003	97.081477377452
129	WGN26	60.0525170247681	5.35206079214236	1114	49.4013646189226	70.2433361642909
130	WGN26	89.9999999999994	3.27817379886078	1114	82.701218295571	95.4670682532056
1	WGN36	84.8878358137316	5.53616638469773	1114	72.598896534354	93.9923634344754
2	WGN36	92.6975711163333	2.84301116736339	1114	86.1843288963724	97.2555704525868
4	WGN36	75.169125153822	4.72091823339597	1114	65.4007528525168	83.7849318276334
5	WGN36	90.0938953909047	4.6176627266457	1114	79.342054492551	97.1861378950069
6	WGN36	89.9999999999986	3.27817379886084	1114	82.7012182955702	95.467068253205
7	WGN36	94.9999999999987	2.381538051433	1114	89.3325736925417	98.6067486748311
8	WGN36	82.5708022183303	4.14536399719538	1114	73.7536184088279	89.8964766143224
9	WGN36	70.1436297352236	7.07352175208901	1114	55.557174941685	82.8914606107143
10	WGN36	87.6084148543803	3.60036941751761	1114	79.7370455044818	93.7575882200811
11	WGN36	75.1356873311952	6.68089171317733	1114	61.0800279870424	86.8970692024607
12	WGN36	70.1204006516712	5.0017306357766	1114	59.9208568478647	79.3985742425367
13	WGN36	79.9999999999982	4.37089839848107	1114	70.8025408173668	87.8236740942131
14	WGN36	47.4713166855811	5.45663138204828	1114	36.9046195382712	58.1538094139136
15	WGN36	84.9999999999985	3.90180726014813	1114	76.6014250482585	91.7958256819193
16	WGN36	96.6630318022309	1.96253296422231	1114	91.7733719050893	99.4158591236987
17	WGN36	87.6084148543804	3.60036941751758	1114	79.7370455044819	93.7575882200811
18	WGN36	98.0436735722565	2.14068871752494	1114	91.7149204488586	100
19	WGN36	91.0251167093085	3.12324279797672	1114	84.0045293144218	96.1670476513354
20	WGN36	95.0478786053677	2.37070532580094	1114	89.4004484255454	98.6324386554281
21	WGN36	69.9999999999972	5.00749319150021	1114	59.7919926803067	79.2921505940768
22	WGN36	85.3553390593261	3.86336487180425	1114	77.0234792055212	92.0681776599438
23	WGN36	74.9999999999984	4.73163631305658	1114	65.2146309096483	83.6405481833349
24	WGN36	82.5708022183305	4.14536399719524	1114	73.7536184088284	89.8964766143223
26	WGN36	77.5494935745729	4.55945857359753	1114	68.0409971103222	85.796420589951
27	WGN36	89.9999999999988	3.27817379886091	1114	82.7012182955702	95.4670682532054
28	WGN36	77.9615198335539	4.52941056876119	1114	68.5020958477853	86.1405065194293
30	WGN36	79.999999999998	4.37089839848115	1114	70.8025408173665	87.8236740942131
31	WGN36	62.6530110441012	5.28578495566034	1114	52.071362174963	72.6552426500409
32	WGN36	90.0938953909038	4.61766272664594	1114	79.3420544925496	97.1861378950065
33	WGN36	87.6084148543795	3.60036941751769	1114	79.7370455044809	93.7575882200805
34	WGN36	84.9999999999968	3.9018072601484	1114	76.6014250482563	91.7958256819181
35	WGN36	67.5249921620582	5.1170259994128	1114	57.1603825678443	77.087082659377
36	WGN36	87.6084148543806	3.60036941751748	1114	79.7370455044823	93.7575882200811
37	WGN36	92.9197640807408	3.96461468510403	1114	83.3007468715951	98.6212497509787
38	WGN36	79.8743962680907	6.19728293924911	1114	66.5368797103081	90.4851063745166
39	WGN36	89.9999999999991	3.27817379886085	1114	82.7012182955706	95.4670682532055
40	WGN36	98.1314235093985	1.47968819759908	1114	94.1482886826603	99.9104839394209
41	WGN36	92.6975711163338	2.84301116736328	1114	86.1843288963731	97.2555704525871
42	WGN36	85.3553390593264	3.86336487180419	1114	77.0234792055216	92.068177659944
43	WGN36	89.9999999999988	3.27817379886086	1114	82.7012182955703	95.4670682532052
44	WGN36	87.6084148543806	3.60036941751753	1114	79.7370455044822	93.7575882200812
45	WGN36	57.5878849641254	5.40034181850245	1114	46.8991559244858	67.9291432298872
46	WGN36	83.1734976624652	4.08789872345372	1114	74.4544047939143	90.3734819837056
47	WGN36	77.5494935745739	4.55945857359734	1114	68.0409971103236	85.7964205899517
48	WGN36	90.6003748701053	3.18882718860646	1114	83.4618133195204	95.8797301013343
49	WGN36	94.9999999999993	2.38153805143294	1114	89.3325736925423	98.6067486748314
51	WGN36	85.3553390593263	3.86336487180422	1114	77.0234792055215	92.068177659944
52	WGN36	85.3553390593261	3.86336487180424	1114	77.0234792055213	92.0681776599438
53	WGN36	91.560551913259	3.03753956916848	1114	84.6945775379822	96.5233507390426
54	WGN36	89.9999999999987	3.27817379886086	1114	82.7012182955703	95.4670682532052
55	WGN36	87.6084148543803	3.60036941751755	1114	79.7370455044818	93.757588220081
56	WGN36	91.9999999999987	2.96448752612134	1114	85.2662033095907	96.8104975666237
57	WGN36	87.6084148543803	3.60036941751758	1114	79.7370455044818	93.757588220081
58	WGN36	79.9999999999981	4.37089839848109	1114	70.8025408173667	87.823674094213
59	WGN36	44.974551899737	5.43595604720109	1114	34.5052786218751	55.6739546996906
60	WGN36	77.5494935745736	4.55945857359736	1114	68.0409971103232	85.7964205899514
62	WGN36	77.5494935745735	4.55945857359737	1114	68.0409971103231	85.7964205899514
64	WGN36	87.6084148543803	3.60036941751757	1114	79.7370455044819	93.757588220081
65	WGN36	90.6003748701049	3.18882718860652	1114	83.46181331952	95.8797301013341
66	WGN36	88.7381563638152	3.4543844294879	1114	81.1251670283746	94.5772156470771
68	WGN36	82.5708022183305	4.14536399719524	1114	73.7536184088284	89.8964766143223
69	WGN36	75.1356873311948	6.68089171317737	1114	61.0800279870419	86.8970692024603
70	WGN36	89.9499834699192	3.28544841030866	1114	82.6381825849602	95.4323613024294
71	WGN36	81.0260156281226	4.28452055887298	1114	71.9732504637793	88.6580115383694
72	WGN36	65.083195416348	5.20909646516031	1114	54.5952240204996	74.8804645139081
74	WGN36	62.51670305812	5.28965862397332	1114	51.9306327425898	72.5295980397373
75	WGN36	80.1253086202019	6.16819544056958	1114	66.8325425279832	90.6683660603191
76	WGN36	87.6084148543802	3.60036941751758	1114	79.7370455044817	93.757588220081
77	WGN36	72.5353779278425	4.87722142385349	1114	62.5229714066444	81.5158255770705
78	WGN36	89.905711126822	4.6564460582183	1114	79.0875231324992	97.0814773774516
79	WGN36	88.7381563638151	3.45438442948792	1114	81.1251670283745	94.577215647077
80	WGN36	74.8640667423818	6.7051312954101	1114	60.7739689397288	86.6846794317069
81	WGN36	94.7213595499947	2.44340648543731	1114	88.9398492192971	98.4549519845757
82	WGN36	77.5494935745732	4.55945857359739	1114	68.0409971103227	85.7964205899511
83	WGN36	83.1734976624647	4.08789872345379	1114	74.4544047939136	90.3734819837052
84	WGN36	93.5817059099116	2.67803350009014	1114	87.3694478223691	97.7982340738944
85	WGN36	72.5353779278423	4.8772214238535	1114	62.5229714066442	81.5158255770704
86	WGN36	72.5353779278423	4.87722142385347	1114	62.5229714066442	81.5158255770703
87	WGN36	59.999999999998	5.35323539691325	1114	49.3477629755505	70.1943086616401
88	WGN36	89.9999999999986	3.2781737988609	1114	82.7012182955701	95.4670682532052
89	WGN36	84.9999999999983	3.90180726014817	1114	76.6014250482583	91.7958256819192
90	WGN36	72.5353779278423	4.8772214238535	1114	62.5229714066442	81.5158255770704
92	WGN36	85.3553390593257	3.86336487180428	1114	77.0234792055208	92.0681776599435
93	WGN36	70.1436297352235	7.07352175208901	1114	55.5571749416849	82.8914606107142
94	WGN36	93.3135224943195	2.729491247557	1114	87.0072115797164	97.6363843646062
95	WGN36	95.8628072460626	2.17614920617708	1114	90.5755379110554	99.0498885574844
96	WGN36	65.083195416348	5.20909646516032	1114	54.5952240204996	74.8804645139081
97	WGN36	86.5706658587161	3.72583260546357	1114	78.4787681470124	92.9878890560807
98	WGN36	92.6975711163334	2.84301116736336	1114	86.1843288963725	97.2555704525867
99	WGN36	82.5708022183305	4.14536399719525	1114	73.7536184088284	89.8964766143223
100	WGN36	90.600374870105	3.18882718860651	1114	83.4618133195201	95.8797301013341
102	WGN36	94.9314223170634	3.39055753939515	1114	86.329764930652	99.4319326495451
104	WGN36	85.3553390593257	3.86336487180429	1114	77.0234792055208	92.0681776599435
105	WGN36	75.1356873311954	6.68089171317725	1114	61.0800279870428	86.8970692024608
106	WGN36	47.496861247007	5.45677201430881	1114	36.9293053959729	58.1790429211444
107	WGN36	72.5353779278424	4.87722142385345	1114	62.5229714066444	81.5158255770704
108	WGN36	83.1734976624647	4.08789872345382	1114	74.4544047939136	90.3734819837053
109	WGN36	93.5817059099114	2.67803350009018	1114	87.3694478223688	97.7982340738943
110	WGN36	89.9999999999985	3.27817379886091	1114	82.7012182955699	95.467068253205
112	WGN36	42.4903902029041	5.40164812943659	1114	32.1447962010471	53.1798705367303
114	WGN36	75.1691251538214	4.72091823339607	1114	65.4007528525161	83.7849318276331
116	WGN36	84.887835813728	5.53616638469853	1114	72.5988965343489	93.9923634344734
117	WGN36	67.5249921620583	5.11702599941288	1114	57.1603825678443	77.0870826593773
118	WGN36	82.5708022183304	4.14536399719525	1114	73.7536184088283	89.8964766143222
119	WGN36	92.0848819402495	4.17297648948111	1114	82.1013795840445	98.2270572098938
120	WGN36	82.5708022183303	4.14536399719529	1114	73.7536184088281	89.8964766143222
121	WGN36	92.6975711163334	2.84301116736337	1114	86.1843288963725	97.2555704525868
122	WGN36	57.5096097970914	5.40164812943667	1114	46.8201294632652	67.8552037989486
123	WGN36	72.5353779278423	4.8772214238535	1114	62.5229714066442	81.5158255770704
124	WGN36	54.9999999999976	5.4362362441975	1114	44.3006342994344	65.4704015191582
125	WGN36	95.5132775677525	2.26207601950705	1114	90.0667033015563	98.8756697656973
126	WGN36	72.5353779278423	4.8772214238535	1114	62.5229714066442	81.5158255770704
127	WGN36	87.6084148543803	3.60036941751757	1114	79.7370455044818	93.757588220081
128	WGN36	75.1691251538215	4.72091823339607	1114	65.4007528525161	83.7849318276331
129	WGN36	87.6084148543805	3.60036941751754	1114	79.7370455044821	93.7575882200812
130	WGN36	84.9999999999983	3.9018072601482	1114	76.6014250482582	91.7958256819192
1	WGN38	84.9999999999975	3.90180726014847	1114	76.6014250482567	91.7958256819188
2	WGN38	89.9999999999995	3.27817379886078	1114	82.7012182955712	95.4670682532058
3	WGN38	65.1495231775725	7.365174732069	1114	50.2274698086099	78.6887932037398
4	WGN38	97.744230427815	1.62257078853106	1114	93.4917545578768	99.8103625704314
5	WGN38	85.3553390593263	3.8633648718042	1114	77.0234792055216	92.068177659944
6	WGN38	72.8267561993158	4.86101482902356	1114	62.8392339844518	81.7689765047285
7	WGN38	47.4968612470078	5.45677201430881	1114	36.9293053959737	58.1790429211452
8	WGN38	95.5132775677529	2.26207601950694	1114	90.0667033015569	98.8756697656975
10	WGN38	31.8337520964455	5.09025254692645	1114	22.3384745890476	42.1609136199229
11	WGN38	57.5096097970921	5.40164812943668	1114	46.8201294632658	67.8552037989493
12	WGN38	57.7523343892142	5.39755219040063	1114	47.0652717255036	68.0843956734474
13	WGN38	96.0609040895826	2.12560387250879	1114	90.8675157541999	99.145032985057
14	WGN38	77.9615198335547	4.52941056876104	1114	68.5020958477863	86.1405065194298
16	WGN38	49.999999999998	5.46362299810116	1114	39.3617917019695	60.6382082980266
18	WGN38	37.4832969418768	5.28965862397317	1114	27.4704019602598	48.0693672574067
19	WGN38	97.5246140987526	1.69781081963696	1114	93.1306669573743	99.7422743674104
20	WGN38	62.6530110441029	5.28578495566022	1114	52.0713621749649	72.6552426500423
21	WGN38	94.7839729716945	2.42967447383454	1114	89.0277665874395	98.489394213664
22	WGN38	57.5878849641271	5.40034181850232	1114	46.8991559244877	67.9291432298886
23	WGN38	24.9999999999975	4.73163631305638	1114	16.3594518166615	34.7853690903474
24	WGN38	70.1204006516736	5.00173063577641	1114	59.9208568478674	79.3985742425386
26	WGN38	27.4646220721545	4.87722142385332	1114	18.4841744229268	37.4770285933523
27	WGN38	93.9999999999995	2.59507714056253	1114	87.9396886208689	98.0454265827859
28	WGN38	67.5249921620587	5.11702599941289	1114	57.1603825678446	77.0870826593776
29	WGN38	74.999999999999	4.73163631305656	1114	65.2146309096488	83.6405481833354
30	WGN38	79.9999999999993	4.37089839848099	1114	70.8025408173681	87.823674094214
32	WGN38	91.025116709309	3.12324279797666	1114	84.0045293144224	96.1670476513357
33	WGN38	87.6084148543807	3.60036941751751	1114	79.7370455044824	93.7575882200813
34	WGN38	79.9999999999983	4.37089839848105	1114	70.8025408173669	87.8236740942131
35	WGN38	76.742346141747	4.61648264808905	1114	67.1412990128551	85.118785392012
36	WGN38	64.9999999999995	5.2119641596519	1114	54.5083497995668	74.8047576562239
37	WGN38	62.5167030581206	5.28965862397333	1114	51.9306327425904	72.5295980397379
38	WGN38	95.5132775677535	2.26207601950681	1114	90.0667033015578	98.8756697656978
39	WGN38	27.4646220721546	4.87722142385331	1114	18.484174422927	37.4770285933524
40	WGN38	62.5167030581213	5.28965862397328	1114	51.9306327425912	72.5295980397385
41	WGN38	18.9739843718751	4.28452055887269	1114	11.3419884616289	28.0267495362179
42	WGN38	89.9999999999995	3.27817379886078	1114	82.7012182955712	95.4670682532058
45	WGN38	52.5286833144141	5.45663138204825	1114	41.8461905860818	63.0953804617241
46	WGN38	89.9499834699198	3.28544841030849	1114	82.6381825849612	95.4323613024297
47	WGN38	87.608414854381	3.60036941751748	1114	79.7370455044827	93.7575882200815
48	WGN38	67.5249921620588	5.11702599941289	1114	57.1603825678447	77.0870826593777
49	WGN38	79.9999999999989	4.37089839848101	1114	70.8025408173676	87.8236740942137
50	WGN38	62.6530110441028	5.28578495566026	1114	52.0713621749647	72.6552426500423
51	WGN38	89.9999999999999	3.27817379886069	1114	82.7012182955717	95.467068253206
52	WGN38	89.9999999999993	3.27817379886078	1114	82.701218295571	95.4670682532056
53	WGN38	94.9999999999994	2.38153805143288	1114	89.3325736925426	98.6067486748315
54	WGN38	87.8817412023049	3.56599030529243	1114	80.0710531516993	93.9577168800113
55	WGN38	90.0938953909055	4.61766272664564	1114	79.3420544925518	97.1861378950074
56	WGN38	65.0831954163496	5.20909646516021	1114	54.5952240205013	74.8804645139094
59	WGN38	74.9999999999985	4.73163631305661	1114	65.2146309096483	83.640548183335
61	WGN38	96.0609040895828	2.12560387250878	1114	90.8675157542	99.145032985057
63	WGN38	89.3315580778098	3.37336762946212	1114	81.8627296013734	94.99928295453
64	WGN38	85.3553390593265	3.86336487180417	1114	77.0234792055218	92.0681776599441
65	WGN38	92.6975711163343	2.84301116736321	1114	86.1843288963737	97.2555704525873
66	WGN38	84.9999999999991	3.90180726014813	1114	76.601425048259	91.7958256819199
67	WGN38	85.3553390593267	3.86336487180418	1114	77.0234792055219	92.0681776599442
68	WGN38	17.429197781667	4.145363997195	1114	10.1035233856757	26.2463815911687
69	WGN38	93.31352249432	2.7294912475569	1114	87.0072115797172	97.6363843646065
70	WGN38	57.5096097970932	5.40164812943658	1114	46.8201294632671	67.8552037989501
72	WGN38	55.0254481002587	5.43595604720113	1114	44.3260453003051	65.4947213781207
73	WGN38	75.1691251538224	4.72091823339601	1114	65.4007528525172	83.7849318276339
74	WGN38	70.1204006516718	5.0017306357766	1114	59.9208568478652	79.3985742425372
76	WGN38	64.9999999999986	5.21196415965191	1114	54.508349799566	74.8047576562231
77	WGN38	44.9745518997381	5.43595604720108	1114	34.5052786218762	55.6739546996916
78	WGN38	87.6084148543808	3.60036941751751	1114	79.7370455044824	93.7575882200814
80	WGN38	32.2703686383422	5.10860164992411	1114	22.7293666780279	42.6232607049155
81	WGN38	94.7839729716945	2.42967447383453	1114	89.0277665874395	98.489394213664
82	WGN38	39.9999999999985	5.3532353969132	1114	29.8056913383566	50.652237024446
83	WGN38	84.9999999999992	3.9018072601481	1114	76.6014250482592	91.7958256819199
84	WGN38	77.5494935745744	4.55945857359727	1114	68.0409971103241	85.796420589952
85	WGN38	98.0436735722566	2.14068871752488	1114	91.7149204488589	100
86	WGN38	55.1042235974982	5.43507957722327	1114	44.4047236935828	65.569986625874
87	WGN38	72.8267561993157	4.86101482902363	1114	62.8392339844516	81.7689765047285
88	WGN38	92.1161458040595	2.94474634414987	1114	85.4181278026644	96.8855460358814
89	WGN38	42.4903902029051	5.40164812943661	1114	32.1447962010481	53.1798705367313
90	WGN38	87.6084148543809	3.60036941751749	1114	79.7370455044826	93.7575882200815
91	WGN38	32.2703686383438	5.10860164992411	1114	22.7293666780295	42.623260704917
92	WGN38	77.9615198335544	4.52941056876122	1114	68.5020958477856	86.1405065194298
93	WGN38	94.9999999999994	2.38153805143291	1114	89.3325736925424	98.6067486748315
94	WGN38	80.2393401911586	4.35116062052198	1114	71.0748323593956	88.0191028683159
95	WGN38	72.8267561993157	4.86101482902362	1114	62.8392339844516	81.7689765047285
96	WGN38	82.5708022183312	4.14536399719518	1114	73.7536184088292	89.8964766143229
97	WGN38	52.5286833144147	5.45663138204826	1114	41.8461905860823	63.0953804617247
98	WGN38	75.7087326309054	4.68607025381676	1114	65.9958576754087	84.2443318020546
99	WGN38	60.0525170247677	5.35206079214244	1114	49.4013646189221	70.2433361642907
100	WGN38	82.5708022183311	4.1453639971952	1114	73.7536184088291	89.8964766143228
101	WGN38	55.025448100259	5.4359560472011	1114	44.3260453003055	65.494721378121
102	WGN38	72.8267561993156	4.86101482902363	1114	62.8392339844515	81.7689765047285
103	WGN38	44.9999999999985	5.43623624419744	1114	34.5295984808381	55.6993657005617
104	WGN38	92.6975711163337	2.84301116736327	1114	86.184328896373	97.255570452587
106	WGN38	88.1649493657781	3.52974849300271	1114	80.4183432154747	94.1638742381188
107	WGN38	72.535377927843	4.87722142385346	1114	62.5229714066449	81.515825577071
108	WGN38	27.1732438006818	4.86101482902348	1114	18.2310234952694	37.1607660155457
109	WGN38	34.6574283845843	5.20004376286914	1114	24.8837245696132	45.1337120696628
110	WGN38	87.608414854381	3.60036941751748	1114	79.7370455044827	93.7575882200815
111	WGN38	62.5167030581209	5.28965862397326	1114	51.9306327425909	72.5295980397381
113	WGN38	93.5089611968186	2.69212015192644	1114	87.2709406139004	97.754583042914
114	WGN38	39.9999999999988	5.35323539691319	1114	29.8056913383569	50.6522370244462
115	WGN38	47.4968612470077	5.45677201430882	1114	36.9293053959735	58.1790429211451
1	WGN39	75.0000000000005	4.73163631305686	1114	65.2146309096497	83.6405481833373
2	WGN39	69.9999999999977	5.00749319150007	1114	59.7919926803075	79.292150594077
3	WGN39	93.5817059099115	2.67803350009018	1114	87.3694478223689	97.7982340738943
4	WGN39	70.1204006516707	5.00173063577663	1114	59.9208568478641	79.3985742425362
5	WGN39	79.9999999999984	4.37089839848103	1114	70.8025408173671	87.8236740942132
6	WGN39	80.239340191158	4.35116062052203	1114	71.0748323593949	88.0191028683154
7	WGN39	67.5249921620579	5.11702599941298	1114	57.1603825678437	77.087082659377
8	WGN39	37.4832969418755	5.28965862397311	1114	27.4704019602586	48.0693672574053
9	WGN39	82.5708022183302	4.14536399719526	1114	73.7536184088281	89.8964766143221
10	WGN39	55.0254481002581	5.43595604720109	1114	44.3260453003046	65.49472137812
11	WGN39	70.1204006516711	5.0017306357766	1114	59.9208568478646	79.3985742425365
12	WGN39	62.5167030581197	5.28965862397331	1114	51.9306327425896	72.5295980397371
13	WGN39	75.1691251538212	4.7209182333961	1114	65.4007528525158	83.784931827633
14	WGN39	73.4596934287961	4.82489918678037	1114	63.5279999058839	82.3171010513315
15	WGN39	79.999999999998	4.37089839848103	1114	70.8025408173668	87.8236740942129
16	WGN39	54.9999999999971	5.43623624419754	1114	44.3006342994338	65.4704015191577
17	WGN39	67.7296313616524	5.10860164992427	1114	57.376739295079	77.2706333219672
18	WGN39	74.9999999999978	4.73163631305665	1114	65.2146309096475	83.6405481833344
19	WGN39	75.7087326309044	4.68607025381686	1114	65.9958576754075	84.2443318020538
20	WGN39	80.2393401911576	4.35116062052203	1114	71.0748323593945	88.019102868315
21	WGN39	47.4713166855808	5.45663138204829	1114	36.9046195382709	58.1538094139133
22	WGN39	57.587884964124	5.40034181850252	1114	46.8991559244842	67.929143229886
24	WGN39	77.5494935745728	4.55945857359736	1114	68.0409971103225	85.7964205899507
25	WGN39	73.4596934287961	4.8248991867803	1114	63.527999905884	82.3171010513314
26	WGN39	75.1356873311951	6.68089171317732	1114	61.0800279870423	86.8970692024605
27	WGN39	92.1161458040592	2.94474634414997	1114	85.4181278026639	96.8855460358812
28	WGN39	55.0254481002575	5.43595604720114	1114	44.3260453003039	65.4947213781196
29	WGN39	39.9999999999968	5.35323539691319	1114	29.805691338355	50.6522370244443
30	WGN39	64.9999999999978	5.21196415965188	1114	54.5083497995652	74.8047576562222
31	WGN39	80.2393401911576	4.35116062052203	1114	71.0748323593946	88.0191028683151
32	WGN39	70.1204006516709	5.00173063577669	1114	59.9208568478642	79.3985742425365
34	WGN39	70.1204006516707	5.00173063577668	1114	59.9208568478641	79.3985742425363
35	WGN39	60.0525170247667	5.35206079214245	1114	49.4013646189211	70.2433361642898
36	WGN39	44.9745518997355	5.43595604720105	1114	34.5052786218738	55.6739546996891
37	WGN39	59.9999999999966	5.35323539691327	1114	49.3477629755491	70.1943086616387
38	WGN39	82.5708022183306	4.14536399719525	1114	73.7536184088285	89.8964766143225
39	WGN39	57.5096097970908	5.40164812943661	1114	46.8201294632647	67.8552037989479
40	WGN39	74.999999999997	4.73163631305666	1114	65.2146309096467	83.6405481833336
41	WGN39	84.999999999997	3.90180726014829	1114	76.6014250482567	91.7958256819182
42	WGN39	75.1691251538215	4.72091823339605	1114	65.4007528525162	83.7849318276331
43	WGN39	90.0938953909035	4.61766272664603	1114	79.3420544925491	97.1861378950063
44	WGN39	84.9999999999975	3.90180726014826	1114	76.6014250482573	91.7958256819185
45	WGN39	79.9999999999975	4.37089839848111	1114	70.8025408173661	87.8236740942125
46	WGN39	59.846299006506	7.57712603043954	1114	44.7567505553215	74.0371196169005
47	WGN39	65.0831954163486	5.20909646516024	1114	54.5952240205003	74.8804645139085
48	WGN39	57.5096097970916	5.40164812943666	1114	46.8201294632654	67.8552037989488
49	WGN39	83.1734976624649	4.0878987234538	1114	74.4544047939138	90.3734819837054
50	WGN39	79.9999999999981	4.37089839848104	1114	70.8025408173668	87.823674094213
51	WGN39	77.5494935745727	4.5594585735974	1114	68.0409971103222	85.7964205899506
52	WGN39	65.0831954163475	5.20909646516035	1114	54.595224020499	74.8804645139077
53	WGN39	44.755690324948	5.43348691767771	1114	34.2962358298705	55.4552966343797
54	WGN39	52.5286833144133	5.45663138204831	1114	41.8461905860809	63.0953804617234
55	WGN39	70.120400651671	5.0017306357766	1114	59.9208568478645	79.3985742425365
56	WGN39	89.9999999999987	3.27817379886089	1114	82.7012182955702	95.4670682532053
57	WGN39	89.9999999999987	3.27817379886092	1114	82.7012182955701	95.4670682532052
58	WGN39	69.9999999999978	5.00749319150006	1114	59.7919926803077	79.2921505940771
59	WGN39	67.5249921620578	5.1170259994129	1114	57.1603825678437	77.0870826593768
60	WGN39	67.5249921620591	5.11702599941281	1114	57.1603825678452	77.0870826593779
61	WGN39	72.5353779278419	4.87722142385351	1114	62.5229714066438	81.51582557707
62	WGN39	62.5167030581204	5.28965862397327	1114	51.9306327425904	72.5295980397377
63	WGN39	82.5708022183305	4.14536399719529	1114	73.7536184088283	89.8964766143224
64	WGN39	55.0254481002572	5.43595604720118	1114	44.3260453003035	65.4947213781193
65	WGN39	77.549493574573	4.55945857359737	1114	68.0409971103226	85.7964205899509
66	WGN39	62.5167030581196	5.28965862397331	1114	51.9306327425895	72.529598039737
67	WGN39	75.1691251538213	4.72091823339609	1114	65.4007528525159	83.784931827633
68	WGN39	64.8503292665733	7.37971848140881	1114	49.9138296815732	78.4313546426395
69	WGN39	79.9999999999981	4.37089839848109	1114	70.8025408173667	87.823674094213
70	WGN39	79.8743962680915	6.19728293924894	1114	66.5368797103091	90.485106374517
71	WGN39	52.5286833144138	5.45663138204823	1114	41.8461905860816	63.0953804617238
72	WGN39	62.5167030581199	5.28965862397327	1114	51.9306327425899	72.5295980397372
73	WGN39	67.7296313616525	5.10860164992423	1114	57.3767392950792	77.2706333219672
74	WGN39	62.5167030581199	5.28965862397328	1114	51.9306327425898	72.5295980397372
75	WGN39	84.9999999999979	3.90180726014821	1114	76.6014250482577	91.7958256819188
76	WGN39	79.9999999999979	4.37089839848109	1114	70.8025408173665	87.8236740942128
77	WGN39	89.9999999999986	3.27817379886093	1114	82.70121829557	95.4670682532052
78	WGN39	84.9999999999981	3.9018072601482	1114	76.601425048258	91.7958256819191
79	WGN39	81.0260156281224	4.28452055887295	1114	71.9732504637792	88.6580115383691
80	WGN39	92.1161458040588	2.94474634414998	1114	85.4181278026635	96.885546035881
81	WGN39	93.5817059099115	2.67803350009018	1114	87.3694478223689	97.7982340738943
82	WGN39	77.5494935745731	4.5594585735974	1114	68.0409971103226	85.796420589951
83	WGN39	65.083195416348	5.20909646516031	1114	54.5952240204996	74.880464513908
84	WGN39	80.2393401911576	4.35116062052203	1114	71.0748323593946	88.0191028683151
85	WGN39	57.5096097970913	5.40164812943668	1114	46.8201294632651	67.8552037989486
86	WGN39	85.3553390593253	3.86336487180431	1114	77.0234792055204	92.0681776599432
87	WGN39	65.0831954163481	5.20909646516029	1114	54.5952240204997	74.8804645139081
88	WGN39	79.8743962680913	6.19728293924899	1114	66.5368797103089	90.4851063745169
89	WGN39	67.7296313616525	5.10860164992429	1114	57.376739295079	77.2706333219673
90	WGN39	60.0525170247664	5.35206079214247	1114	49.4013646189207	70.2433361642895
91	WGN39	65.8113883008395	5.18324788514332	1114	55.357073609403	75.5416546764474
92	WGN39	93.5817059099113	2.67803350009018	1114	87.3694478223687	97.7982340738942
93	WGN39	84.9999999999982	3.9018072601482	1114	76.601425048258	91.7958256819191
94	WGN39	39.7845178155366	5.34837504431454	1114	29.6046065059248	50.4322250283484
95	WGN39	59.9999999999975	5.35323539691326	1114	49.34776297555	70.1943086616397
96	WGN39	82.5708022183302	4.14536399719526	1114	73.7536184088281	89.8964766143221
97	WGN39	79.9999999999979	4.3708983984811	1114	70.8025408173665	87.8236740942129
98	WGN39	70.120400651671	5.00173063577662	1114	59.9208568478644	79.3985742425365
99	WGN39	79.9999999999979	4.37089839848109	1114	70.8025408173665	87.8236740942129
100	WGN39	74.9999999999978	4.73163631305664	1114	65.2146309096476	83.6405481833344
101	WGN39	64.9999999999976	5.21196415965195	1114	54.5083497995648	74.8047576562221
102	WGN39	52.5031387529883	5.45677201430885	1114	41.820957078851	63.0706946040226
104	WGN39	82.5708022183303	4.14536399719527	1114	73.7536184088282	89.8964766143222
105	WGN39	22.0384801664423	4.52941056876096	1114	13.8594934805675	31.4979041522106
106	WGN39	94.9999999999989	2.38153805143301	1114	89.3325736925418	98.6067486748312
107	WGN39	52.5031387529884	5.45677201430884	1114	41.820957078851	63.0706946040226
108	WGN39	60.0525170247667	5.35206079214245	1114	49.401364618921	70.2433361642897
109	WGN39	62.653011044101	5.28578495566033	1114	52.0713621749628	72.6552426500406
110	WGN39	91.0251167093082	3.12324279797674	1114	84.0045293144215	96.1670476513351
111	WGN39	83.1734976624646	4.0878987234538	1114	74.4544047939135	90.3734819837052
112	WGN39	74.9999999999978	4.73163631305664	1114	65.2146309096475	83.6405481833343
113	WGN39	75.1691251538213	4.72091823339606	1114	65.400752852516	83.784931827633
114	WGN39	82.5708022183303	4.14536399719526	1114	73.7536184088282	89.8964766143222
115	WGN39	82.5708022183303	4.14536399719526	1114	73.7536184088282	89.8964766143222
116	WGN39	85.3553390593256	3.8633648718043	1114	77.0234792055206	92.0681776599434
117	WGN39	72.5353779278421	4.87722142385349	1114	62.522971406644	81.5158255770702
118	WGN39	82.5708022183303	4.14536399719526	1114	73.7536184088281	89.8964766143222
120	WGN39	72.5353779278422	4.87722142385348	1114	62.5229714066441	81.5158255770702
121	WGN39	47.4968612470066	5.45677201430881	1114	36.9293053959726	58.179042921144
122	WGN39	75.1691251538213	4.72091823339606	1114	65.400752852516	83.784931827633
123	WGN39	70.120400651671	5.00173063577662	1114	59.9208568478644	79.3985742425364
124	WGN39	72.5353779278421	4.8772214238535	1114	62.522971406644	81.5158255770702
125	WGN39	72.8267561993147	4.86101482902369	1114	62.8392339844505	81.7689765047276
126	WGN39	70.120400651671	5.00173063577662	1114	59.9208568478644	79.3985742425365
127	WGN39	70.120400651671	5.00173063577663	1114	59.9208568478644	79.3985742425365
128	WGN39	82.5708022183303	4.14536399719526	1114	73.7536184088282	89.8964766143222
129	WGN39	84.9999999999982	3.90180726014821	1114	76.601425048258	91.7958256819191
130	WGN39	70.120400651671	5.00173063577661	1114	59.9208568478645	79.3985742425365
1	WGN45	69.9999999999989	5.0074931915002	1114	59.7919926803084	79.2921505940784
2	WGN45	67.524992162058	5.11702599941296	1114	57.1603825678438	77.0870826593771
3	WGN45	79.874396268092	6.19728293924892	1114	66.5368797103096	90.4851063745174
4	WGN45	73.9535240988748	4.79583952821468	1114	64.067105619597	82.7430427707505
5	WGN45	88.5889894354051	3.47426265105322	1114	80.9407106469309	94.4701689484317
6	WGN45	65.3425716154123	5.20004376286926	1114	54.8662879303336	75.1162754303838
7	WGN45	85.3553390593252	3.86336487180428	1114	77.0234792055203	92.068177659943
8	WGN45	89.9999999999984	3.27817379886091	1114	82.7012182955698	95.467068253205
9	WGN45	84.9999999999984	3.90180726014821	1114	76.6014250482582	91.7958256819193
10	WGN45	67.7296313616527	5.10860164992428	1114	57.3767392950793	77.2706333219675
11	WGN45	84.9999999999984	3.9018072601482	1114	76.6014250482582	91.7958256819193
12	WGN45	89.9999999999983	3.27817379886092	1114	82.7012182955697	95.4670682532048
13	WGN45	90.5058928967413	3.20314214830973	1114	83.3416220184366	95.8152840532279
14	WGN45	69.9999999999977	5.00749319150016	1114	59.7919926803073	79.2921505940771
15	WGN45	95.0681350153798	3.34692629137617	1114	86.5445407042079	99.4781037252933
16	WGN45	87.60841485438	3.60036941751758	1114	79.7370455044815	93.7575882200808
17	WGN45	82.5708022183297	4.14536399719526	1114	73.7536184088276	89.8964766143216
18	WGN45	57.5096097970916	5.40164812943665	1114	46.8201294632654	67.8552037989487
19	WGN45	89.9999999999987	3.27817379886092	1114	82.7012182955701	95.4670682532052
20	WGN45	82.5708022183305	4.14536399719528	1114	73.7536184088284	89.8964766143225
22	WGN45	64.999999999998	5.21196415965185	1114	54.5083497995655	74.8047576562223
23	WGN45	69.8561735236373	7.09291341787543	1114	55.2453699030361	82.6545909933141
24	WGN45	74.9999999999977	4.73163631305657	1114	65.2146309096476	83.6405481833342
25	WGN45	94.9999999999986	2.38153805143307	1114	89.3325736925414	98.606748674831
26	WGN45	62.5167030581203	5.28965862397327	1114	51.9306327425903	72.5295980397376
28	WGN45	81.0260156281229	4.28452055887293	1114	71.9732504637797	88.6580115383696
29	WGN45	47.4968612470066	5.45677201430884	1114	36.9293053959724	58.179042921144
31	WGN45	87.8817412023043	3.56599030529257	1114	80.0710531516984	93.9577168800109
32	WGN45	82.5708022183294	4.1453639971953	1114	73.7536184088273	89.8964766143214
33	WGN45	77.5494935745734	4.55945857359739	1114	68.040997110323	85.7964205899513
34	WGN45	82.5708022183311	4.14536399719518	1114	73.7536184088292	89.8964766143228
35	WGN45	90.6003748701044	3.1888271886066	1114	83.4618133195193	95.8797301013338
36	WGN45	79.9999999999984	4.37089839848107	1114	70.8025408173671	87.8236740942133
37	WGN45	87.6084148543802	3.60036941751756	1114	79.7370455044818	93.757588220081
38	WGN45	65.083195416349	5.20909646516024	1114	54.5952240205007	74.8804645139089
40	WGN45	84.9999999999987	3.90180726014815	1114	76.6014250482586	91.7958256819195
41	WGN45	91.560551913259	3.03753956916849	1114	84.6945775379822	96.5233507390427
42	WGN45	87.6084148543806	3.60036941751754	1114	79.7370455044822	93.7575882200813
43	WGN45	94.5982959330051	2.47011839865065	1114	88.7675926109941	98.3867167909644
44	WGN45	64.9999999999977	5.21196415965195	1114	54.5083497995649	74.8047576562222
45	WGN45	62.6530110441011	5.28578495566043	1114	52.0713621749627	72.655242650041
46	WGN45	91.5066762476705	3.04632300458406	1114	84.6248332244212	96.4878108409604
47	WGN45	85.1118198892818	5.50223096957259	1114	72.8782269517776	94.1405568647181
48	WGN45	72.5353779278426	4.87722142385347	1114	62.5229714066445	81.5158255770706
49	WGN45	60.0525170247665	5.35206079214246	1114	49.4013646189209	70.2433361642896
50	WGN45	82.5708022183305	4.14536399719528	1114	73.7536184088283	89.8964766143224
52	WGN45	74.999999999998	4.73163631305667	1114	65.2146309096477	83.6405481833347
53	WGN45	82.5708022183305	4.14536399719526	1114	73.7536184088283	89.8964766143224
54	WGN45	72.5353779278423	4.87722142385352	1114	62.5229714066441	81.5158255770704
55	WGN45	79.9999999999978	4.37089839848111	1114	70.8025408173664	87.8236740942128
56	WGN45	89.9999999999988	3.2781737988609	1114	82.7012182955702	95.4670682532053
57	WGN45	73.4596934287961	4.82489918678032	1114	63.527999905884	82.3171010513315
58	WGN45	39.9474829752284	5.35206079214237	1114	29.7566638357056	50.598635381074
59	WGN45	91.560551913259	3.0375395691685	1114	84.6945775379822	96.5233507390427
60	WGN45	74.8640667423816	6.70513129541019	1114	60.7739689397283	86.6846794317068
61	WGN45	67.5249921620586	5.1170259994129	1114	57.1603825678445	77.0870826593776
62	WGN45	70.1204006516706	5.00173063577663	1114	59.9208568478641	79.3985742425361
64	WGN45	79.9999999999982	4.3708983984811	1114	70.8025408173668	87.8236740942131
65	WGN45	87.6084148543803	3.60036941751756	1114	79.7370455044818	93.757588220081
66	WGN45	89.9999999999984	3.27817379886091	1114	82.7012182955699	95.467068253205
68	WGN45	82.5708022183305	4.14536399719525	1114	73.7536184088284	89.8964766143224
69	WGN45	87.6084148543801	3.60036941751757	1114	79.7370455044817	93.7575882200808
70	WGN45	89.9057111268219	4.65644605821834	1114	79.0875231324991	97.0814773774515
71	WGN45	87.6084148543804	3.60036941751757	1114	79.7370455044819	93.7575882200811
72	WGN45	87.6084148543802	3.60036941751758	1114	79.7370455044817	93.7575882200809
73	WGN45	64.8503292665734	7.37971848140886	1114	49.9138296815732	78.4313546426397
74	WGN45	82.5708022183305	4.14536399719526	1114	73.7536184088283	89.8964766143224
75	WGN45	70.4988805276444	4.98334642266601	1114	60.3264667511696	79.7325924241822
76	WGN45	72.5353779278423	4.87722142385349	1114	62.5229714066442	81.5158255770704
77	WGN45	69.9999999999977	5.00749319150015	1114	59.7919926803074	79.2921505940772
78	WGN45	87.6084148543801	3.60036941751758	1114	79.7370455044816	93.7575882200809
80	WGN45	65.342571615412	5.20004376286926	1114	54.8662879303333	75.1162754303835
81	WGN45	87.6084148543802	3.60036941751758	1114	79.7370455044817	93.757588220081
82	WGN45	89.9999999999986	3.2781737988609	1114	82.7012182955701	95.4670682532052
84	WGN45	88.1649493657774	3.52974849300281	1114	80.4183432154739	94.1638742381183
85	WGN45	91.9147049033642	4.2136989876322	1114	81.8602868689885	98.1433288794584
86	WGN45	80.2393401911574	4.35116062052208	1114	71.0748323593943	88.019102868315
87	WGN45	67.5249921620581	5.11702599941291	1114	57.160382567844	77.0870826593771
88	WGN45	85.3553390593256	3.86336487180431	1114	77.0234792055206	92.0681776599434
89	WGN45	60.2154821844587	5.34837504431467	1114	49.5677749716467	70.3953934940709
90	WGN45	82.5708022183303	4.14536399719527	1114	73.7536184088282	89.8964766143222
92	WGN45	84.9999999999983	3.9018072601482	1114	76.6014250482581	91.7958256819192
93	WGN45	94.5107258321831	2.48890735262021	1114	88.6454436209529	98.3377356626515
94	WGN45	84.462051502723	3.95857038980748	1114	75.9652702800582	91.3807176430318
95	WGN45	68.1662479035516	5.0902525469266	1114	57.8390863800741	77.6615254109499
96	WGN45	65.0831954163482	5.20909646516027	1114	54.5952240204999	74.8804645139082
98	WGN45	70.1204006516711	5.00173063577663	1114	59.9208568478646	79.3985742425367
99	WGN45	65.1495231775707	7.36517473206906	1114	50.227469808608	78.6887932037381
100	WGN45	82.5708022183303	4.14536399719527	1114	73.7536184088281	89.8964766143222
101	WGN45	49.9999999999975	5.46362299810116	1114	39.361791701969	60.6382082980261
102	WGN45	94.9999999999989	2.38153805143301	1114	89.3325736925418	98.6067486748312
103	WGN45	79.8743962680914	6.19728293924898	1114	66.536879710309	90.485106374517
104	WGN45	65.0831954163482	5.20909646516031	1114	54.5952240204997	74.8804645139082
105	WGN45	72.5353779278423	4.8772214238535	1114	62.5229714066441	81.5158255770703
106	WGN45	92.6975711163333	2.84301116736337	1114	86.1843288963724	97.2555704525867
107	WGN45	77.9615198335537	4.52941056876127	1114	68.5020958477848	86.1405065194292
108	WGN45	87.6084148543802	3.60036941751758	1114	79.7370455044817	93.7575882200809
109	WGN45	65.0831954163481	5.20909646516031	1114	54.5952240204997	74.8804645139081
110	WGN45	89.9999999999985	3.27817379886091	1114	82.7012182955699	95.467068253205
111	WGN45	77.5494935745731	4.55945857359738	1114	68.0409971103227	85.796420589951
112	WGN45	92.6975711163332	2.84301116736338	1114	86.1843288963723	97.2555704525866
113	WGN45	49.8431797799286	7.72842398738629	1114	34.9178210312421	64.7828524040808
114	WGN45	94.9999999999989	2.38153805143301	1114	89.3325736925418	98.6067486748312
115	WGN45	77.5494935745732	4.55945857359738	1114	68.0409971103228	85.7964205899511
116	WGN45	82.5708022183304	4.14536399719526	1114	73.7536184088283	89.8964766143223
117	WGN45	44.9745518997372	5.43595604720106	1114	34.5052786218754	55.6739546996908
118	WGN45	70.1436297352233	7.07352175208902	1114	55.5571749416847	82.8914606107141
119	WGN45	75.1691251538214	4.72091823339606	1114	65.4007528525161	83.7849318276331
120	WGN45	79.9999999999981	4.37089839848108	1114	70.8025408173666	87.823674094213
121	WGN45	92.5076669326135	2.8767897447027	1114	85.9330026447587	97.1357845879549
122	WGN45	93.9786217196653	2.59940058093731	1114	87.9103816653553	98.0329559497223
123	WGN45	80.2393401911578	4.35116062052204	1114	71.0748323593948	88.0191028683153
124	WGN45	67.5249921620582	5.11702599941289	1114	57.1603825678441	77.0870826593772
126	WGN45	72.8267561993148	4.86101482902368	1114	62.8392339844506	81.7689765047277
127	WGN45	44.9745518997372	5.43595604720106	1114	34.5052786218754	55.6739546996907
128	WGN45	72.8267561993148	4.86101482902367	1114	62.8392339844507	81.7689765047277
129	WGN45	94.0393004587285	2.58710485251163	1114	87.9936120643551	98.0683043772853
130	WGN45	70.1436297352234	7.07352175208903	1114	55.5571749416848	82.8914606107141
1	WGN46	87.6084148543801	3.60036941751756	1114	79.7370455044816	93.7575882200808
2	WGN46	87.6084148543805	3.60036941751749	1114	79.7370455044822	93.7575882200811
3	WGN46	89.9999999999989	3.27817379886086	1114	82.7012182955704	95.4670682532054
4	WGN46	89.9999999999987	3.27817379886088	1114	82.7012182955702	95.4670682532052
6	WGN46	85.1118198892826	5.50223096957241	1114	72.8782269517787	94.1405568647185
7	WGN46	85.355339059326	3.86336487180422	1114	77.0234792055212	92.0681776599437
8	WGN46	84.8878358137285	5.53616638469842	1114	72.5988965343496	93.9923634344736
9	WGN46	87.6084148543803	3.6003694175175	1114	79.7370455044821	93.757588220081
10	WGN46	89.9499834699192	3.28544841030861	1114	82.6381825849604	95.4323613024293
11	WGN46	79.9999999999986	4.370898398481	1114	70.8025408173673	87.8236740942133
12	WGN46	89.9999999999988	3.27817379886083	1114	82.7012182955704	95.4670682532053
13	WGN46	79.9999999999986	4.370898398481	1114	70.8025408173674	87.8236740942134
14	WGN46	92.6975711163336	2.84301116736331	1114	86.1843288963728	97.2555704525869
15	WGN46	67.5249921620588	5.11702599941291	1114	57.1603825678447	77.0870826593778
16	WGN46	67.5249921620585	5.11702599941288	1114	57.1603825678444	77.0870826593774
17	WGN46	90.6003748701053	3.18882718860648	1114	83.4618133195204	95.8797301013344
18	WGN46	70.120400651671	5.00173063577671	1114	59.9208568478642	79.3985742425366
19	WGN46	87.8817412023048	3.56599030529248	1114	80.071053151699	93.9577168800112
20	WGN46	40.1537009934913	7.57712603043931	1114	25.9628803830974	55.2432494446755
21	WGN46	74.8640667423815	6.70513129541019	1114	60.7739689397283	86.6846794317068
22	WGN46	84.9999999999985	3.90180726014822	1114	76.6014250482583	91.7958256819194
23	WGN46	64.9999999999987	5.21196415965187	1114	54.5083497995661	74.804757656223
24	WGN46	83.173497662465	4.08789872345379	1114	74.4544047939139	90.3734819837055
25	WGN46	82.5708022183307	4.14536399719522	1114	73.7536184088287	89.8964766143225
26	WGN46	70.120400651672	5.00173063577653	1114	59.9208568478656	79.3985742425373
27	WGN46	80.1253086202023	6.16819544056949	1114	66.8325425279837	90.6683660603192
28	WGN46	84.9999999999987	3.90180726014814	1114	76.6014250482586	91.7958256819195
29	WGN46	77.9615198335541	4.52941056876124	1114	68.5020958477853	86.1405065194295
30	WGN46	94.1609333731357	2.56222823640986	1114	88.1608972250793	98.1387151292398
31	WGN46	80.2393401911581	4.35116062052203	1114	71.0748323593951	88.0191028683156
32	WGN46	65.0831954163492	5.20909646516027	1114	54.5952240205008	74.8804645139091
33	WGN46	79.9999999999981	4.37089839848109	1114	70.8025408173667	87.823674094213
34	WGN46	72.5353779278431	4.87722142385337	1114	62.5229714066452	81.5158255770709
36	WGN46	93.5817059099117	2.67803350009011	1114	87.3694478223692	97.7982340738944
37	WGN46	85.3553390593257	3.86336487180431	1114	77.0234792055207	92.0681776599435
38	WGN46	87.6084148543796	3.60036941751762	1114	79.7370455044811	93.7575882200805
39	WGN46	82.5708022183314	4.14536399719511	1114	73.7536184088295	89.896476614323
40	WGN46	80.2393401911581	4.35116062052202	1114	71.074832359395	88.0191028683155
41	WGN46	88.738156363815	3.45438442948789	1114	81.1251670283745	94.5772156470769
42	WGN46	87.6084148543803	3.60036941751755	1114	79.7370455044819	93.757588220081
43	WGN46	82.5708022183311	4.14536399719519	1114	73.7536184088291	89.8964766143228
44	WGN46	91.560551913259	3.03753956916848	1114	84.6945775379822	96.5233507390426
45	WGN46	55.0254481002581	5.43595604720112	1114	44.3260453003045	65.4947213781201
46	WGN46	62.6530110441007	5.28578495566035	1114	52.0713621749625	72.6552426500404
47	WGN46	57.5096097970919	5.40164812943663	1114	46.8201294632657	67.855203798949
48	WGN46	80.2393401911576	4.35116062052204	1114	71.0748323593946	88.0191028683151
49	WGN46	74.9999999999985	4.73163631305659	1114	65.2146309096482	83.6405481833349
50	WGN46	85.3553390593259	3.86336487180428	1114	77.023479205521	92.0681776599437
52	WGN46	87.6084148543809	3.60036941751748	1114	79.7370455044826	93.7575882200814
53	WGN46	94.1609333731358	2.56222823640986	1114	88.1608972250794	98.1387151292399
54	WGN46	79.9999999999985	4.37089839848104	1114	70.8025408173671	87.8236740942133
55	WGN46	80.1253086202023	6.16819544056952	1114	66.8325425279836	90.6683660603192
56	WGN46	80.2393401911584	4.35116062052198	1114	71.0748323593954	88.0191028683157
57	WGN46	92.0286555618298	2.95963426336472	1114	85.3036525389131	96.829047241512
58	WGN46	97.9999999999995	1.52981443946851	1114	93.9222736058179	99.8796702527146
59	WGN46	75.169125153822	4.720918233396	1114	65.4007528525168	83.7849318276335
60	WGN46	90.5058928967414	3.2031421483097	1114	83.3416220184367	95.8152840532279
61	WGN46	80.2393401911579	4.35116062052203	1114	71.0748323593949	88.0191028683154
62	WGN46	79.9999999999986	4.37089839848104	1114	70.8025408173672	87.8236740942134
63	WGN46	80.2393401911582	4.35116062052201	1114	71.0748323593952	88.0191028683156
64	WGN46	92.6975711163336	2.8430111673633	1114	86.1843288963729	97.2555704525869
65	WGN46	88.7381563638155	3.45438442948783	1114	81.1251670283751	94.5772156470774
66	WGN46	72.8267561993153	4.86101482902364	1114	62.8392339844512	81.7689765047282
67	WGN46	84.9999999999986	3.90180726014818	1114	76.6014250482585	91.7958256819195
68	WGN46	77.5494935745736	4.55945857359737	1114	68.0409971103232	85.7964205899514
69	WGN46	80.2393401911585	4.35116062052196	1114	71.0748323593956	88.0191028683158
70	WGN46	67.5249921620586	5.11702599941289	1114	57.1603825678445	77.0870826593775
71	WGN46	89.9999999999989	3.27817379886085	1114	82.7012182955705	95.4670682532054
72	WGN46	97.9999999999995	1.52981443946851	1114	93.9222736058179	99.8796702527146
73	WGN46	91.0251167093086	3.12324279797668	1114	84.004529314422	96.1670476513353
74	WGN46	84.9999999999987	3.90180726014815	1114	76.6014250482586	91.7958256819195
75	WGN46	92.6975711163336	2.84301116736331	1114	86.1843288963728	97.2555704525869
76	WGN46	85.3553390593261	3.86336487180425	1114	77.0234792055212	92.0681776599438
78	WGN46	87.6084148543805	3.60036941751753	1114	79.7370455044822	93.7575882200812
79	WGN46	74.9999999999983	4.73163631305661	1114	65.2146309096481	83.6405481833348
80	WGN46	82.5708022183308	4.14536399719522	1114	73.7536184088287	89.8964766143226
81	WGN46	72.5353779278426	4.87722142385349	1114	62.5229714066445	81.5158255770706
82	WGN46	95.0681350153804	3.34692629137601	1114	86.5445407042088	99.4781037252935
83	WGN46	92.8958040488917	2.80715397704181	1114	86.4478404610653	97.3794471047846
84	WGN46	95.1981846701225	2.33629554291766	1114	89.6143122322071	98.7123040372609
85	WGN46	92.6975711163336	2.84301116736331	1114	86.1843288963728	97.2555704525869
86	WGN46	84.9999999999989	3.90180726014813	1114	76.6014250482589	91.7958256819197
87	WGN46	80.2393401911581	4.35116062052201	1114	71.0748323593951	88.0191028683155
88	WGN46	83.1734976624651	4.08789872345374	1114	74.4544047939141	90.3734819837055
89	WGN46	88.5889894354055	3.47426265105316	1114	80.9407106469315	94.470168948432
90	WGN46	82.5708022183307	4.14536399719525	1114	73.7536184088285	89.8964766143225
91	WGN46	85.355339059326	3.86336487180424	1114	77.0234792055212	92.0681776599438
92	WGN46	67.5249921620589	5.11702599941285	1114	57.1603825678449	77.0870826593778
93	WGN46	89.9999999999988	3.27817379886086	1114	82.7012182955704	95.4670682532053
94	WGN46	89.9499834699193	3.28544841030861	1114	82.6381825849605	95.4323613024294
95	WGN46	94.510725832183	2.48890735262019	1114	88.6454436209529	98.3377356626515
96	WGN46	57.5096097970917	5.40164812943669	1114	46.8201294632654	67.8552037989489
98	WGN46	91.0251167093086	3.12324279797669	1114	84.0045293144219	96.1670476513354
100	WGN46	84.8878358137283	5.53616638469847	1114	72.5988965343493	93.9923634344735
101	WGN46	82.5708022183308	4.14536399719522	1114	73.7536184088287	89.8964766143226
102	WGN46	80.2393401911583	4.35116062052199	1114	71.0748323593953	88.0191028683156
103	WGN46	77.5494935745736	4.55945857359735	1114	68.0409971103232	85.7964205899514
104	WGN46	67.5249921620587	5.11702599941287	1114	57.1603825678447	77.0870826593776
106	WGN46	82.5708022183308	4.14536399719524	1114	73.7536184088287	89.8964766143226
107	WGN46	44.9999999999981	5.43623624419743	1114	34.5295984808377	55.6993657005613
108	WGN46	79.9999999999985	4.37089839848106	1114	70.8025408173671	87.8236740942133
109	WGN46	77.5494935745737	4.55945857359735	1114	68.0409971103233	85.7964205899515
110	WGN46	92.6975711163336	2.84301116736332	1114	86.1843288963728	97.2555704525869
111	WGN46	85.355339059326	3.86336487180425	1114	77.0234792055212	92.0681776599438
112	WGN46	87.6084148543806	3.60036941751752	1114	79.7370455044822	93.7575882200812
113	WGN46	67.5249921620586	5.11702599941288	1114	57.1603825678446	77.0870826593776
114	WGN46	92.6975711163336	2.84301116736332	1114	86.1843288963728	97.2555704525869
115	WGN46	85.355339059326	3.86336487180425	1114	77.0234792055212	92.0681776599438
116	WGN46	80.2393401911582	4.35116062052201	1114	71.0748323593952	88.0191028683156
117	WGN46	82.5708022183308	4.14536399719522	1114	73.7536184088287	89.8964766143226
118	WGN46	65.0831954163487	5.20909646516028	1114	54.5952240205003	74.8804645139086
119	WGN46	80.2393401911582	4.351160620522	1114	71.0748323593952	88.0191028683156
120	WGN46	79.9999999999985	4.37089839848105	1114	70.8025408173671	87.8236740942133
121	WGN46	91.0251167093086	3.12324279797668	1114	84.004529314422	96.1670476513354
122	WGN46	92.6975711163336	2.84301116736331	1114	86.1843288963728	97.2555704525869
123	WGN46	92.6975711163336	2.84301116736331	1114	86.1843288963728	97.2555704525869
124	WGN46	79.9999999999985	4.37089839848105	1114	70.8025408173672	87.8236740942133
125	WGN46	88.5889894354055	3.47426265105316	1114	80.9407106469315	94.470168948432
126	WGN46	60.0525170247671	5.35206079214245	1114	49.4013646189215	70.2433361642902
127	WGN46	69.9999999999983	5.0074931915001	1114	59.791992680308	79.2921505940776
128	WGN46	84.9999999999986	3.90180726014815	1114	76.6014250482586	91.7958256819195
129	WGN46	72.5353779278427	4.87722142385346	1114	62.5229714066447	81.5158255770707
130	WGN46	87.6084148543805	3.60036941751753	1114	79.7370455044822	93.7575882200812
1	WGN55	88.7381563638157	3.45438442948783	1114	81.1251670283753	94.5772156470775
2	WGN55	82.5708022183304	4.1453639971953	1114	73.7536184088282	89.8964766143224
3	WGN55	82.5708022183303	4.1453639971953	1114	73.7536184088281	89.8964766143223
4	WGN55	85.3553390593261	3.86336487180418	1114	77.0234792055214	92.0681776599437
5	WGN55	96.5173015196898	2.0034164890516	1114	91.5513741029432	99.3530697637321
6	WGN55	83.1734976624654	4.0878987234537	1114	74.4544047939144	90.3734819837057
7	WGN55	93.5817059099117	2.67803350009013	1114	87.3694478223692	97.7982340738945
8	WGN55	93.3135224943196	2.72949124755697	1114	87.0072115797166	97.6363843646062
9	WGN55	72.5353779278426	4.87722142385345	1114	62.5229714066446	81.5158255770706
10	WGN55	75.1691251538219	4.720918233396	1114	65.4007528525167	83.7849318276334
11	WGN55	75.1691251538218	4.72091823339604	1114	65.4007528525165	83.7849318276334
12	WGN55	79.9999999999985	4.37089839848105	1114	70.8025408173672	87.8236740942133
13	WGN55	88.7381563638151	3.4543844294879	1114	81.1251670283746	94.577215647077
14	WGN55	94.7213595499949	2.44340648543727	1114	88.9398492192974	98.4549519845758
15	WGN55	92.6975711163336	2.84301116736333	1114	86.1843288963728	97.2555704525869
16	WGN55	81.9599379853338	4.20175324103325	1114	73.0469454063397	89.409394356629
17	WGN55	87.6084148543806	3.60036941751755	1114	79.7370455044822	93.7575882200813
18	WGN55	89.3315580778095	3.37336762946214	1114	81.8627296013731	94.9992829545298
19	WGN55	82.5708022183307	4.14536399719524	1114	73.7536184088286	89.8964766143225
20	WGN55	92.0286555618297	2.95963426336473	1114	85.303652538913	96.8290472415119
21	WGN55	75.169125153822	4.72091823339601	1114	65.4007528525167	83.7849318276335
22	WGN55	92.1161458040592	2.94474634414993	1114	85.418127802664	96.8855460358812
23	WGN55	89.9999999999987	3.27817379886086	1114	82.7012182955702	95.4670682532052
24	WGN55	83.1734976624649	4.0878987234538	1114	74.4544047939138	90.3734819837055
25	WGN55	92.6975711163335	2.8430111673633	1114	86.1843288963728	97.2555704525868
26	WGN55	77.961519833554	4.52941056876122	1114	68.5020958477853	86.1405065194294
27	WGN55	84.9999999999986	3.90180726014814	1114	76.6014250482585	91.7958256819194
28	WGN55	81.0260156281227	4.28452055887297	1114	71.9732504637795	88.6580115383695
29	WGN55	93.5817059099117	2.67803350009012	1114	87.3694478223692	97.7982340738944
30	WGN55	84.9999999999985	3.9018072601482	1114	76.6014250482583	91.7958256819194
31	WGN55	91.0251167093085	3.12324279797667	1114	84.0045293144219	96.1670476513353
32	WGN55	79.9999999999982	4.37089839848112	1114	70.8025408173667	87.8236740942132
33	WGN55	85.3553390593251	3.86336487180428	1114	77.0234792055203	92.068177659943
34	WGN55	91.0251167093089	3.12324279797661	1114	84.0045293144225	96.1670476513355
35	WGN55	92.1161458040591	2.94474634414994	1114	85.4181278026639	96.8855460358812
36	WGN55	77.9615198335529	4.52941056876132	1114	68.502095847784	86.1405065194285
37	WGN55	82.5708022183301	4.14536399719529	1114	73.7536184088279	89.8964766143221
38	WGN55	75.1691251538215	4.72091823339607	1114	65.4007528525162	83.7849318276331
40	WGN55	91.0251167093082	3.12324279797678	1114	84.0045293144213	96.1670476513351
41	WGN55	74.9999999999972	4.7316363130567	1114	65.2146309096469	83.6405481833339
42	WGN55	67.7296313616527	5.10860164992425	1114	57.3767392950793	77.2706333219674
43	WGN55	80.2393401911587	4.35116062052194	1114	71.0748323593958	88.0191028683159
44	WGN55	84.9999999999983	3.90180726014819	1114	76.6014250482582	91.7958256819192
45	WGN55	82.5708022183301	4.1453639971953	1114	73.7536184088279	89.896476614322
46	WGN55	75.1356873311965	6.68089171317721	1114	61.0800279870438	86.8970692024617
47	WGN55	86.5706658587162	3.72583260546354	1114	78.4787681470126	92.9878890560808
48	WGN55	72.5353779278436	4.8772214238534	1114	62.5229714066457	81.5158255770715
49	WGN55	72.5353779278432	4.87722142385339	1114	62.5229714066453	81.515825577071
50	WGN55	79.9999999999993	4.370898398481	1114	70.8025408173681	87.8236740942141
52	WGN55	82.5708022183307	4.14536399719522	1114	73.7536184088286	89.8964766143225
53	WGN55	87.6084148543805	3.60036941751753	1114	79.7370455044822	93.7575882200812
54	WGN55	64.9999999999983	5.21196415965191	1114	54.5083497995657	74.8047576562228
55	WGN55	72.5353779278426	4.87722142385347	1114	62.5229714066446	81.5158255770706
56	WGN55	72.5353779278427	4.87722142385345	1114	62.5229714066447	81.5158255770707
57	WGN55	84.8878358137283	5.53616638469845	1114	72.5988965343493	93.9923634344735
58	WGN55	82.5708022183307	4.14536399719521	1114	73.7536184088287	89.8964766143225
59	WGN55	84.9999999999989	3.90180726014813	1114	76.6014250482589	91.7958256819197
60	WGN55	75.1691251538216	4.72091823339601	1114	65.4007528525164	83.7849318276332
61	WGN55	79.9999999999983	4.37089839848104	1114	70.802540817367	87.8236740942131
62	WGN55	94.1609333731358	2.56222823640985	1114	88.1608972250794	98.1387151292399
63	WGN55	77.5494935745734	4.55945857359738	1114	68.0409971103229	85.7964205899512
64	WGN55	70.1204006516708	5.00173063577664	1114	59.9208568478642	79.3985742425364
65	WGN55	75.1691251538219	4.72091823339602	1114	65.4007528525166	83.7849318276334
66	WGN55	72.5353779278425	4.8772214238535	1114	62.5229714066443	81.5158255770705
67	WGN55	90.0938953909049	4.61766272664577	1114	79.342054492551	97.1861378950071
68	WGN55	96.6630318022309	1.96253296422229	1114	91.7733719050893	99.4158591236987
69	WGN55	94.9999999999991	2.38153805143295	1114	89.3325736925422	98.6067486748313
70	WGN55	62.5167030581202	5.28965862397329	1114	51.9306327425901	72.5295980397375
71	WGN55	94.0393004587286	2.58710485251159	1114	87.9936120643553	98.0683043772853
72	WGN55	80.2393401911583	4.35116062052198	1114	71.0748323593953	88.0191028683156
73	WGN55	89.9999999999987	3.27817379886088	1114	82.7012182955702	95.4670682532052
74	WGN55	87.6084148543804	3.60036941751755	1114	79.737045504482	93.7575882200811
75	WGN55	86.5706658587164	3.72583260546349	1114	78.4787681470129	92.9878890560809
76	WGN55	87.6084148543806	3.60036941751751	1114	79.7370455044823	93.7575882200812
77	WGN55	75.1356873311958	6.68089171317728	1114	61.080027987043	86.8970692024611
78	WGN55	75.1691251538218	4.72091823339604	1114	65.4007528525165	83.7849318276334
80	WGN55	82.5708022183307	4.14536399719522	1114	73.7536184088287	89.8964766143225
81	WGN55	79.9999999999985	4.37089839848104	1114	70.8025408173672	87.8236740942134
82	WGN55	79.9999999999983	4.37089839848108	1114	70.8025408173669	87.8236740942132
83	WGN55	96.5173015196897	2.00341648905162	1114	91.5513741029431	99.353069763732
84	WGN55	72.5353779278429	4.87722142385343	1114	62.5229714066449	81.5158255770708
85	WGN55	87.6084148543805	3.60036941751754	1114	79.7370455044821	93.7575882200812
86	WGN55	81.0260156281227	4.28452055887293	1114	71.9732504637796	88.6580115383694
87	WGN55	75.1691251538218	4.72091823339605	1114	65.4007528525165	83.7849318276334
88	WGN55	64.999999999998	5.21196415965194	1114	54.5083497995653	74.8047576562225
89	WGN55	81.026015628123	4.28452055887291	1114	71.9732504637798	88.6580115383696
90	WGN55	96.0609040895825	2.12560387250885	1114	90.8675157541996	99.1450329850569
91	WGN55	93.0332101351119	2.78192923908324	1114	86.6312154717653	97.4645920521147
92	WGN55	62.5167030581204	5.28965862397327	1114	51.9306327425904	72.5295980397376
93	WGN55	90.5058928967414	3.20314214830968	1114	83.3416220184368	95.8152840532279
94	WGN55	90.6003748701052	3.18882718860649	1114	83.4618133195203	95.8797301013343
95	WGN55	87.6084148543806	3.60036941751752	1114	79.7370455044823	93.7575882200812
96	WGN55	72.5353779278427	4.87722142385347	1114	62.5229714066446	81.5158255770707
97	WGN55	91.0251167093086	3.12324279797669	1114	84.0045293144219	96.1670476513354
98	WGN55	87.6084148543805	3.60036941751753	1114	79.7370455044821	93.7575882200812
99	WGN55	84.9999999999986	3.90180726014816	1114	76.6014250482585	91.7958256819194
100	WGN55	75.1691251538217	4.72091823339605	1114	65.4007528525164	83.7849318276333
101	WGN55	84.9999999999986	3.90180726014816	1114	76.6014250482586	91.7958256819194
102	WGN55	91.0251167093086	3.12324279797669	1114	84.0045293144219	96.1670476513354
103	WGN55	65.0831954163487	5.20909646516028	1114	54.5952240205003	74.8804645139087
104	WGN55	75.1356873311955	6.68089171317728	1114	61.0800279870428	86.8970692024609
105	WGN55	77.5494935745737	4.55945857359734	1114	68.0409971103233	85.7964205899514
106	WGN55	84.9999999999986	3.90180726014816	1114	76.6014250482585	91.7958256819194
107	WGN55	95.5132775677527	2.26207601950701	1114	90.0667033015565	98.8756697656974
108	WGN55	90.5058928967414	3.20314214830968	1114	83.3416220184368	95.8152840532279
109	WGN55	79.9999999999982	4.37089839848108	1114	70.8025408173668	87.8236740942131
110	WGN55	87.6084148543806	3.60036941751752	1114	79.7370455044822	93.7575882200812
111	WGN55	87.6084148543805	3.60036941751754	1114	79.7370455044821	93.7575882200812
112	WGN55	87.6084148543805	3.60036941751754	1114	79.7370455044822	93.7575882200812
113	WGN55	84.9999999999986	3.90180726014816	1114	76.6014250482586	91.7958256819195
114	WGN55	92.6975711163336	2.84301116736332	1114	86.1843288963728	97.2555704525869
115	WGN55	87.6084148543805	3.60036941751754	1114	79.7370455044821	93.7575882200812
116	WGN55	74.9999999999984	4.7316363130566	1114	65.2146309096481	83.6405481833349
117	WGN55	87.6084148543806	3.60036941751753	1114	79.7370455044822	93.7575882200812
118	WGN55	67.5249921620586	5.11702599941288	1114	57.1603825678446	77.0870826593776
119	WGN55	77.5494935745736	4.55945857359735	1114	68.0409971103233	85.7964205899514
120	WGN55	85.1118198892824	5.50223096957251	1114	72.8782269517783	94.1405568647185
121	WGN55	79.9999999999985	4.37089839848105	1114	70.8025408173671	87.8236740942133
122	WGN55	84.9999999999986	3.90180726014816	1114	76.6014250482586	91.7958256819194
123	WGN55	86.5706658587164	3.72583260546352	1114	78.4787681470128	92.9878890560809
124	WGN55	79.9999999999985	4.37089839848105	1114	70.8025408173672	87.8236740942133
125	WGN55	67.7296313616531	5.10860164992424	1114	57.3767392950797	77.2706333219678
126	WGN55	93.0332101351119	2.78192923908324	1114	86.6312154717654	97.4645920521148
128	WGN55	80.2393401911582	4.351160620522	1114	71.0748323593952	88.0191028683156
129	WGN55	89.3315580778095	3.37336762946215	1114	81.862729601373	94.9992829545298
130	WGN55	65.0831954163487	5.20909646516028	1114	54.5952240205003	74.8804645139086
1	WGN63	85.3553390593261	3.86336487180422	1114	77.0234792055213	92.0681776599438
2	WGN63	67.5249921620588	5.11702599941286	1114	57.1603825678448	77.0870826593777
3	WGN63	94.9999999999991	2.38153805143296	1114	89.3325736925421	98.6067486748314
4	WGN63	64.9999999999981	5.21196415965195	1114	54.5083497995654	74.8047576562226
5	WGN63	62.5167030581208	5.28965862397323	1114	51.9306327425909	72.529598039738
6	WGN63	79.9999999999985	4.37089839848105	1114	70.8025408173672	87.8236740942134
7	WGN63	64.9999999999978	5.21196415965198	1114	54.508349799565	74.8047576562224
8	WGN63	49.9999999999979	5.46362299810116	1114	39.3617917019694	60.6382082980265
9	WGN63	82.5708022183308	4.14536399719519	1114	73.7536184088288	89.8964766143226
10	WGN63	84.9999999999988	3.90180726014812	1114	76.6014250482588	91.7958256819196
12	WGN63	54.9999999999983	5.43623624419746	1114	44.3006342994351	65.4704015191588
13	WGN63	79.999999999999	4.37089839848101	1114	70.8025408173677	87.8236740942137
14	WGN63	92.0848819402497	4.17297648948103	1114	82.1013795840449	98.2270572098939
16	WGN63	70.4988805276448	4.98334642266599	1114	60.3264667511701	79.7325924241826
17	WGN63	82.5708022183307	4.14536399719525	1114	73.7536184088286	89.8964766143225
18	WGN63	77.5494935745737	4.55945857359735	1114	68.0409971103234	85.7964205899515
19	WGN63	70.1204006516715	5.0017306357766	1114	59.920856847865	79.3985742425369
20	WGN63	82.5708022183308	4.14536399719522	1114	73.7536184088287	89.8964766143226
21	WGN63	64.9999999999982	5.21196415965193	1114	54.5083497995655	74.8047576562227
22	WGN63	87.6084148543807	3.60036941751748	1114	79.7370455044825	93.7575882200813
23	WGN63	77.5494935745737	4.55945857359735	1114	68.0409971103233	85.7964205899515
24	WGN63	79.9999999999984	4.37089839848108	1114	70.802540817367	87.8236740942133
25	WGN63	82.5708022183308	4.14536399719524	1114	73.7536184088287	89.8964766143226
26	WGN63	64.999999999998	5.21196415965197	1114	54.5083497995652	74.8047576562226
27	WGN63	76.5166069523856	4.63200474240137	1114	66.8905054067384	84.9284378571463
28	WGN63	70.1204006516715	5.00173063577659	1114	59.920856847865	79.3985742425369
29	WGN63	80.2393401911582	4.35116062052199	1114	71.0748323593953	88.0191028683156
30	WGN63	77.5494935745736	4.55945857359736	1114	68.0409971103232	85.7964205899514
31	WGN63	72.5353779278429	4.87722142385344	1114	62.5229714066449	81.5158255770709
32	WGN63	34.9999999999994	5.21196415965183	1114	25.1952423437752	45.491650200432
33	WGN63	79.9999999999999	4.37089839848094	1114	70.8025408173687	87.8236740942145
34	WGN63	82.5708022183311	4.14536399719519	1114	73.7536184088291	89.8964766143229
35	WGN63	87.6084148543817	3.60036941751739	1114	79.7370455044835	93.757588220082
36	WGN63	75.1691251538207	4.72091823339611	1114	65.4007528525153	83.7849318276324
37	WGN63	82.5708022183307	4.14536399719521	1114	73.7536184088286	89.8964766143224
38	WGN63	65.1495231775701	7.36517473206917	1114	50.2274698086073	78.6887932037377
39	WGN63	80.1253086202021	6.1681954405695	1114	66.8325425279835	90.6683660603191
40	WGN63	62.5167030581198	5.28965862397331	1114	51.9306327425897	72.5295980397372
41	WGN63	52.5031387529903	5.45677201430883	1114	41.8209570788529	63.0706946040245
42	WGN63	77.5494935745735	4.55945857359736	1114	68.0409971103231	85.7964205899513
43	WGN63	57.5096097970911	5.40164812943667	1114	46.8201294632649	67.8552037989483
44	WGN63	59.9999999999996	5.35323539691322	1114	49.3477629755521	70.1943086616415
45	WGN63	70.1204006516716	5.00173063577659	1114	59.9208568478651	79.3985742425371
46	WGN63	60.052517024766	5.35206079214249	1114	49.4013646189203	70.2433361642891
47	WGN63	52.5031387529897	5.45677201430881	1114	41.8209570788523	63.0706946040238
48	WGN63	80.2393401911581	4.35116062052199	1114	71.0748323593951	88.0191028683155
49	WGN63	79.9999999999976	4.3708983984811	1114	70.8025408173662	87.8236740942126
50	WGN63	69.999999999998	5.0074931915001	1114	59.7919926803078	79.2921505940773
51	WGN63	77.5494935745738	4.55945857359733	1114	68.0409971103235	85.7964205899516
52	WGN63	69.9999999999982	5.0074931915001	1114	59.7919926803079	79.2921505940775
53	WGN63	82.5708022183308	4.14536399719523	1114	73.7536184088287	89.8964766143226
54	WGN63	91.0251167093087	3.12324279797667	1114	84.0045293144221	96.1670476513355
55	WGN63	77.5494935745738	4.55945857359733	1114	68.0409971103235	85.7964205899515
56	WGN63	67.5249921620585	5.11702599941291	1114	57.1603825678444	77.0870826593775
57	WGN63	74.9999999999984	4.7316363130566	1114	65.2146309096482	83.6405481833349
58	WGN63	82.5708022183309	4.14536399719521	1114	73.7536184088288	89.8964766143226
59	WGN63	67.7296313616533	5.10860164992423	1114	57.3767392950799	77.2706333219679
60	WGN63	74.9999999999986	4.73163631305655	1114	65.2146309096485	83.640548183335
61	WGN63	74.999999999998	4.73163631305662	1114	65.2146309096478	83.6405481833346
62	WGN63	84.9999999999986	3.90180726014815	1114	76.6014250482586	91.7958256819194
63	WGN63	59.8462990065062	7.57712603043954	1114	44.7567505553217	74.0371196169006
64	WGN63	70.1204006516715	5.00173063577663	1114	59.9208568478649	79.3985742425369
65	WGN63	59.999999999998	5.35323539691328	1114	49.3477629755504	70.1943086616401
66	WGN63	82.5708022183308	4.14536399719519	1114	73.7536184088288	89.8964766143226
67	WGN63	79.9999999999985	4.37089839848105	1114	70.8025408173671	87.8236740942134
68	WGN63	79.9999999999985	4.37089839848106	1114	70.8025408173671	87.8236740942133
69	WGN63	85.355339059326	3.86336487180426	1114	77.0234792055212	92.0681776599438
70	WGN63	74.9999999999985	4.73163631305658	1114	65.2146309096483	83.6405481833349
72	WGN63	85.355339059326	3.86336487180424	1114	77.0234792055212	92.0681776599438
73	WGN63	72.5353779278429	4.87722142385343	1114	62.5229714066449	81.5158255770708
74	WGN63	62.5167030581205	5.28965862397327	1114	51.9306327425904	72.5295980397377
75	WGN63	55.0254481002587	5.43595604720109	1114	44.3260453003052	65.4947213781207
76	WGN63	87.6084148543806	3.60036941751752	1114	79.7370455044822	93.7575882200813
77	WGN63	72.5353779278428	4.87722142385345	1114	62.5229714066448	81.5158255770708
78	WGN63	60.0525170247671	5.35206079214247	1114	49.4013646189214	70.2433361642901
79	WGN63	80.2393401911583	4.35116062052198	1114	71.0748323593953	88.0191028683156
80	WGN63	62.5167030581206	5.28965862397325	1114	51.9306327425906	72.5295980397378
81	WGN63	84.9999999999987	3.90180726014815	1114	76.6014250482586	91.7958256819195
82	WGN63	87.6084148543806	3.60036941751753	1114	79.7370455044822	93.7575882200813
83	WGN63	64.9999999999983	5.21196415965193	1114	54.5083497995656	74.8047576562228
84	WGN63	74.9999999999983	4.73163631305661	1114	65.2146309096481	83.6405481833349
85	WGN63	52.5286833144143	5.45663138204827	1114	41.846190586082	63.0953804617243
86	WGN63	49.9999999999985	5.46362299810113	1114	39.36179170197	60.638208298027
87	WGN63	42.247665610784	5.39755219040068	1114	31.9156043265507	52.9347282744947
88	WGN63	77.5494935745737	4.55945857359733	1114	68.0409971103234	85.7964205899514
89	WGN63	89.9999999999989	3.27817379886085	1114	82.7012182955704	95.4670682532053
90	WGN63	70.1436297352237	7.07352175208903	1114	55.557174941685	82.8914606107144
91	WGN63	72.5353779278428	4.87722142385345	1114	62.5229714066448	81.5158255770707
92	WGN63	55.1042235974978	5.43507957722327	1114	44.4047236935824	65.5699866258737
93	WGN63	82.5708022183308	4.14536399719523	1114	73.7536184088287	89.8964766143226
94	WGN63	88.1649493657777	3.52974849300276	1114	80.4183432154743	94.1638742381185
95	WGN63	65.0831954163486	5.20909646516028	1114	54.5952240205002	74.8804645139086
96	WGN63	67.5249921620586	5.11702599941287	1114	57.1603825678446	77.0870826593775
97	WGN63	80.2393401911583	4.35116062052199	1114	71.0748323593953	88.0191028683156
98	WGN63	59.8462990065064	7.57712603043949	1114	44.756750555322	74.0371196169007
99	WGN63	69.8561735236375	7.09291341787527	1114	55.2453699030366	82.654590993314
100	WGN63	90.6003748701053	3.18882718860648	1114	83.4618133195204	95.8797301013344
101	WGN63	91.9147049033643	4.21369898763219	1114	81.8602868689885	98.1433288794585
102	WGN63	65.0831954163488	5.20909646516028	1114	54.5952240205004	74.8804645139087
103	WGN63	77.5494935745736	4.55945857359735	1114	68.0409971103233	85.7964205899514
105	WGN63	82.5708022183308	4.14536399719522	1114	73.7536184088287	89.8964766143226
106	WGN63	79.9999999999985	4.37089839848104	1114	70.8025408173672	87.8236740942133
107	WGN63	59.9999999999981	5.35323539691326	1114	49.3477629755506	70.1943086616402
109	WGN63	49.9999999999982	5.46362299810115	1114	39.3617917019697	60.6382082980268
110	WGN63	80.1253086202022	6.16819544056952	1114	66.8325425279835	90.6683660603192
111	WGN63	67.5249921620587	5.11702599941287	1114	57.1603825678447	77.0870826593776
112	WGN63	54.9999999999981	5.43623624419747	1114	44.300634299435	65.4704015191586
114	WGN63	70.1204006516716	5.0017306357766	1114	59.920856847865	79.398574242537
115	WGN63	74.9999999999984	4.7316363130566	1114	65.2146309096481	83.6405481833349
116	WGN63	75.708732630905	4.68607025381678	1114	65.9958576754083	84.2443318020543
117	WGN63	72.8267561993153	4.86101482902364	1114	62.8392339844511	81.7689765047281
118	WGN63	69.9999999999983	5.0074931915001	1114	59.791992680308	79.2921505940776
119	WGN63	85.355339059326	3.86336487180424	1114	77.0234792055212	92.0681776599438
121	WGN63	84.9999999999987	3.90180726014815	1114	76.6014250482586	91.7958256819195
122	WGN63	84.9999999999987	3.90180726014815	1114	76.6014250482586	91.7958256819195
123	WGN63	62.5167030581205	5.28965862397326	1114	51.9306327425905	72.5295980397378
124	WGN63	57.5096097970919	5.40164812943666	1114	46.8201294632656	67.855203798949
125	WGN63	85.1118198892824	5.50223096957252	1114	72.8782269517783	94.1405568647185
126	WGN63	87.6084148543805	3.60036941751752	1114	79.7370455044822	93.7575882200812
127	WGN63	65.0831954163488	5.20909646516027	1114	54.5952240205004	74.8804645139087
128	WGN63	65.0831954163487	5.20909646516027	1114	54.5952240205004	74.8804645139087
129	WGN63	65.0831954163488	5.20909646516027	1114	54.5952240205004	74.8804645139087
130	WGN63	67.5249921620587	5.11702599941286	1114	57.1603825678447	77.0870826593776
