plantID3	famID	emmean	SE	df	lower.CL	upper.CL
1	WGN07	1.49984779949314	0.0759317632012439	619	1.35073271537031	1.64896288361598
2	WGN07	1.56512987053719	0.10742702049859	619	1.35416428086351	1.77609546021086
3	WGN07	1.56512987053703	0.10742702049859	619	1.35416428086335	1.77609546021071
4	WGN07	1.56512987053709	0.10742702049861	619	1.35416428086337	1.7760954602108
5	WGN07	1.57079632679489	0.0759317632012029	619	1.42168124267213	1.71991141091764
7	WGN07	1.44976408891201	0.0759317632011987	619	1.30064900478927	1.59887917303475
8	WGN07	1.57079632679489	0.0759317632012002	619	1.42168124267214	1.71991141091764
9	WGN07	1.57079632679487	0.0759317632012002	619	1.42168124267213	1.71991141091762
11	WGN07	1.57646278305263	0.107427020498598	619	1.36549719337893	1.78742837272632
13	WGN07	1.52071261621409	0.0759317632011998	619	1.37159753209134	1.66982770033684
14	WGN07	1.57646278305264	0.107427020498603	619	1.36549719337893	1.78742837272634
15	WGN07	1.57079632679487	0.0759317632011994	619	1.42168124267213	1.71991141091762
16	WGN07	1.57079632679487	0.0759317632012012	619	1.42168124267212	1.71991141091762
17	WGN07	1.44976408891201	0.0759317632011989	619	1.30064900478927	1.59887917303476
18	WGN07	1.45803962384581	0.0759317632012	619	1.30892453972306	1.60715470796855
21	WGN07	1.49984779949279	0.0759317632011996	619	1.35073271537004	1.64896288361553
22	WGN07	1.57079632679487	0.0759317632011979	619	1.42168124267213	1.71991141091761
23	WGN07	1.57646278305264	0.107427020498603	619	1.36549719337893	1.78742837272634
24	WGN07	1.57646278305264	0.107427020498604	619	1.36549719337893	1.78742837272634
25	WGN07	1.57646278305263	0.107427020498598	619	1.36549719337894	1.78742837272632
26	WGN07	1.57079632679488	0.0759317632011986	619	1.42168124267213	1.71991141091762
27	WGN07	1.57079632679487	0.0759317632011999	619	1.42168124267212	1.71991141091761
28	WGN07	1.57079632679491	0.0759317632011993	619	1.42168124267217	1.71991141091766
29	WGN07	1.52071261621409	0.0759317632011986	619	1.37159753209134	1.66982770033683
30	WGN07	1.57079632679486	0.0759317632011998	619	1.42168124267211	1.7199114109176
31	WGN07	1.37099811852757	0.0759317632012013	619	1.22188303440482	1.52011320265032
32	WGN07	1.57646278305264	0.107427020498604	619	1.36549719337894	1.78742837272635
33	WGN07	1.57646278305265	0.107427020498601	619	1.36549719337896	1.78742837272635
34	WGN07	1.52071261621409	0.0759317632011991	619	1.37159753209134	1.66982770033683
35	WGN07	1.47011736639971	0.0759317632011989	619	1.32100228227697	1.61923245052245
37	WGN07	1.57646278305265	0.107427020498601	619	1.36549719337895	1.78742837272635
38	WGN07	1.57646278305263	0.107427020498601	619	1.36549719337893	1.78742837272633
39	WGN07	1.57079632679485	0.0759317632011999	619	1.42168124267211	1.7199114109176
40	WGN07	1.57079632679487	0.0759317632012012	619	1.42168124267212	1.71991141091762
42	WGN07	1.57079632679486	0.0759317632012007	619	1.42168124267211	1.71991141091761
44	WGN07	1.57079632679487	0.0759317632012001	619	1.42168124267212	1.71991141091762
46	WGN07	1.57646278305263	0.107427020498601	619	1.36549719337893	1.78742837272633
47	WGN07	1.57646278305263	0.107427020498599	619	1.36549719337894	1.78742837272633
48	WGN07	1.5764627830526	0.1074270204986	619	1.36549719337891	1.7874283727263
50	WGN07	1.57079632679487	0.0759317632012002	619	1.42168124267212	1.71991141091762
51	WGN07	1.57646278305263	0.107427020498602	619	1.36549719337893	1.78742837272633
52	WGN07	1.56512987053712	0.107427020498604	619	1.35416428086342	1.77609546021083
53	WGN07	1.57079632679487	0.075931763201201	619	1.42168124267212	1.71991141091762
54	WGN07	1.56512987053711	0.107427020498602	619	1.35416428086341	1.77609546021081
56	WGN07	1.56512987053711	0.107427020498601	619	1.35416428086341	1.77609546021081
57	WGN07	1.57079632679488	0.0759317632011995	619	1.42168124267214	1.71991141091763
58	WGN07	1.57646278305263	0.107427020498603	619	1.36549719337893	1.78742837272633
59	WGN07	1.57646278305264	0.107427020498603	619	1.36549719337894	1.78742837272635
60	WGN07	1.57646278305264	0.107427020498603	619	1.36549719337893	1.78742837272634
61	WGN07	1.57079632679487	0.0759317632012001	619	1.42168124267212	1.71991141091762
63	WGN07	1.57079632679487	0.0759317632012009	619	1.42168124267212	1.71991141091762
64	WGN07	1.57646278305263	0.1074270204986	619	1.36549719337893	1.78742837272633
66	WGN07	1.57079632679487	0.0759317632011993	619	1.42168124267213	1.71991141091762
68	WGN07	1.52071261621409	0.0759317632012005	619	1.37159753209135	1.66982770033684
69	WGN07	1.57646278305263	0.107427020498599	619	1.36549719337894	1.78742837272633
71	WGN07	1.57646278305263	0.107427020498603	619	1.36549719337893	1.78742837272634
73	WGN07	1.57646278305268	0.1074270204986	619	1.36549719337899	1.78742837272638
74	WGN07	1.45803962384581	0.0759317632012013	619	1.30892453972306	1.60715470796856
75	WGN07	1.57646278305263	0.107427020498603	619	1.36549719337893	1.78742837272633
76	WGN07	1.57079632679487	0.0759317632012014	619	1.42168124267212	1.71991141091762
77	WGN07	1.57079632679485	0.0759317632012006	619	1.4216812426721	1.71991141091759
78	WGN07	1.57079632679487	0.0759317632012004	619	1.42168124267213	1.71991141091762
79	WGN07	1.57079632679487	0.0759317632011985	619	1.42168124267213	1.71991141091761
81	WGN07	1.57079632679487	0.0759317632012006	619	1.42168124267212	1.71991141091762
82	WGN07	1.57079632679487	0.0759317632011999	619	1.42168124267212	1.71991141091761
85	WGN07	1.57079632679487	0.0759317632012004	619	1.42168124267212	1.71991141091762
86	WGN07	1.57079632679487	0.0759317632012001	619	1.42168124267212	1.71991141091761
87	WGN07	1.52071261621409	0.0759317632011987	619	1.37159753209135	1.66982770033683
88	WGN07	1.57079632679487	0.0759317632012002	619	1.42168124267212	1.71991141091762
89	WGN07	1.57079632679488	0.0759317632011986	619	1.42168124267213	1.71991141091762
90	WGN07	1.57646278305263	0.107427020498606	619	1.36549719337892	1.78742837272634
91	WGN07	1.47062890563331	0.0759317632012023	619	1.32151382151056	1.61974398975606
92	WGN07	1.56512987053711	0.107427020498601	619	1.35416428086341	1.77609546021081
93	WGN07	1.57646278305263	0.107427020498602	619	1.36549719337893	1.78742837272633
94	WGN07	1.52071261621409	0.0759317632011996	619	1.37159753209134	1.66982770033683
95	WGN07	1.57079632679488	0.0759317632011984	619	1.42168124267214	1.71991141091762
97	WGN07	1.57646278305263	0.107427020498601	619	1.36549719337893	1.78742837272633
98	WGN07	1.57079632679487	0.0759317632012012	619	1.42168124267212	1.71991141091762
99	WGN07	1.57079632679487	0.0759317632011991	619	1.42168124267213	1.71991141091761
100	WGN07	1.57646278305263	0.1074270204986	619	1.36549719337894	1.78742837272633
101	WGN07	1.57646278305261	0.107427020498602	619	1.36549719337891	1.78742837272631
102	WGN07	1.57079632679487	0.0759317632011998	619	1.42168124267212	1.71991141091762
103	WGN07	1.57079632679487	0.0759317632012002	619	1.42168124267213	1.71991141091762
104	WGN07	1.57079632679486	0.0759317632011993	619	1.42168124267212	1.71991141091761
105	WGN07	1.57079632679487	0.0759317632011998	619	1.42168124267212	1.71991141091762
106	WGN07	1.57646278305262	0.107427020498601	619	1.36549719337892	1.78742837272632
107	WGN07	1.57079632679487	0.075931763201201	619	1.42168124267212	1.71991141091762
108	WGN07	1.57079632679487	0.0759317632012002	619	1.42168124267212	1.71991141091762
110	WGN07	1.56512987053711	0.1074270204986	619	1.35416428086341	1.77609546021081
112	WGN07	1.52071261621409	0.0759317632012003	619	1.37159753209134	1.66982770033684
113	WGN07	1.57646278305263	0.107427020498601	619	1.36549719337893	1.78742837272633
115	WGN07	1.49984779949283	0.075931763201198	619	1.35073271537009	1.64896288361557
116	WGN07	1.52071261621409	0.0759317632012005	619	1.37159753209134	1.66982770033684
117	WGN07	1.57646278305264	0.107427020498603	619	1.36549719337893	1.78742837272634
118	WGN07	1.56512987053711	0.107427020498604	619	1.3541642808634	1.77609546021082
119	WGN07	1.57079632679487	0.0759317632012013	619	1.42168124267212	1.71991141091762
120	WGN07	0.841148330235972	0.107427020498601	619	0.630182740562272	1.05211391990967
121	WGN07	1.57079632679486	0.0759317632012001	619	1.42168124267211	1.71991141091761
122	WGN07	1.43456572844845	0.107427020498602	619	1.22360013877475	1.64553131812216
123	WGN07	1.47629536189108	0.107427020498601	619	1.26532977221738	1.68726095156477
124	WGN07	1.47629536189108	0.107427020498598	619	1.26532977221738	1.68726095156477
125	WGN07	1.57079632679487	0.0759317632012008	619	1.42168124267212	1.71991141091762
126	WGN07	1.56512987053711	0.107427020498603	619	1.35416428086341	1.77609546021081
127	WGN07	1.57079632679487	0.0759317632011995	619	1.42168124267212	1.71991141091761
128	WGN07	1.24337931614047	0.1074270204986	619	1.03241372646678	1.45434490581417
129	WGN07	1.52071261621409	0.0759317632011998	619	1.37159753209135	1.66982770033684
130	WGN07	1.57079632679487	0.0759317632012004	619	1.42168124267212	1.71991141091762
1	WGN15	0.327417010654298	0.10742702049862	619	0.116451420980562	0.538382600328035
3	WGN15	1.56512987053687	0.107427020498601	619	1.35416428086317	1.77609546021057
5	WGN15	1.57079632679467	0.0759317632012014	619	1.42168124267192	1.71991141091742
7	WGN15	1.56512987053689	0.107427020498603	619	1.35416428086319	1.7760954602106
8	WGN15	1.5707963267946	0.0759317632011994	619	1.42168124267186	1.71991141091735
9	WGN15	1.57079632679461	0.0759317632011995	619	1.42168124267187	1.71991141091736
11	WGN15	1.57079632679467	0.0759317632012011	619	1.42168124267192	1.71991141091741
12	WGN15	1.57079632679465	0.0759317632012007	619	1.4216812426719	1.7199114109174
13	WGN15	1.57646278305239	0.107427020498601	619	1.36549719337869	1.78742837272609
14	WGN15	1.5764627830524	0.107427020498602	619	1.3654971933787	1.7874283727261
15	WGN15	1.46496244937533	0.107427020498603	619	1.25399685970162	1.67592803904903
16	WGN15	1.57079632679461	0.0759317632011991	619	1.42168124267187	1.71991141091736
17	WGN15	0.791064619654944	0.107427020498602	619	0.580099029981244	1.00203020932865
18	WGN15	1.57646278305236	0.1074270204986	619	1.36549719337867	1.78742837272606
19	WGN15	1.57079632679461	0.0759317632011997	619	1.42168124267187	1.71991141091736
21	WGN15	1.57079632679461	0.0759317632011994	619	1.42168124267186	1.71991141091735
22	WGN15	1.52071261621384	0.0759317632011992	619	1.37159753209109	1.66982770033658
23	WGN15	1.57079632679467	0.0759317632012006	619	1.42168124267192	1.71991141091741
24	WGN15	1.57646278305239	0.107427020498601	619	1.36549719337869	1.78742837272608
25	WGN15	1.57646278305241	0.107427020498602	619	1.36549719337871	1.78742837272612
27	WGN15	1.57646278305236	0.1074270204986	619	1.36549719337867	1.78742837272606
28	WGN15	1.57079632679464	0.0759317632012008	619	1.42168124267189	1.71991141091738
29	WGN15	1.49984779949253	0.0759317632012004	619	1.35073271536979	1.64896288361528
30	WGN15	1.57646278305237	0.1074270204986	619	1.36549719337867	1.78742837272606
31	WGN15	1.57646278305238	0.107427020498601	619	1.36549719337868	1.78742837272608
32	WGN15	1.56512987053685	0.107427020498601	619	1.35416428086315	1.77609546021055
33	WGN15	1.57646278305243	0.107427020498601	619	1.36549719337873	1.78742837272613
34	WGN15	1.57646278305237	0.107427020498602	619	1.36549719337867	1.78742837272607
36	WGN15	1.5764627830524	0.107427020498602	619	1.36549719337869	1.7874283727261
37	WGN15	1.57646278305236	0.1074270204986	619	1.36549719337867	1.78742837272606
39	WGN15	1.57079632679461	0.0759317632011993	619	1.42168124267186	1.71991141091735
40	WGN15	1.57079632679461	0.0759317632011998	619	1.42168124267187	1.71991141091736
41	WGN15	1.57646278305241	0.107427020498602	619	1.36549719337871	1.78742837272611
44	WGN15	1.57079632679463	0.0759317632011997	619	1.42168124267188	1.71991141091737
47	WGN15	1.57646278305239	0.107427020498601	619	1.36549719337869	1.78742837272609
48	WGN15	1.57646278305238	0.107427020498601	619	1.36549719337868	1.78742837272608
50	WGN15	1.57079632679463	0.0759317632011997	619	1.42168124267189	1.71991141091738
51	WGN15	1.57646278305242	0.107427020498602	619	1.36549719337872	1.78742837272613
52	WGN15	1.57079632679464	0.0759317632012001	619	1.4216812426719	1.71991141091739
54	WGN15	1.56512987053684	0.1074270204986	619	1.35416428086314	1.77609546021054
55	WGN15	1.52071261621385	0.0759317632011999	619	1.37159753209111	1.6698277003366
56	WGN15	1.57079632679462	0.0759317632011998	619	1.42168124267188	1.71991141091737
59	WGN15	1.57079632679461	0.0759317632011988	619	1.42168124267186	1.71991141091735
61	WGN15	1.57079632679464	0.0759317632012004	619	1.42168124267189	1.71991141091739
62	WGN15	1.57646278305238	0.1074270204986	619	1.36549719337868	1.78742837272607
63	WGN15	1.5764627830524	0.107427020498602	619	1.3654971933787	1.7874283727261
64	WGN15	1.57646278305239	0.107427020498602	619	1.36549719337869	1.7874283727261
67	WGN15	1.57079632679464	0.0759317632012007	619	1.42168124267189	1.71991141091739
68	WGN15	1.57646278305241	0.107427020498602	619	1.3654971933787	1.78742837272611
70	WGN15	1.44976408891176	0.0759317632011998	619	1.30064900478902	1.59887917303451
71	WGN15	1.5764627830524	0.107427020498602	619	1.3654971933787	1.7874283727261
73	WGN15	1.57646278305238	0.107427020498601	619	1.36549719337868	1.78742837272608
74	WGN15	1.57646278305241	0.107427020498603	619	1.36549719337871	1.78742837272612
75	WGN15	1.57079632679463	0.0759317632012003	619	1.42168124267188	1.71991141091738
77	WGN15	1.57646278305239	0.107427020498601	619	1.36549719337869	1.78742837272609
78	WGN15	1.57079632679463	0.0759317632011996	619	1.42168124267188	1.71991141091737
79	WGN15	1.57646278305238	0.1074270204986	619	1.36549719337869	1.78742837272608
80	WGN15	1.57646278305238	0.1074270204986	619	1.36549719337868	1.78742837272607
81	WGN15	1.57079632679464	0.0759317632011998	619	1.42168124267189	1.71991141091738
84	WGN15	1.57079632679463	0.0759317632011999	619	1.42168124267188	1.71991141091738
85	WGN15	1.57079632679462	0.0759317632012001	619	1.42168124267187	1.71991141091736
86	WGN15	1.57646278305238	0.1074270204986	619	1.36549719337868	1.78742837272607
87	WGN15	1.39104685990039	0.107427020498602	619	1.18008127022669	1.60201244957409
88	WGN15	1.56512987053687	0.107427020498601	619	1.35416428086317	1.77609546021057
89	WGN15	1.52071261621386	0.0759317632012005	619	1.37159753209111	1.6698277003366
90	WGN15	1.57646278305238	0.107427020498601	619	1.36549719337868	1.78742837272608
91	WGN15	1.56512987053686	0.107427020498601	619	1.35416428086316	1.77609546021056
93	WGN15	1.57079632679461	0.0759317632011992	619	1.42168124267187	1.71991141091736
94	WGN15	1.57079632679466	0.0759317632012006	619	1.42168124267191	1.7199114109174
97	WGN15	1.57646278305237	0.107427020498598	619	1.36549719337868	1.78742837272607
99	WGN15	1.40992104959632	0.0759317632012015	619	1.26080596547357	1.55903613371907
101	WGN15	1.57079632679463	0.0759317632012007	619	1.42168124267188	1.71991141091738
102	WGN15	1.47629536189081	0.107427020498602	619	1.26532977221711	1.68726095156452
103	WGN15	1.57646278305244	0.107427020498605	619	1.36549719337873	1.78742837272615
107	WGN15	1.5764627830524	0.107427020498602	619	1.3654971933787	1.7874283727261
109	WGN15	1.57646278305239	0.107427020498602	619	1.36549719337869	1.78742837272609
110	WGN15	1.56512987053687	0.107427020498602	619	1.35416428086317	1.77609546021057
115	WGN15	1.57646278305238	0.107427020498601	619	1.36549719337867	1.78742837272608
118	WGN15	1.57646278305239	0.107427020498601	619	1.36549719337869	1.78742837272609
119	WGN15	1.57646278305239	0.107427020498601	619	1.36549719337869	1.78742837272609
120	WGN15	1.56512987053685	0.107427020498601	619	1.35416428086316	1.77609546021055
121	WGN15	1.57646278305238	0.107427020498601	619	1.36549719337868	1.78742837272608
122	WGN15	1.10148226153605	0.107427020498599	619	0.890516671862353	1.31244785120975
123	WGN15	1.45803962384556	0.0759317632011997	619	1.30892453972281	1.6071547079683
124	WGN15	1.45803962384555	0.0759317632011993	619	1.3089245397228	1.60715470796829
125	WGN15	1.57079632679462	0.0759317632011988	619	1.42168124267188	1.71991141091736
126	WGN15	1.57079632679462	0.0759317632011998	619	1.42168124267187	1.71991141091736
127	WGN15	1.57646278305238	0.107427020498599	619	1.36549719337868	1.78742837272608
128	WGN15	1.57079632679462	0.0759317632011991	619	1.42168124267188	1.71991141091736
130	WGN15	1.57079632679462	0.0759317632011998	619	1.42168124267188	1.71991141091737
1	WGN26	1.57079632679488	0.0759317632011941	619	1.42168124267214	1.71991141091761
3	WGN26	1.57646278305263	0.107427020498601	619	1.36549719337893	1.78742837272633
4	WGN26	1.57646278305263	0.107427020498601	619	1.36549719337893	1.78742837272633
5	WGN26	1.57079632679486	0.0759317632012008	619	1.42168124267212	1.71991141091761
6	WGN26	1.56512987053711	0.107427020498601	619	1.35416428086341	1.7760954602108
7	WGN26	1.57079632679487	0.0759317632012004	619	1.42168124267212	1.71991141091761
8	WGN26	1.5651298705371	0.107427020498601	619	1.3541642808634	1.7760954602108
9	WGN26	1.57646278305263	0.1074270204986	619	1.36549719337893	1.78742837272632
11	WGN26	1.45803962384581	0.0759317632011994	619	1.30892453972306	1.60715470796855
12	WGN26	1.56512987053711	0.107427020498603	619	1.35416428086341	1.77609546021081
13	WGN26	1.57079632679487	0.0759317632012008	619	1.42168124267212	1.71991141091762
14	WGN26	1.56512987053711	0.1074270204986	619	1.35416428086341	1.7760954602108
15	WGN26	1.57079632679487	0.0759317632012002	619	1.42168124267212	1.71991141091761
17	WGN26	1.52071261621409	0.0759317632012002	619	1.37159753209134	1.66982770033683
18	WGN26	1.57079632679487	0.0759317632012006	619	1.42168124267212	1.71991141091761
19	WGN26	1.52071261621409	0.0759317632011992	619	1.37159753209134	1.66982770033683
20	WGN26	1.25471222865598	0.107427020498602	619	1.04374663898228	1.46567781832969
21	WGN26	1.4580396238458	0.0759317632012006	619	1.30892453972305	1.60715470796855
22	WGN26	1.46496244937555	0.107427020498601	619	1.25399685970185	1.67592803904925
23	WGN26	1.57646278305263	0.107427020498601	619	1.36549719337893	1.78742837272633
24	WGN26	1.35094937715448	0.107427020498602	619	1.13998378748078	1.56191496682818
25	WGN26	1.56512987053713	0.107427020498602	619	1.35416428086342	1.77609546021083
27	WGN26	1.57079632679486	0.0759317632012007	619	1.42168124267211	1.71991141091761
28	WGN26	1.56512987053713	0.1074270204986	619	1.35416428086343	1.77609546021082
30	WGN26	1.5651298705371	0.107427020498601	619	1.3541642808634	1.7760954602108
31	WGN26	1.37611426790757	0.0759317632012002	619	1.22699918378482	1.52522935203032
34	WGN26	1.57079632679486	0.0759317632011997	619	1.42168124267211	1.71991141091761
35	WGN26	1.35983733901576	0.0759317632012	619	1.21072225489301	1.50895242313851
36	WGN26	1.57079632679485	0.0759317632012009	619	1.4216812426721	1.7199114109176
38	WGN26	1.57079632679487	0.0759317632011996	619	1.42168124267212	1.71991141091761
39	WGN26	1.40795591326502	0.0759317632012004	619	1.25884082914227	1.55707099738777
40	WGN26	1.57079632679487	0.0759317632012	619	1.42168124267212	1.71991141091761
41	WGN26	1.57079632679487	0.0759317632012008	619	1.42168124267212	1.71991141091762
42	WGN26	1.52071261621408	0.0759317632012008	619	1.37159753209134	1.66982770033683
43	WGN26	1.4701173663997	0.0759317632011992	619	1.32100228227696	1.61923245052245
44	WGN26	1.40992104959655	0.0759317632011994	619	1.2608059654738	1.55903613371929
45	WGN26	1.57079632679487	0.0759317632012008	619	1.42168124267212	1.71991141091761
46	WGN26	1.57079632679487	0.0759317632012004	619	1.42168124267212	1.71991141091761
47	WGN26	1.57646278305263	0.107427020498601	619	1.36549719337893	1.78742837272633
49	WGN26	1.25471222865599	0.1074270204986	619	1.04374663898229	1.46567781832969
50	WGN26	1.52071261621409	0.075931763201201	619	1.37159753209134	1.66982770033683
51	WGN26	1.52071261621409	0.0759317632011998	619	1.37159753209134	1.66982770033683
52	WGN26	1.57079632679487	0.0759317632012001	619	1.42168124267212	1.71991141091761
53	WGN26	1.57079632679487	0.0759317632012009	619	1.42168124267212	1.71991141091761
54	WGN26	1.57079632679487	0.0759317632011998	619	1.42168124267212	1.71991141091761
55	WGN26	1.52071261621408	0.0759317632012008	619	1.37159753209134	1.66982770033683
56	WGN26	1.57079632679487	0.0759317632011996	619	1.42168124267212	1.71991141091762
57	WGN26	1.4580396238458	0.0759317632011998	619	1.30892453972305	1.60715470796855
58	WGN26	1.52071261621409	0.0759317632012	619	1.37159753209134	1.66982770033683
60	WGN26	1.57079632679487	0.0759317632012	619	1.42168124267212	1.71991141091761
62	WGN26	1.57079632679486	0.0759317632012009	619	1.42168124267212	1.71991141091761
64	WGN26	1.57079632679487	0.0759317632011992	619	1.42168124267213	1.71991141091762
65	WGN26	1.56512987053712	0.107427020498599	619	1.35416428086342	1.77609546021082
66	WGN26	1.57079632679487	0.0759317632012001	619	1.42168124267212	1.71991141091761
67	WGN26	1.57079632679487	0.0759317632012	619	1.42168124267212	1.71991141091761
68	WGN26	1.17876336796055	0.107427020498603	619	0.967797778286851	1.38972895763426
69	WGN26	1.12775776489855	0.0759317632012006	619	0.978642680775806	1.2768728490213
70	WGN26	1.56512987053711	0.107427020498601	619	1.35416428086341	1.77609546021081
71	WGN26	1.57646278305263	0.107427020498603	619	1.36549719337892	1.78742837272633
72	WGN26	1.57646278305263	0.107427020498602	619	1.36549719337893	1.78742837272633
73	WGN26	1.52071261621409	0.0759317632011996	619	1.37159753209134	1.66982770033683
74	WGN26	1.56512987053711	0.1074270204986	619	1.35416428086341	1.7760954602108
75	WGN26	1.57079632679487	0.0759317632012001	619	1.42168124267212	1.71991141091762
77	WGN26	1.57079632679487	0.0759317632011993	619	1.42168124267212	1.71991141091761
78	WGN26	1.57646278305263	0.1074270204986	619	1.36549719337893	1.78742837272633
79	WGN26	1.57646278305263	0.107427020498603	619	1.36549719337892	1.78742837272633
80	WGN26	1.57079632679487	0.0759317632012005	619	1.42168124267212	1.71991141091761
81	WGN26	1.57646278305263	0.107427020498602	619	1.36549719337893	1.78742837272633
82	WGN26	1.5764627830526	0.107427020498601	619	1.3654971933789	1.78742837272629
83	WGN26	1.57646278305263	0.107427020498602	619	1.36549719337892	1.78742837272633
85	WGN26	1.57646278305263	0.107427020498602	619	1.36549719337892	1.78742837272633
86	WGN26	1.57646278305263	0.107427020498602	619	1.36549719337893	1.78742837272633
87	WGN26	1.57079632679486	0.0759317632011999	619	1.42168124267212	1.71991141091761
88	WGN26	1.40992104959655	0.0759317632012007	619	1.2608059654738	1.55903613371929
89	WGN26	1.57079632679487	0.0759317632012009	619	1.42168124267212	1.71991141091761
90	WGN26	1.56512987053711	0.1074270204986	619	1.35416428086341	1.77609546021081
91	WGN26	1.57079632679487	0.0759317632011995	619	1.42168124267212	1.71991141091761
92	WGN26	1.57646278305263	0.107427020498601	619	1.36549719337893	1.78742837272633
93	WGN26	1.49984779949278	0.0759317632011999	619	1.35073271537004	1.64896288361553
94	WGN26	1.57079632679486	0.0759317632011999	619	1.42168124267212	1.71991141091761
95	WGN26	1.37194661924883	0.0759317632012	619	1.22283153512609	1.52106170337158
96	WGN26	1.57646278305263	0.107427020498602	619	1.36549719337893	1.78742837272633
97	WGN26	0.971315295886121	0.0759317632012	619	0.822200211763375	1.12043038000887
98	WGN26	1.52071261621409	0.0759317632012	619	1.37159753209134	1.66982770033684
99	WGN26	1.4580396238458	0.0759317632012017	619	1.30892453972305	1.60715470796855
100	WGN26	1.57079632679487	0.0759317632012001	619	1.42168124267212	1.71991141091761
101	WGN26	0.791064619655178	0.107427020498601	619	0.580099029981478	1.00203020932888
103	WGN26	1.5651298705371	0.107427020498602	619	1.3541642808634	1.7760954602108
104	WGN26	1.5651298705371	0.107427020498601	619	1.3541642808634	1.7760954602108
105	WGN26	1.4580396238458	0.0759317632011996	619	1.30892453972306	1.60715470796855
106	WGN26	1.5651298705371	0.107427020498602	619	1.3541642808634	1.77609546021081
108	WGN26	1.57646278305263	0.1074270204986	619	1.36549719337893	1.78742837272632
109	WGN26	1.57079632679487	0.0759317632012009	619	1.42168124267212	1.71991141091761
111	WGN26	1.42741805068909	0.0759317632012001	619	1.27830296656635	1.57653313481184
112	WGN26	1.38709109654372	0.0759317632012	619	1.23797601242097	1.53620618066646
113	WGN26	1.57646278305262	0.1074270204986	619	1.36549719337892	1.78742837272632
114	WGN26	1.57079632679487	0.0759317632011999	619	1.42168124267212	1.71991141091762
115	WGN26	1.3509493771545	0.107427020498601	619	1.1399837874808	1.5619149668282
118	WGN26	1.52071261621409	0.0759317632012007	619	1.37159753209134	1.66982770033683
119	WGN26	1.57079632679487	0.0759317632012004	619	1.42168124267212	1.71991141091762
121	WGN26	1.57079632679487	0.0759317632012005	619	1.42168124267212	1.71991141091761
122	WGN26	1.57079632679486	0.0759317632011995	619	1.42168124267212	1.71991141091761
123	WGN26	1.43456572844847	0.107427020498601	619	1.22360013877477	1.64553131812217
125	WGN26	1.57646278305263	0.107427020498603	619	1.36549719337892	1.78742837272633
126	WGN26	1.5651298705371	0.107427020498601	619	1.35416428086341	1.7760954602108
127	WGN26	1.57079632679487	0.0759317632011998	619	1.42168124267212	1.71991141091761
128	WGN26	1.56512987053711	0.107427020498602	619	1.3541642808634	1.77609546021081
129	WGN26	1.57079632679487	0.0759317632012011	619	1.42168124267212	1.71991141091761
130	WGN26	1.57646278305263	0.107427020498602	619	1.36549719337893	1.78742837272633
1	WGN36	1.56512987053715	0.107427020498614	619	1.35416428086342	1.77609546021087
2	WGN36	1.57079632679488	0.0759317632011995	619	1.42168124267213	1.71991141091762
4	WGN36	1.57646278305264	0.107427020498602	619	1.36549719337894	1.78742837272634
5	WGN36	1.57646278305264	0.107427020498601	619	1.36549719337894	1.78742837272634
6	WGN36	1.57646278305264	0.107427020498603	619	1.36549719337894	1.78742837272634
7	WGN36	1.56512987053711	0.107427020498602	619	1.35416428086341	1.77609546021082
8	WGN36	1.57079632679488	0.0759317632012009	619	1.42168124267213	1.71991141091763
9	WGN36	1.57646278305264	0.107427020498601	619	1.36549719337894	1.78742837272634
10	WGN36	1.57079632679488	0.0759317632011997	619	1.42168124267213	1.71991141091762
11	WGN36	1.57646278305264	0.107427020498601	619	1.36549719337894	1.78742837272634
12	WGN36	1.57079632679488	0.0759317632012004	619	1.42168124267213	1.71991141091762
13	WGN36	1.45803962384581	0.0759317632011996	619	1.30892453972307	1.60715470796856
14	WGN36	1.57079632679488	0.0759317632011989	619	1.42168124267213	1.71991141091762
15	WGN36	1.5207126162141	0.0759317632012007	619	1.37159753209135	1.66982770033685
16	WGN36	1.57079632679488	0.0759317632012004	619	1.42168124267213	1.71991141091763
17	WGN36	1.5207126162141	0.0759317632011996	619	1.37159753209135	1.66982770033684
18	WGN36	1.57646278305264	0.107427020498601	619	1.36549719337894	1.78742837272634
19	WGN36	0.891743580050372	0.107427020498601	619	0.680777990376673	1.10270916972407
20	WGN36	1.29716434664748	0.0759317632012008	619	1.14804926252474	1.44627943077023
21	WGN36	1.30899693899573	0.0759317632012	619	1.15988185487298	1.45811202311847
22	WGN36	1.40992104959656	0.0759317632011992	619	1.26080596547381	1.5590361337193
23	WGN36	1.57079632679488	0.0759317632012006	619	1.42168124267213	1.71991141091762
24	WGN36	1.57079632679487	0.0759317632011998	619	1.42168124267213	1.71991141091762
26	WGN36	1.47062890563331	0.0759317632012	619	1.32151382151057	1.61974398975606
28	WGN36	1.37194661924884	0.0759317632012002	619	1.22283153512609	1.52106170337159
30	WGN36	1.57079632679488	0.0759317632012002	619	1.42168124267213	1.71991141091762
31	WGN36	1.52071261621409	0.0759317632012008	619	1.37159753209135	1.66982770033684
33	WGN36	1.57079632679489	0.0759317632011993	619	1.42168124267214	1.71991141091763
34	WGN36	1.52071261621411	0.0759317632012003	619	1.37159753209136	1.66982770033685
35	WGN36	1.57079632679488	0.0759317632011997	619	1.42168124267214	1.71991141091763
36	WGN36	1.40992104959656	0.0759317632011998	619	1.26080596547382	1.55903613371931
37	WGN36	1.56512987053712	0.107427020498601	619	1.35416428086342	1.77609546021082
38	WGN36	1.56512987053712	0.107427020498602	619	1.35416428086341	1.77609546021082
39	WGN36	1.57079632679488	0.0759317632012002	619	1.42168124267213	1.71991141091762
40	WGN36	1.57646278305264	0.107427020498602	619	1.36549719337894	1.78742837272634
41	WGN36	1.57646278305263	0.107427020498601	619	1.36549719337893	1.78742837272633
42	WGN36	1.57079632679488	0.0759317632011999	619	1.42168124267213	1.71991141091762
43	WGN36	1.5207126162141	0.0759317632011995	619	1.37159753209135	1.66982770033684
44	WGN36	1.57646278305264	0.107427020498603	619	1.36549719337894	1.78742837272634
45	WGN36	1.57646278305264	0.1074270204986	619	1.36549719337894	1.78742837272634
46	WGN36	1.5207126162141	0.0759317632011998	619	1.37159753209135	1.66982770033684
47	WGN36	1.57079632679488	0.0759317632011997	619	1.42168124267213	1.71991141091762
48	WGN36	1.5207126162141	0.0759317632012003	619	1.37159753209135	1.66982770033684
49	WGN36	1.57079632679487	0.0759317632012004	619	1.42168124267213	1.71991141091762
51	WGN36	1.57079632679488	0.0759317632011998	619	1.42168124267213	1.71991141091762
52	WGN36	1.57079632679488	0.0759317632011997	619	1.42168124267213	1.71991141091762
54	WGN36	1.57079632679488	0.0759317632011996	619	1.42168124267213	1.71991141091762
55	WGN36	1.46496244937555	0.107427020498603	619	1.25399685970185	1.67592803904926
56	WGN36	1.37194661924884	0.0759317632012001	619	1.22283153512609	1.52106170337159
57	WGN36	1.45803962384581	0.0759317632012	619	1.30892453972306	1.60715470796856
58	WGN36	1.47011736639971	0.0759317632011999	619	1.32100228227697	1.61923245052246
59	WGN36	1.5207126162141	0.0759317632012001	619	1.37159753209135	1.66982770033684
60	WGN36	1.47011736639971	0.0759317632011996	619	1.32100228227697	1.61923245052246
62	WGN36	1.5207126162141	0.0759317632012	619	1.37159753209135	1.66982770033684
64	WGN36	1.57079632679488	0.0759317632011993	619	1.42168124267213	1.71991141091762
65	WGN36	1.57079632679488	0.0759317632011994	619	1.42168124267213	1.71991141091762
66	WGN36	1.56512987053712	0.107427020498601	619	1.35416428086342	1.77609546021082
68	WGN36	1.57646278305264	0.107427020498601	619	1.36549719337894	1.78742837272634
69	WGN36	1.57646278305264	0.107427020498602	619	1.36549719337894	1.78742837272634
70	WGN36	1.57646278305264	0.107427020498601	619	1.36549719337894	1.78742837272634
71	WGN36	1.57646278305264	0.107427020498601	619	1.36549719337894	1.78742837272634
72	WGN36	1.57646278305264	0.107427020498601	619	1.36549719337894	1.78742837272634
74	WGN36	1.57079632679488	0.075931763201201	619	1.42168124267213	1.71991141091763
75	WGN36	1.57646278305264	0.107427020498601	619	1.36549719337894	1.78742837272634
76	WGN36	1.57079632679488	0.0759317632011999	619	1.42168124267213	1.71991141091762
77	WGN36	1.57079632679488	0.0759317632011998	619	1.42168124267213	1.71991141091762
78	WGN36	1.57079632679488	0.0759317632011998	619	1.42168124267213	1.71991141091762
79	WGN36	1.57646278305264	0.107427020498602	619	1.36549719337894	1.78742837272634
81	WGN36	1.57079632679488	0.0759317632011999	619	1.42168124267213	1.71991141091763
82	WGN36	1.57646278305264	0.107427020498602	619	1.36549719337894	1.78742837272634
83	WGN36	1.57646278305264	0.107427020498602	619	1.36549719337894	1.78742837272634
84	WGN36	1.57079632679488	0.0759317632012	619	1.42168124267213	1.71991141091762
85	WGN36	1.57646278305264	0.107427020498602	619	1.36549719337894	1.78742837272634
86	WGN36	1.57079632679488	0.0759317632012	619	1.42168124267213	1.71991141091762
88	WGN36	1.40992104959656	0.0759317632012001	619	1.26080596547381	1.5590361337193
89	WGN36	1.57079632679488	0.0759317632011997	619	1.42168124267213	1.71991141091762
90	WGN36	1.57646278305264	0.107427020498602	619	1.36549719337894	1.78742837272634
92	WGN36	1.57646278305264	0.107427020498602	619	1.36549719337894	1.78742837272634
94	WGN36	1.56512987053712	0.107427020498602	619	1.35416428086341	1.77609546021082
95	WGN36	1.57079632679488	0.0759317632012001	619	1.42168124267213	1.71991141091762
96	WGN36	1.52071261621409	0.0759317632011999	619	1.37159753209135	1.66982770033684
97	WGN36	1.45803962384581	0.0759317632012001	619	1.30892453972307	1.60715470796856
98	WGN36	1.45803962384581	0.0759317632011999	619	1.30892453972307	1.60715470796856
100	WGN36	1.57646278305264	0.107427020498601	619	1.36549719337894	1.78742837272634
102	WGN36	1.56512987053712	0.107427020498601	619	1.35416428086342	1.77609546021081
104	WGN36	1.57079632679488	0.0759317632012002	619	1.42168124267213	1.71991141091763
105	WGN36	1.57646278305264	0.107427020498601	619	1.36549719337894	1.78742837272634
106	WGN36	1.57079632679488	0.0759317632011996	619	1.42168124267213	1.71991141091762
109	WGN36	1.57646278305264	0.107427020498602	619	1.36549719337894	1.78742837272634
110	WGN36	1.57646278305264	0.107427020498601	619	1.36549719337894	1.78742837272634
112	WGN36	1.57646278305264	0.107427020498602	619	1.36549719337894	1.78742837272634
116	WGN36	1.56512987053711	0.107427020498601	619	1.35416428086341	1.77609546021081
117	WGN36	1.57079632679488	0.0759317632011998	619	1.42168124267213	1.71991141091762
118	WGN36	1.49984779949279	0.0759317632011999	619	1.35073271537005	1.64896288361554
120	WGN36	1.37099811852757	0.0759317632012001	619	1.22188303440483	1.52011320265032
121	WGN36	1.4998477994928	0.0759317632012002	619	1.35073271537005	1.64896288361554
122	WGN36	1.57079632679488	0.0759317632012	619	1.42168124267213	1.71991141091762
123	WGN36	1.4998477994928	0.0759317632011999	619	1.35073271537005	1.64896288361554
124	WGN36	1.57079632679488	0.0759317632012001	619	1.42168124267213	1.71991141091762
125	WGN36	1.45803962384581	0.0759317632012	619	1.30892453972306	1.60715470796856
126	WGN36	1.47062890563332	0.0759317632012001	619	1.32151382151057	1.61974398975606
127	WGN36	1.5207126162141	0.0759317632012005	619	1.37159753209135	1.66982770033684
128	WGN36	1.57646278305264	0.107427020498601	619	1.36549719337894	1.78742837272634
129	WGN36	1.56512987053712	0.107427020498601	619	1.35416428086342	1.77609546021082
130	WGN36	1.57079632679488	0.0759317632012003	619	1.42168124267213	1.71991141091762
1	WGN38	1.5207126162141	0.0759317632012086	619	1.37159753209134	1.66982770033686
3	WGN38	1.57646278305263	0.107427020498602	619	1.36549719337893	1.78742837272634
4	WGN38	1.57646278305263	0.107427020498602	619	1.36549719337893	1.78742837272633
5	WGN38	1.57079632679487	0.0759317632012005	619	1.42168124267213	1.71991141091762
6	WGN38	1.57646278305263	0.107427020498601	619	1.36549719337893	1.78742837272633
7	WGN38	1.57079632679487	0.0759317632012	619	1.42168124267213	1.71991141091762
8	WGN38	1.57079632679487	0.0759317632011996	619	1.42168124267213	1.71991141091762
10	WGN38	1.35983733901578	0.0759317632011991	619	1.21072225489303	1.50895242313852
11	WGN38	1.57646278305264	0.107427020498602	619	1.36549719337894	1.78742837272634
12	WGN38	1.57646278305264	0.107427020498602	619	1.36549719337894	1.78742837272634
14	WGN38	1.57646278305263	0.1074270204986	619	1.36549719337894	1.78742837272633
16	WGN38	1.57646278305263	0.1074270204986	619	1.36549719337894	1.78742837272633
18	WGN38	1.57646278305264	0.107427020498602	619	1.36549719337893	1.78742837272634
19	WGN38	1.56512987053711	0.107427020498602	619	1.35416428086341	1.77609546021081
20	WGN38	1.25471222865599	0.107427020498602	619	1.04374663898229	1.46567781832969
22	WGN38	1.57079632679487	0.0759317632012003	619	1.42168124267213	1.71991141091762
23	WGN38	1.12775776489857	0.0759317632011998	619	0.978642680775821	1.27687284902131
26	WGN38	1.52071261621409	0.0759317632012	619	1.37159753209134	1.66982770033684
27	WGN38	1.46496244937556	0.107427020498602	619	1.25399685970185	1.67592803904926
28	WGN38	1.57079632679487	0.0759317632012004	619	1.42168124267212	1.71991141091761
29	WGN38	1.57079632679488	0.0759317632011999	619	1.42168124267213	1.71991141091762
30	WGN38	1.57079632679488	0.0759317632012003	619	1.42168124267213	1.71991141091762
32	WGN38	1.57079632679486	0.0759317632012	619	1.42168124267212	1.71991141091761
33	WGN38	1.57079632679487	0.0759317632011993	619	1.42168124267213	1.71991141091762
35	WGN38	1.57079632679486	0.0759317632011998	619	1.42168124267212	1.71991141091761
36	WGN38	1.57646278305263	0.107427020498602	619	1.36549719337893	1.78742837272634
37	WGN38	1.57646278305264	0.107427020498602	619	1.36549719337894	1.78742837272634
38	WGN38	1.57079632679487	0.0759317632011991	619	1.42168124267213	1.71991141091762
39	WGN38	1.57079632679487	0.0759317632012008	619	1.42168124267213	1.71991141091762
40	WGN38	1.45803962384581	0.0759317632012001	619	1.30892453972306	1.60715470796855
41	WGN38	1.56512987053712	0.107427020498602	619	1.35416428086342	1.77609546021082
42	WGN38	1.57646278305264	0.107427020498602	619	1.36549719337894	1.78742837272634
45	WGN38	1.45803962384581	0.0759317632011995	619	1.30892453972306	1.60715470796855
46	WGN38	1.57646278305263	0.107427020498601	619	1.36549719337893	1.78742837272633
47	WGN38	1.4274180506891	0.0759317632011996	619	1.27830296656635	1.57653313481184
48	WGN38	1.56512987053711	0.107427020498602	619	1.35416428086341	1.77609546021081
49	WGN38	1.57646278305264	0.107427020498601	619	1.36549719337894	1.78742837272634
50	WGN38	1.57079632679487	0.0759317632012001	619	1.42168124267213	1.71991141091762
51	WGN38	1.57646278305263	0.107427020498601	619	1.36549719337894	1.78742837272633
52	WGN38	1.52071261621409	0.0759317632012008	619	1.37159753209135	1.66982770033684
53	WGN38	1.57079632679487	0.0759317632012003	619	1.42168124267213	1.71991141091762
54	WGN38	1.57646278305263	0.107427020498601	619	1.36549719337894	1.78742837272633
55	WGN38	1.57646278305263	0.107427020498601	619	1.36549719337894	1.78742837272633
56	WGN38	1.57079632679487	0.0759317632011996	619	1.42168124267213	1.71991141091762
59	WGN38	1.29716434664749	0.0759317632011994	619	1.14804926252474	1.44627943077023
61	WGN38	1.57079632679487	0.0759317632011998	619	1.42168124267213	1.71991141091762
63	WGN38	1.57079632679487	0.0759317632011998	619	1.42168124267213	1.71991141091762
64	WGN38	1.56512987053711	0.107427020498601	619	1.35416428086341	1.77609546021081
65	WGN38	1.56512987053711	0.107427020498601	619	1.35416428086341	1.77609546021081
66	WGN38	1.57646278305264	0.107427020498602	619	1.36549719337893	1.78742837272634
67	WGN38	1.49984779949279	0.0759317632011997	619	1.35073271537005	1.64896288361554
68	WGN38	1.22843672529373	0.0759317632011997	619	1.07932164117099	1.37755180941648
69	WGN38	1.57646278305264	0.107427020498601	619	1.36549719337894	1.78742837272634
70	WGN38	1.47629536189107	0.107427020498601	619	1.26532977221737	1.68726095156477
72	WGN38	1.22843672529373	0.0759317632012001	619	1.07932164117098	1.37755180941648
73	WGN38	1.45803962384581	0.0759317632011994	619	1.30892453972306	1.60715470796855
76	WGN38	1.48375482147663	0.0759317632011996	619	1.33463973735389	1.63286990559938
77	WGN38	1.35983733901577	0.0759317632012004	619	1.21072225489302	1.50895242313852
78	WGN38	1.57079632679487	0.0759317632011997	619	1.42168124267213	1.71991141091762
80	WGN38	1.56512987053711	0.107427020498602	619	1.35416428086341	1.77609546021081
81	WGN38	1.52071261621409	0.0759317632012001	619	1.37159753209135	1.66982770033684
82	WGN38	1.57079632679487	0.0759317632012003	619	1.42168124267213	1.71991141091762
83	WGN38	1.56512987053711	0.107427020498602	619	1.35416428086341	1.77609546021081
84	WGN38	1.49984779949279	0.0759317632012001	619	1.35073271537004	1.64896288361553
85	WGN38	1.57646278305264	0.107427020498602	619	1.36549719337893	1.78742837272634
86	WGN38	1.57079632679487	0.0759317632012001	619	1.42168124267213	1.71991141091762
87	WGN38	1.57646278305263	0.107427020498601	619	1.36549719337893	1.78742837272633
88	WGN38	1.56512987053711	0.107427020498601	619	1.35416428086341	1.77609546021081
89	WGN38	1.37194661924884	0.0759317632011996	619	1.22283153512609	1.52106170337158
90	WGN38	1.52071261621409	0.0759317632012001	619	1.37159753209135	1.66982770033684
91	WGN38	1.57079632679487	0.0759317632011999	619	1.42168124267213	1.71991141091762
92	WGN38	1.56512987053711	0.107427020498602	619	1.35416428086341	1.77609546021081
93	WGN38	1.57646278305264	0.107427020498601	619	1.36549719337894	1.78742837272634
94	WGN38	1.39697908462887	0.0759317632011999	619	1.24786400050612	1.54609416875162
95	WGN38	1.57646278305264	0.107427020498602	619	1.36549719337894	1.78742837272634
96	WGN38	1.57079632679487	0.0759317632011999	619	1.42168124267213	1.71991141091762
97	WGN38	1.57646278305263	0.107427020498601	619	1.36549719337894	1.78742837272633
98	WGN38	1.15748819799165	0.0759317632011999	619	1.0083731138689	1.3066032821144
99	WGN38	1.57079632679488	0.0759317632012001	619	1.42168124267213	1.71991141091762
100	WGN38	1.40992104959655	0.0759317632011997	619	1.26080596547381	1.5590361337193
101	WGN38	1.57079632679487	0.0759317632011998	619	1.42168124267213	1.71991141091762
102	WGN38	1.57079632679487	0.0759317632011998	619	1.42168124267213	1.71991141091762
103	WGN38	1.57079632679487	0.0759317632011996	619	1.42168124267213	1.71991141091762
104	WGN38	1.57646278305263	0.107427020498602	619	1.36549719337893	1.78742837272634
106	WGN38	1.52071261621409	0.0759317632011998	619	1.37159753209135	1.66982770033684
107	WGN38	1.40795591326503	0.0759317632011992	619	1.25884082914228	1.55707099738777
108	WGN38	1.17809724509615	0.0759317632011997	619	1.02898216097341	1.3272123292189
109	WGN38	1.57646278305263	0.107427020498601	619	1.36549719337894	1.78742837272633
110	WGN38	1.34528292089674	0.0759317632012001	619	1.196167836774	1.49439800501949
111	WGN38	1.57079632679487	0.0759317632011998	619	1.42168124267213	1.71991141091762
113	WGN38	1.57079632679487	0.0759317632011998	619	1.42168124267213	1.71991141091762
114	WGN38	1.57646278305264	0.107427020498602	619	1.36549719337893	1.78742837272634
115	WGN38	1.57646278305264	0.107427020498601	619	1.36549719337894	1.78742837272634
1	WGN39	1.57079632679487	0.0759317632011963	619	1.42168124267213	1.71991141091761
2	WGN39	1.449764088912	0.0759317632012008	619	1.30064900478926	1.59887917303475
3	WGN39	1.5651298705371	0.107427020498601	619	1.3541642808634	1.7760954602108
4	WGN39	1.2262158193454	0.0759317632011991	619	1.07710073522266	1.37533090346815
5	WGN39	1.57079632679487	0.0759317632012002	619	1.42168124267212	1.71991141091761
6	WGN39	1.52071261621409	0.0759317632011996	619	1.37159753209134	1.66982770033683
7	WGN39	1.57079632679487	0.0759317632011998	619	1.42168124267212	1.71991141091761
8	WGN39	0.69038565926003	0.107427020498601	619	0.479420069586332	0.901351248933729
9	WGN39	1.43456572844846	0.107427020498602	619	1.22360013877476	1.64553131812216
12	WGN39	1.57646278305263	0.107427020498603	619	1.36549719337893	1.78742837272633
15	WGN39	1.52071261621409	0.0759317632012002	619	1.37159753209134	1.66982770033683
16	WGN39	1.57079632679487	0.0759317632012003	619	1.42168124267212	1.71991141091761
17	WGN39	1.57079632679487	0.075931763201199	619	1.42168124267212	1.71991141091761
18	WGN39	1.4580396238458	0.0759317632012003	619	1.30892453972306	1.60715470796855
19	WGN39	1.25471222865598	0.107427020498601	619	1.04374663898228	1.46567781832968
21	WGN39	1.57079632679487	0.0759317632011998	619	1.42168124267212	1.71991141091761
24	WGN39	1.45803962384583	0.0759317632011996	619	1.30892453972308	1.60715470796857
25	WGN39	1.56512987053713	0.107427020498601	619	1.35416428086343	1.77609546021083
26	WGN39	1.57646278305262	0.107427020498602	619	1.36549719337892	1.78742837272632
27	WGN39	1.57646278305259	0.107427020498602	619	1.36549719337889	1.78742837272629
29	WGN39	1.57079632679488	0.0759317632012001	619	1.42168124267213	1.71991141091762
30	WGN39	1.57079632679486	0.0759317632012006	619	1.42168124267212	1.71991141091761
31	WGN39	1.57079632679487	0.0759317632011996	619	1.42168124267212	1.71991141091761
32	WGN39	1.4580396238458	0.0759317632012002	619	1.30892453972305	1.60715470796855
34	WGN39	1.57079632679486	0.0759317632011999	619	1.42168124267212	1.71991141091761
35	WGN39	1.57646278305263	0.107427020498601	619	1.36549719337893	1.78742837272633
36	WGN39	1.57646278305263	0.107427020498603	619	1.36549719337893	1.78742837272633
37	WGN39	1.5651298705371	0.1074270204986	619	1.35416428086341	1.7760954602108
39	WGN39	1.57079632679487	0.0759317632012009	619	1.42168124267212	1.71991141091761
40	WGN39	1.52071261621409	0.0759317632012007	619	1.37159753209134	1.66982770033683
41	WGN39	1.4580396238458	0.0759317632011998	619	1.30892453972306	1.60715470796855
42	WGN39	1.57079632679487	0.0759317632012002	619	1.42168124267212	1.71991141091761
43	WGN39	1.57079632679488	0.0759317632012002	619	1.42168124267213	1.71991141091762
44	WGN39	1.57646278305263	0.107427020498602	619	1.36549719337893	1.78742837272633
45	WGN39	1.57646278305263	0.107427020498601	619	1.36549719337893	1.78742837272633
47	WGN39	1.57079632679487	0.0759317632011995	619	1.42168124267212	1.71991141091761
49	WGN39	1.57079632679487	0.0759317632011995	619	1.42168124267212	1.71991141091761
50	WGN39	1.57646278305263	0.107427020498601	619	1.36549719337893	1.78742837272633
51	WGN39	1.48375482147662	0.0759317632012008	619	1.33463973735388	1.63286990559937
52	WGN39	1.52071261621409	0.0759317632012004	619	1.37159753209134	1.66982770033683
53	WGN39	1.52071261621409	0.0759317632012	619	1.37159753209134	1.66982770033684
54	WGN39	1.57079632679487	0.0759317632012004	619	1.42168124267212	1.71991141091761
55	WGN39	1.57646278305263	0.107427020498601	619	1.36549719337893	1.78742837272633
56	WGN39	1.57646278305263	0.107427020498601	619	1.36549719337893	1.78742837272633
57	WGN39	1.57646278305263	0.107427020498601	619	1.36549719337893	1.78742837272633
58	WGN39	1.49984779949279	0.0759317632011998	619	1.35073271537004	1.64896288361553
60	WGN39	1.57079632679487	0.0759317632011999	619	1.42168124267212	1.71991141091761
61	WGN39	1.57079632679487	0.0759317632012002	619	1.42168124267212	1.71991141091761
63	WGN39	1.57079632679487	0.0759317632012005	619	1.42168124267212	1.71991141091761
64	WGN39	1.57646278305263	0.107427020498601	619	1.36549719337893	1.78742837272633
65	WGN39	1.57646278305262	0.107427020498602	619	1.36549719337892	1.78742837272633
66	WGN39	1.52071261621409	0.0759317632011994	619	1.37159753209134	1.66982770033683
67	WGN39	1.57079632679487	0.0759317632012003	619	1.42168124267212	1.71991141091761
68	WGN39	1.33961646463898	0.107427020498601	619	1.12865087496528	1.55058205431268
69	WGN39	1.52071261621409	0.0759317632012	619	1.37159753209134	1.66982770033683
70	WGN39	1.56512987053711	0.107427020498601	619	1.35416428086341	1.77609546021081
71	WGN39	1.57079632679487	0.0759317632011999	619	1.42168124267212	1.71991141091761
72	WGN39	1.57646278305263	0.107427020498602	619	1.36549719337893	1.78742837272633
73	WGN39	1.57646278305263	0.107427020498602	619	1.36549719337893	1.78742837272633
74	WGN39	1.57646278305263	0.107427020498601	619	1.36549719337893	1.78742837272633
75	WGN39	1.4580396238458	0.0759317632012002	619	1.30892453972305	1.60715470796855
76	WGN39	1.57079632679487	0.0759317632012	619	1.42168124267212	1.71991141091761
78	WGN39	1.52071261621409	0.0759317632012003	619	1.37159753209134	1.66982770033683
79	WGN39	1.57079632679487	0.0759317632012001	619	1.42168124267212	1.71991141091761
80	WGN39	1.5651298705371	0.107427020498601	619	1.3541642808634	1.7760954602108
81	WGN39	1.56512987053711	0.107427020498601	619	1.35416428086341	1.7760954602108
82	WGN39	1.57079632679487	0.0759317632011998	619	1.42168124267212	1.71991141091761
83	WGN39	1.56512987053711	0.107427020498601	619	1.35416428086341	1.77609546021081
84	WGN39	1.57079632679486	0.0759317632011998	619	1.42168124267212	1.71991141091761
85	WGN39	1.44706279520964	0.0759317632012002	619	1.2979477110869	1.59617787933239
86	WGN39	1.57646278305263	0.107427020498602	619	1.36549719337893	1.78742837272633
90	WGN39	1.4580396238458	0.0759317632011999	619	1.30892453972305	1.60715470796855
94	WGN39	1.57079632679487	0.0759317632011997	619	1.42168124267212	1.71991141091761
95	WGN39	1.57079632679487	0.0759317632012	619	1.42168124267212	1.71991141091761
96	WGN39	1.57646278305263	0.107427020498602	619	1.36549719337893	1.78742837272633
98	WGN39	1.49984779949279	0.0759317632011999	619	1.35073271537004	1.64896288361553
101	WGN39	1.4701173663997	0.0759317632012002	619	1.32100228227695	1.61923245052245
102	WGN39	1.57079632679487	0.0759317632012	619	1.42168124267212	1.71991141091761
104	WGN39	1.57079632679487	0.0759317632011998	619	1.42168124267212	1.71991141091761
106	WGN39	1.57646278305263	0.107427020498601	619	1.36549719337893	1.78742837272633
107	WGN39	1.57646278305263	0.107427020498601	619	1.36549719337893	1.78742837272633
108	WGN39	1.33897252229447	0.0759317632011998	619	1.18985743817172	1.48808760641721
109	WGN39	1.57079632679487	0.0759317632011999	619	1.42168124267212	1.71991141091761
110	WGN39	1.57646278305263	0.107427020498602	619	1.36549719337893	1.78742837272633
111	WGN39	1.57646278305263	0.107427020498601	619	1.36549719337893	1.78742837272633
112	WGN39	1.57079632679487	0.0759317632012001	619	1.42168124267212	1.71991141091761
113	WGN39	1.57646278305263	0.107427020498601	619	1.36549719337893	1.78742837272633
115	WGN39	1.52071261621409	0.0759317632012001	619	1.37159753209134	1.66982770033683
116	WGN39	1.57646278305263	0.107427020498601	619	1.36549719337893	1.78742837272633
117	WGN39	1.57646278305263	0.107427020498601	619	1.36549719337893	1.78742837272633
118	WGN39	1.57079632679487	0.0759317632012	619	1.42168124267212	1.71991141091761
122	WGN39	1.47062890563331	0.0759317632012003	619	1.32151382151056	1.61974398975605
123	WGN39	1.57079632679486	0.0759317632012001	619	1.42168124267212	1.71991141091761
124	WGN39	1.57646278305263	0.107427020498601	619	1.36549719337893	1.78742837272633
125	WGN39	0.486794952278126	0.0759317632012001	619	0.33767986815538	0.635910036400872
128	WGN39	1.52071261621409	0.0759317632012001	619	1.37159753209134	1.66982770033683
130	WGN39	1.57646278305263	0.107427020498601	619	1.36549719337893	1.78742837272633
1	WGN45	1.57079632679487	0.0759317632012017	619	1.42168124267212	1.71991141091762
2	WGN45	1.57079632679487	0.0759317632011983	619	1.42168124267213	1.71991141091762
4	WGN45	1.57079632679487	0.0759317632011996	619	1.42168124267213	1.71991141091762
5	WGN45	1.52071261621409	0.0759317632012	619	1.37159753209135	1.66982770033684
6	WGN45	1.57079632679487	0.0759317632012003	619	1.42168124267213	1.71991141091762
7	WGN45	1.57079632679487	0.0759317632011991	619	1.42168124267213	1.71991141091762
8	WGN45	1.57646278305263	0.107427020498601	619	1.36549719337893	1.78742837272633
9	WGN45	1.52071261621409	0.0759317632011999	619	1.37159753209135	1.66982770033684
10	WGN45	1.57646278305263	0.1074270204986	619	1.36549719337894	1.78742837272633
11	WGN45	1.57079632679487	0.0759317632011994	619	1.42168124267213	1.71991141091762
12	WGN45	1.57646278305263	0.1074270204986	619	1.36549719337894	1.78742837272633
13	WGN45	1.57079632679487	0.0759317632011997	619	1.42168124267213	1.71991141091762
14	WGN45	1.47629536189108	0.107427020498601	619	1.26532977221738	1.68726095156478
15	WGN45	1.57646278305264	0.107427020498601	619	1.36549719337894	1.78742837272634
16	WGN45	1.57079632679487	0.0759317632011999	619	1.42168124267213	1.71991141091762
17	WGN45	1.56512987053711	0.107427020498602	619	1.35416428086341	1.77609546021081
18	WGN45	1.57079632679487	0.0759317632011993	619	1.42168124267213	1.71991141091762
19	WGN45	1.57646278305263	0.107427020498601	619	1.36549719337894	1.78742837272633
20	WGN45	1.52071261621409	0.0759317632012009	619	1.37159753209134	1.66982770033684
22	WGN45	1.52071261621409	0.0759317632012006	619	1.37159753209135	1.66982770033684
23	WGN45	1.57646278305264	0.107427020498601	619	1.36549719337894	1.78742837272633
24	WGN45	1.57646278305264	0.1074270204986	619	1.36549719337894	1.78742837272634
25	WGN45	1.56512987053709	0.1074270204986	619	1.35416428086339	1.77609546021079
26	WGN45	1.56512987053711	0.107427020498601	619	1.35416428086341	1.77609546021081
28	WGN45	1.57646278305263	0.107427020498602	619	1.36549719337893	1.78742837272633
29	WGN45	0.891743580050354	0.107427020498601	619	0.680777990376655	1.10270916972405
31	WGN45	1.5207126162141	0.0759317632011995	619	1.37159753209135	1.66982770033684
32	WGN45	1.57079632679487	0.0759317632011997	619	1.42168124267213	1.71991141091762
34	WGN45	1.52071261621408	0.0759317632011991	619	1.37159753209134	1.66982770033683
35	WGN45	1.57079632679487	0.0759317632011997	619	1.42168124267213	1.71991141091762
37	WGN45	1.57079632679487	0.0759317632011999	619	1.42168124267213	1.71991141091762
38	WGN45	1.57646278305264	0.107427020498602	619	1.36549719337894	1.78742837272634
40	WGN45	1.57079632679487	0.0759317632011992	619	1.42168124267212	1.71991141091761
41	WGN45	1.57079632679488	0.0759317632011997	619	1.42168124267213	1.71991141091762
42	WGN45	1.57646278305264	0.107427020498601	619	1.36549719337894	1.78742837272634
43	WGN45	1.57079632679489	0.0759317632012002	619	1.42168124267214	1.71991141091763
44	WGN45	1.57079632679487	0.0759317632011995	619	1.42168124267213	1.71991141091762
45	WGN45	1.49984779949279	0.0759317632012002	619	1.35073271537005	1.64896288361554
46	WGN45	1.52071261621409	0.0759317632011994	619	1.37159753209135	1.66982770033684
47	WGN45	1.57646278305264	0.107427020498601	619	1.36549719337894	1.78742837272634
48	WGN45	1.57079632679487	0.0759317632011991	619	1.42168124267213	1.71991141091762
49	WGN45	1.47629536189108	0.107427020498602	619	1.26532977221738	1.68726095156478
50	WGN45	1.57079632679488	0.0759317632012002	619	1.42168124267213	1.71991141091762
52	WGN45	1.57646278305264	0.107427020498601	619	1.36549719337894	1.78742837272633
53	WGN45	1.3509493771545	0.107427020498601	619	1.1399837874808	1.5619149668282
54	WGN45	1.57646278305263	0.107427020498601	619	1.36549719337893	1.78742837272633
55	WGN45	1.52071261621409	0.0759317632011995	619	1.37159753209135	1.66982770033684
56	WGN45	1.52071261621409	0.0759317632011995	619	1.37159753209135	1.66982770033684
57	WGN45	1.57646278305264	0.107427020498601	619	1.36549719337894	1.78742837272634
58	WGN45	1.57079632679487	0.0759317632011996	619	1.42168124267213	1.71991141091762
59	WGN45	1.57079632679487	0.0759317632012005	619	1.42168124267213	1.71991141091762
60	WGN45	0.985490130173415	0.107427020498601	619	0.774524540499716	1.19645571984711
61	WGN45	1.57646278305264	0.107427020498602	619	1.36549719337894	1.78742837272634
62	WGN45	1.57646278305263	0.107427020498601	619	1.36549719337894	1.78742837272633
64	WGN45	1.57079632679488	0.0759317632011999	619	1.42168124267213	1.71991141091763
65	WGN45	1.57646278305262	0.107427020498601	619	1.36549719337892	1.78742837272632
66	WGN45	1.57079632679487	0.0759317632012	619	1.42168124267213	1.71991141091762
67	WGN45	1.57646278305263	0.107427020498601	619	1.36549719337893	1.78742837272633
68	WGN45	1.57079632679487	0.0759317632012	619	1.42168124267213	1.71991141091762
69	WGN45	1.57079632679487	0.0759317632011996	619	1.42168124267213	1.71991141091762
71	WGN45	1.57079632679487	0.0759317632011999	619	1.42168124267213	1.71991141091762
72	WGN45	1.57646278305264	0.107427020498602	619	1.36549719337894	1.78742837272634
73	WGN45	1.56512987053711	0.107427020498601	619	1.35416428086341	1.77609546021081
74	WGN45	1.57646278305264	0.107427020498601	619	1.36549719337894	1.78742837272633
75	WGN45	1.57079632679487	0.0759317632011998	619	1.42168124267213	1.71991141091762
76	WGN45	1.52071261621409	0.0759317632011999	619	1.37159753209135	1.66982770033684
77	WGN45	1.57079632679487	0.0759317632011999	619	1.42168124267213	1.71991141091762
78	WGN45	1.35094937715451	0.107427020498601	619	1.13998378748081	1.56191496682821
80	WGN45	1.57079632679487	0.0759317632011999	619	1.42168124267213	1.71991141091762
81	WGN45	1.57079632679487	0.0759317632011998	619	1.42168124267213	1.71991141091762
82	WGN45	1.57646278305264	0.107427020498601	619	1.36549719337894	1.78742837272634
84	WGN45	1.57079632679487	0.0759317632011999	619	1.42168124267212	1.71991141091762
85	WGN45	1.56512987053711	0.107427020498601	619	1.35416428086341	1.77609546021081
86	WGN45	1.57646278305264	0.107427020498602	619	1.36549719337894	1.78742837272634
87	WGN45	1.57646278305264	0.107427020498601	619	1.36549719337894	1.78742837272633
88	WGN45	1.57079632679487	0.0759317632012	619	1.42168124267213	1.71991141091762
89	WGN45	1.57646278305264	0.107427020498602	619	1.36549719337894	1.78742837272634
90	WGN45	1.27837331832556	0.107427020498602	619	1.06740772865186	1.48933890799926
92	WGN45	1.57079632679487	0.0759317632012001	619	1.42168124267213	1.71991141091762
93	WGN45	1.52071261621409	0.0759317632011999	619	1.37159753209135	1.66982770033684
94	WGN45	1.57079632679487	0.0759317632012	619	1.42168124267213	1.71991141091762
95	WGN45	0.585306196621445	0.107427020498601	619	0.374340606947745	0.796271786295145
96	WGN45	1.57646278305263	0.107427020498601	619	1.36549719337893	1.78742837272633
98	WGN45	1.57079632679487	0.0759317632011999	619	1.42168124267213	1.71991141091762
99	WGN45	1.57646278305263	0.107427020498601	619	1.36549719337894	1.78742837272633
100	WGN45	1.57079632679487	0.0759317632011999	619	1.42168124267213	1.71991141091762
101	WGN45	1.35983733901577	0.0759317632012001	619	1.21072225489303	1.50895242313852
102	WGN45	1.57079632679487	0.0759317632011998	619	1.42168124267213	1.71991141091762
103	WGN45	1.56512987053711	0.107427020498601	619	1.35416428086341	1.77609546021081
104	WGN45	1.57079632679487	0.0759317632011998	619	1.42168124267213	1.71991141091762
106	WGN45	1.57079632679487	0.0759317632011999	619	1.42168124267213	1.71991141091762
107	WGN45	1.45803962384581	0.0759317632012	619	1.30892453972306	1.60715470796855
108	WGN45	1.44706279520965	0.0759317632011999	619	1.2979477110869	1.5961778793324
109	WGN45	1.57079632679487	0.0759317632012	619	1.42168124267213	1.71991141091762
110	WGN45	1.57079632679487	0.0759317632011999	619	1.42168124267213	1.71991141091762
111	WGN45	1.57646278305264	0.107427020498601	619	1.36549719337894	1.78742837272634
112	WGN45	1.57646278305264	0.107427020498601	619	1.36549719337894	1.78742837272634
113	WGN45	0.985490130173415	0.107427020498601	619	0.774524540499716	1.19645571984711
114	WGN45	1.57646278305264	0.107427020498601	619	1.36549719337894	1.78742837272634
116	WGN45	1.57646278305264	0.107427020498602	619	1.36549719337894	1.78742837272634
117	WGN45	1.57646278305264	0.107427020498601	619	1.36549719337894	1.78742837272634
118	WGN45	1.57646278305264	0.107427020498601	619	1.36549719337894	1.78742837272634
119	WGN45	1.57079632679487	0.0759317632011999	619	1.42168124267213	1.71991141091762
120	WGN45	1.57079632679487	0.0759317632011998	619	1.42168124267213	1.71991141091762
121	WGN45	1.57079632679487	0.0759317632011999	619	1.42168124267213	1.71991141091762
122	WGN45	1.45803962384581	0.0759317632011998	619	1.30892453972306	1.60715470796855
123	WGN45	1.57079632679487	0.0759317632011999	619	1.42168124267213	1.71991141091762
124	WGN45	1.57079632679487	0.0759317632011999	619	1.42168124267213	1.71991141091762
126	WGN45	1.57079632679487	0.0759317632012	619	1.42168124267213	1.71991141091762
127	WGN45	1.57646278305264	0.107427020498601	619	1.36549719337894	1.78742837272634
128	WGN45	1.57646278305264	0.107427020498601	619	1.36549719337894	1.78742837272634
129	WGN45	1.57079632679487	0.0759317632011999	619	1.42168124267213	1.71991141091762
130	WGN45	1.57646278305264	0.107427020498601	619	1.36549719337894	1.78742837272634
1	WGN46	1.52071261621409	0.0759317632012006	619	1.37159753209134	1.66982770033684
2	WGN46	1.37194661924884	0.0759317632011996	619	1.22283153512609	1.52106170337158
3	WGN46	1.43367111089585	0.0759317632012004	619	1.28455602677311	1.5827861950186
4	WGN46	1.57646278305263	0.107427020498602	619	1.36549719337893	1.78742837272633
6	WGN46	1.43456572844847	0.107427020498601	619	1.22360013877477	1.64553131812217
7	WGN46	1.57079632679487	0.0759317632012001	619	1.42168124267213	1.71991141091762
8	WGN46	1.56512987053711	0.107427020498602	619	1.35416428086341	1.77609546021081
9	WGN46	1.57079632679487	0.0759317632012002	619	1.42168124267213	1.71991141091762
10	WGN46	1.57079632679487	0.0759317632011998	619	1.42168124267213	1.71991141091762
11	WGN46	1.57079632679487	0.0759317632011997	619	1.42168124267213	1.71991141091762
12	WGN46	1.56512987053711	0.107427020498602	619	1.35416428086341	1.77609546021081
13	WGN46	1.57079632679487	0.0759317632011998	619	1.42168124267213	1.71991141091762
14	WGN46	1.11281517405183	0.107427020498601	619	0.901849584378135	1.32378076372553
15	WGN46	1.30899693899572	0.0759317632011994	619	1.15988185487298	1.45811202311847
16	WGN46	1.14812166179739	0.0759317632012001	619	0.999006577674646	1.29723674592014
17	WGN46	1.57079632679487	0.0759317632011997	619	1.42168124267213	1.71991141091762
18	WGN46	1.44706279520965	0.0759317632011992	619	1.29794771108691	1.59617787933239
19	WGN46	1.57079632679487	0.0759317632011993	619	1.42168124267213	1.71991141091762
20	WGN46	1.57646278305263	0.107427020498602	619	1.36549719337893	1.78742837272633
21	WGN46	1.56512987053711	0.107427020498601	619	1.35416428086341	1.77609546021081
22	WGN46	1.57079632679487	0.0759317632011999	619	1.42168124267213	1.71991141091762
23	WGN46	1.57079632679487	0.0759317632011999	619	1.42168124267213	1.71991141091762
24	WGN46	1.5707963267949	0.0759317632011997	619	1.42168124267215	1.71991141091765
25	WGN46	1.4580396238458	0.0759317632012004	619	1.30892453972305	1.60715470796855
26	WGN46	1.40992104959654	0.0759317632012002	619	1.2608059654738	1.55903613371929
27	WGN46	1.57646278305264	0.107427020498601	619	1.36549719337894	1.78742837272634
28	WGN46	1.57079632679485	0.0759317632011998	619	1.42168124267211	1.7199114109176
29	WGN46	1.56512987053711	0.107427020498601	619	1.35416428086341	1.77609546021081
30	WGN46	1.40795591326502	0.0759317632012006	619	1.25884082914227	1.55707099738777
31	WGN46	1.57646278305263	0.107427020498602	619	1.36549719337893	1.78742837272634
32	WGN46	1.40992104959655	0.0759317632012001	619	1.2608059654738	1.5590361337193
33	WGN46	1.57079632679489	0.0759317632011993	619	1.42168124267214	1.71991141091763
34	WGN46	1.45803962384581	0.0759317632012004	619	1.30892453972306	1.60715470796856
36	WGN46	1.49984779949277	0.0759317632012004	619	1.35073271537002	1.64896288361552
37	WGN46	1.52071261621409	0.0759317632012002	619	1.37159753209135	1.66982770033684
38	WGN46	1.38709109654373	0.0759317632011995	619	1.23797601242098	1.53620618066647
40	WGN46	1.57646278305263	0.107427020498601	619	1.36549719337893	1.78742837272633
41	WGN46	1.57079632679488	0.0759317632012001	619	1.42168124267213	1.71991141091762
42	WGN46	1.57646278305264	0.107427020498602	619	1.36549719337893	1.78742837272634
43	WGN46	1.57079632679487	0.0759317632011998	619	1.42168124267212	1.71991141091762
44	WGN46	1.57646278305263	0.107427020498601	619	1.36549719337893	1.78742837272633
46	WGN46	1.40992104959655	0.0759317632011997	619	1.2608059654738	1.5590361337193
47	WGN46	1.57646278305263	0.107427020498602	619	1.36549719337893	1.78742837272634
48	WGN46	1.57079632679487	0.0759317632012001	619	1.42168124267213	1.71991141091762
49	WGN46	1.57079632679487	0.0759317632012	619	1.42168124267213	1.71991141091762
50	WGN46	1.49984779949279	0.0759317632011996	619	1.35073271537005	1.64896288361554
52	WGN46	1.57079632679487	0.0759317632011999	619	1.42168124267213	1.71991141091762
53	WGN46	1.57646278305265	0.107427020498602	619	1.36549719337895	1.78742837272635
54	WGN46	1.57079632679487	0.0759317632012	619	1.42168124267213	1.71991141091762
55	WGN46	1.25471222865599	0.107427020498601	619	1.04374663898229	1.46567781832969
56	WGN46	1.24904577239823	0.0759317632011997	619	1.09993068827549	1.39816085652098
57	WGN46	1.57079632679487	0.0759317632012	619	1.42168124267213	1.71991141091762
58	WGN46	1.57079632679487	0.0759317632011997	619	1.42168124267213	1.71991141091762
59	WGN46	1.57079632679487	0.0759317632012003	619	1.42168124267213	1.71991141091762
60	WGN46	1.57079632679487	0.0759317632012002	619	1.42168124267213	1.71991141091762
61	WGN46	1.33897252229447	0.0759317632012002	619	1.18985743817172	1.48808760641721
62	WGN46	1.39916883909762	0.0759317632011999	619	1.25005375497488	1.54828392322037
63	WGN46	1.45803962384581	0.0759317632012001	619	1.30892453972306	1.60715470796855
64	WGN46	1.57079632679487	0.0759317632011998	619	1.42168124267213	1.71991141091762
65	WGN46	1.57079632679487	0.0759317632011994	619	1.42168124267213	1.71991141091762
66	WGN46	1.45803962384581	0.0759317632011997	619	1.30892453972306	1.60715470796855
67	WGN46	1.56512987053711	0.107427020498601	619	1.35416428086341	1.77609546021081
68	WGN46	1.57079632679487	0.0759317632011999	619	1.42168124267213	1.71991141091762
69	WGN46	1.57079632679487	0.0759317632012003	619	1.42168124267213	1.71991141091762
70	WGN46	1.29716434664749	0.0759317632012001	619	1.14804926252474	1.44627943077023
71	WGN46	1.57079632679487	0.0759317632012	619	1.42168124267213	1.71991141091762
72	WGN46	1.49984779949279	0.0759317632012006	619	1.35073271537004	1.64896288361554
73	WGN46	1.49984779949279	0.0759317632012001	619	1.35073271537004	1.64896288361554
74	WGN46	1.57079632679487	0.0759317632011998	619	1.42168124267213	1.71991141091762
75	WGN46	1.57079632679487	0.0759317632012	619	1.42168124267213	1.71991141091762
76	WGN46	1.45803962384581	0.0759317632012	619	1.30892453972306	1.60715470796855
78	WGN46	1.57079632679487	0.0759317632012	619	1.42168124267212	1.71991141091762
79	WGN46	1.57079632679487	0.0759317632012003	619	1.42168124267213	1.71991141091762
80	WGN46	1.45803962384581	0.0759317632012003	619	1.30892453972306	1.60715470796855
81	WGN46	1.33897252229447	0.0759317632012003	619	1.18985743817172	1.48808760641721
82	WGN46	1.57646278305263	0.107427020498601	619	1.36549719337893	1.78742837272633
83	WGN46	1.57079632679487	0.0759317632011997	619	1.42168124267213	1.71991141091762
84	WGN46	1.57079632679487	0.0759317632011999	619	1.42168124267212	1.71991141091761
85	WGN46	1.57079632679487	0.0759317632012001	619	1.42168124267213	1.71991141091762
86	WGN46	1.57079632679487	0.0759317632011998	619	1.42168124267213	1.71991141091762
87	WGN46	1.33961646463898	0.107427020498601	619	1.12865087496528	1.55058205431268
88	WGN46	1.49984779949279	0.0759317632012	619	1.35073271537004	1.64896288361554
89	WGN46	1.57646278305263	0.107427020498602	619	1.36549719337893	1.78742837272633
90	WGN46	1.52071261621409	0.0759317632012001	619	1.37159753209135	1.66982770033684
91	WGN46	1.45803962384581	0.0759317632012001	619	1.30892453972306	1.60715470796855
92	WGN46	1.35983733901577	0.0759317632011999	619	1.21072225489303	1.50895242313852
93	WGN46	1.57079632679487	0.0759317632012	619	1.42168124267213	1.71991141091762
94	WGN46	1.49984779949279	0.0759317632012003	619	1.35073271537004	1.64896288361554
95	WGN46	1.57079632679487	0.0759317632012002	619	1.42168124267213	1.71991141091762
96	WGN46	1.25918991629977	0.0759317632012002	619	1.11007483217702	1.40830500042252
98	WGN46	1.57079632679487	0.0759317632012	619	1.42168124267213	1.71991141091762
101	WGN46	1.57079632679487	0.0759317632012	619	1.42168124267213	1.71991141091762
102	WGN46	1.57079632679487	0.0759317632012001	619	1.42168124267213	1.71991141091762
103	WGN46	1.47629536189107	0.107427020498602	619	1.26532977221737	1.68726095156477
104	WGN46	1.45803962384581	0.0759317632011998	619	1.30892453972306	1.60715470796855
106	WGN46	1.57646278305263	0.107427020498601	619	1.36549719337893	1.78742837272633
107	WGN46	1.3751048622623	0.107427020498602	619	1.1641392725886	1.586070451936
108	WGN46	1.57646278305263	0.107427020498602	619	1.36549719337893	1.78742837272633
109	WGN46	1.35983733901577	0.0759317632011999	619	1.21072225489303	1.50895242313852
110	WGN46	1.57646278305263	0.107427020498602	619	1.36549719337893	1.78742837272633
111	WGN46	1.05286400745433	0.107427020498602	619	0.841898417780635	1.26382959712804
112	WGN46	1.57079632679487	0.0759317632012001	619	1.42168124267213	1.71991141091762
113	WGN46	1.52071261621409	0.0759317632012002	619	1.37159753209135	1.66982770033684
114	WGN46	1.57079632679487	0.0759317632012	619	1.42168124267213	1.71991141091762
115	WGN46	1.57079632679487	0.0759317632012002	619	1.42168124267213	1.71991141091762
116	WGN46	1.57079632679487	0.0759317632012001	619	1.42168124267213	1.71991141091762
117	WGN46	1.57646278305263	0.107427020498601	619	1.36549719337893	1.78742837272633
118	WGN46	1.1481216617974	0.0759317632012	619	0.999006577674655	1.29723674592015
119	WGN46	1.57079632679487	0.0759317632012	619	1.42168124267213	1.71991141091762
120	WGN46	1.57646278305263	0.107427020498602	619	1.36549719337893	1.78742837272633
121	WGN46	1.52071261621409	0.0759317632012001	619	1.37159753209135	1.66982770033684
122	WGN46	1.57079632679487	0.0759317632012	619	1.42168124267213	1.71991141091762
123	WGN46	1.52071261621409	0.0759317632012001	619	1.37159753209135	1.66982770033684
124	WGN46	1.57646278305263	0.107427020498602	619	1.36549719337893	1.78742837272633
125	WGN46	1.57079632679487	0.0759317632012001	619	1.42168124267213	1.71991141091762
126	WGN46	1.44706279520965	0.0759317632012001	619	1.2979477110869	1.59617787933239
127	WGN46	1.57646278305263	0.107427020498602	619	1.36549719337893	1.78742837272633
128	WGN46	1.45803962384581	0.0759317632012001	619	1.30892453972306	1.60715470796855
129	WGN46	1.57079632679487	0.0759317632012001	619	1.42168124267213	1.71991141091762
130	WGN46	1.57079632679487	0.0759317632012001	619	1.42168124267213	1.71991141091762
1	WGN55	1.4580396238458	0.0759317632012003	619	1.30892453972305	1.60715470796855
2	WGN55	1.44706279520965	0.0759317632011998	619	1.2979477110869	1.59617787933239
3	WGN55	1.25471222865599	0.107427020498602	619	1.04374663898229	1.46567781832969
4	WGN55	1.57079632679487	0.0759317632012004	619	1.42168124267213	1.71991141091762
5	WGN55	1.57646278305264	0.107427020498602	619	1.36549719337894	1.78742837272634
6	WGN55	1.57646278305263	0.107427020498602	619	1.36549719337893	1.78742837272634
7	WGN55	1.57646278305263	0.107427020498601	619	1.36549719337893	1.78742837272633
8	WGN55	1.57079632679487	0.0759317632012004	619	1.42168124267213	1.71991141091762
9	WGN55	1.57646278305263	0.107427020498601	619	1.36549719337893	1.78742837272633
10	WGN55	1.57079632679487	0.0759317632011995	619	1.42168124267212	1.71991141091761
11	WGN55	1.57646278305263	0.107427020498602	619	1.36549719337893	1.78742837272634
12	WGN55	0.810440018687804	0.0759317632012001	619	0.661324934565058	0.959555102810551
13	WGN55	1.45803962384581	0.0759317632011995	619	1.30892453972306	1.60715470796855
14	WGN55	1.57646278305263	0.107427020498603	619	1.36549719337893	1.78742837272634
15	WGN55	1.57646278305263	0.107427020498601	619	1.36549719337893	1.78742837272633
16	WGN55	1.57079632679487	0.0759317632012004	619	1.42168124267213	1.71991141091762
17	WGN55	1.57079632679487	0.0759317632011997	619	1.42168124267212	1.71991141091762
18	WGN55	1.52071261621409	0.0759317632011999	619	1.37159753209134	1.66982770033684
19	WGN55	1.44706279520965	0.0759317632011999	619	1.2979477110869	1.59617787933239
20	WGN55	1.57079632679487	0.0759317632011998	619	1.42168124267212	1.71991141091762
21	WGN55	1.33897252229447	0.0759317632011997	619	1.18985743817172	1.48808760641721
22	WGN55	1.57079632679487	0.0759317632011997	619	1.42168124267213	1.71991141091762
23	WGN55	1.4580396238458	0.0759317632012	619	1.30892453972306	1.60715470796855
24	WGN55	1.33430609226058	0.0759317632011998	619	1.18519100813783	1.48342117638332
25	WGN55	1.49984779949278	0.0759317632012003	619	1.35073271537003	1.64896288361552
26	WGN55	1.57079632679487	0.0759317632011998	619	1.42168124267212	1.71991141091761
27	WGN55	1.57079632679489	0.0759317632011999	619	1.42168124267214	1.71991141091763
28	WGN55	1.254712228656	0.107427020498602	619	1.0437466389823	1.4656778183297
29	WGN55	1.57079632679487	0.0759317632012	619	1.42168124267213	1.71991141091762
31	WGN55	1.57079632679486	0.0759317632011999	619	1.42168124267212	1.71991141091761
32	WGN55	1.57079632679489	0.0759317632012	619	1.42168124267214	1.71991141091763
33	WGN55	1.57079632679487	0.0759317632011999	619	1.42168124267213	1.71991141091762
35	WGN55	1.57079632679488	0.0759317632012002	619	1.42168124267214	1.71991141091763
36	WGN55	1.57646278305265	0.107427020498602	619	1.36549719337895	1.78742837272635
37	WGN55	1.57079632679487	0.0759317632011997	619	1.42168124267213	1.71991141091762
38	WGN55	1.56512987053711	0.107427020498602	619	1.35416428086341	1.77609546021081
40	WGN55	1.57646278305263	0.107427020498601	619	1.36549719337893	1.78742837272633
41	WGN55	1.4580396238458	0.0759317632011998	619	1.30892453972305	1.60715470796854
42	WGN55	1.40992104959655	0.0759317632012001	619	1.2608059654738	1.5590361337193
43	WGN55	1.52071261621409	0.0759317632012001	619	1.37159753209134	1.66982770033684
44	WGN55	1.56512987053711	0.107427020498602	619	1.35416428086341	1.77609546021081
47	WGN55	1.57079632679487	0.0759317632012	619	1.42168124267212	1.71991141091762
48	WGN55	1.57079632679487	0.0759317632012001	619	1.42168124267213	1.71991141091762
49	WGN55	1.57646278305263	0.107427020498602	619	1.36549719337893	1.78742837272633
50	WGN55	1.56512987053711	0.107427020498602	619	1.35416428086341	1.77609546021081
52	WGN55	1.57646278305263	0.107427020498602	619	1.36549719337893	1.78742837272633
54	WGN55	1.57079632679487	0.0759317632012002	619	1.42168124267213	1.71991141091762
55	WGN55	1.52071261621409	0.0759317632011999	619	1.37159753209135	1.66982770033684
56	WGN55	1.57079632679487	0.0759317632012001	619	1.42168124267212	1.71991141091762
57	WGN55	1.56512987053711	0.107427020498601	619	1.35416428086341	1.77609546021081
58	WGN55	1.57646278305263	0.107427020498601	619	1.36549719337893	1.78742837272633
59	WGN55	1.37194661924883	0.0759317632012002	619	1.22283153512609	1.52106170337158
60	WGN55	1.57646278305263	0.107427020498602	619	1.36549719337893	1.78742837272633
62	WGN55	1.57646278305263	0.107427020498602	619	1.36549719337893	1.78742837272634
65	WGN55	1.57079632679487	0.0759317632011999	619	1.42168124267212	1.71991141091762
66	WGN55	1.57079632679487	0.0759317632012004	619	1.42168124267212	1.71991141091762
69	WGN55	1.57646278305263	0.107427020498602	619	1.36549719337893	1.78742837272633
70	WGN55	1.57646278305263	0.107427020498601	619	1.36549719337893	1.78742837272633
72	WGN55	1.52071261621409	0.0759317632011999	619	1.37159753209134	1.66982770033684
73	WGN55	1.57079632679487	0.0759317632012001	619	1.42168124267212	1.71991141091762
74	WGN55	1.57646278305263	0.107427020498601	619	1.36549719337893	1.78742837272633
76	WGN55	1.57079632679487	0.0759317632012	619	1.42168124267213	1.71991141091762
77	WGN55	1.57646278305263	0.107427020498601	619	1.36549719337893	1.78742837272633
80	WGN55	1.57079632679487	0.0759317632012	619	1.42168124267212	1.71991141091762
81	WGN55	1.57646278305263	0.107427020498602	619	1.36549719337893	1.78742837272633
82	WGN55	1.49984779949279	0.0759317632012002	619	1.35073271537004	1.64896288361554
83	WGN55	1.57646278305263	0.107427020498601	619	1.36549719337893	1.78742837272633
84	WGN55	1.57646278305263	0.107427020498602	619	1.36549719337893	1.78742837272633
85	WGN55	1.57079632679487	0.0759317632012001	619	1.42168124267213	1.71991141091762
86	WGN55	1.57646278305263	0.107427020498601	619	1.36549719337893	1.78742837272633
87	WGN55	1.57646278305263	0.107427020498601	619	1.36549719337893	1.78742837272633
88	WGN55	0.529265231856031	0.107427020498601	619	0.318299642182331	0.740230821529731
89	WGN55	1.3509493771545	0.107427020498602	619	1.1399837874808	1.5619149668282
92	WGN55	1.29716434664748	0.0759317632012002	619	1.14804926252474	1.44627943077023
93	WGN55	1.57646278305263	0.107427020498602	619	1.36549719337893	1.78742837272633
95	WGN55	1.57079632679487	0.0759317632012	619	1.42168124267212	1.71991141091762
97	WGN55	1.47629536189107	0.107427020498602	619	1.26532977221737	1.68726095156477
98	WGN55	1.57079632679487	0.0759317632012001	619	1.42168124267212	1.71991141091762
99	WGN55	1.57646278305263	0.107427020498601	619	1.36549719337893	1.78742837272633
100	WGN55	1.57079632679487	0.0759317632012002	619	1.42168124267213	1.71991141091762
101	WGN55	1.57079632679487	0.0759317632012	619	1.42168124267213	1.71991141091762
102	WGN55	1.57079632679487	0.0759317632012	619	1.42168124267212	1.71991141091762
103	WGN55	1.57079632679487	0.0759317632012	619	1.42168124267213	1.71991141091762
104	WGN55	1.57646278305263	0.107427020498601	619	1.36549719337893	1.78742837272633
105	WGN55	1.57079632679487	0.0759317632012	619	1.42168124267213	1.71991141091762
106	WGN55	1.52071261621409	0.0759317632012	619	1.37159753209134	1.66982770033684
107	WGN55	1.57646278305263	0.107427020498601	619	1.36549719337893	1.78742837272633
108	WGN55	1.57079632679487	0.0759317632011999	619	1.42168124267213	1.71991141091762
109	WGN55	1.57646278305263	0.107427020498602	619	1.36549719337893	1.78742837272633
111	WGN55	1.57079632679487	0.0759317632012001	619	1.42168124267213	1.71991141091762
112	WGN55	1.34528292089674	0.0759317632012	619	1.19616783677399	1.49439800501949
113	WGN55	1.57079632679487	0.0759317632012	619	1.42168124267212	1.71991141091762
114	WGN55	1.57079632679487	0.0759317632012	619	1.42168124267212	1.71991141091762
115	WGN55	1.57079632679487	0.0759317632012	619	1.42168124267212	1.71991141091762
116	WGN55	1.17809724509615	0.0759317632012	619	1.0289821609734	1.32721232921889
117	WGN55	0.791064619655184	0.107427020498601	619	0.580099029981484	1.00203020932888
118	WGN55	1.57079632679487	0.0759317632012	619	1.42168124267212	1.71991141091762
119	WGN55	1.45803962384581	0.0759317632012001	619	1.30892453972306	1.60715470796855
120	WGN55	1.3509493771545	0.107427020498602	619	1.1399837874808	1.5619149668282
121	WGN55	1.57646278305263	0.107427020498601	619	1.36549719337893	1.78742837272633
122	WGN55	1.56512987053711	0.107427020498601	619	1.35416428086341	1.77609546021081
123	WGN55	1.57646278305263	0.107427020498601	619	1.36549719337893	1.78742837272633
124	WGN55	1.57079632679487	0.0759317632012001	619	1.42168124267213	1.71991141091762
125	WGN55	1.49984779949279	0.0759317632012001	619	1.35073271537004	1.64896288361554
126	WGN55	1.52071261621409	0.0759317632012001	619	1.37159753209134	1.66982770033684
128	WGN55	1.49984779949279	0.0759317632012001	619	1.35073271537004	1.64896288361554
129	WGN55	1.57079632679487	0.0759317632012001	619	1.42168124267213	1.71991141091762
130	WGN55	1.14012281474843	0.0759317632012001	619	0.991007730625686	1.28923789887118
1	WGN63	1.57079632679487	0.0759317632012002	619	1.42168124267213	1.71991141091762
2	WGN63	1.57646278305263	0.107427020498601	619	1.36549719337893	1.78742837272633
3	WGN63	1.47629536189108	0.107427020498601	619	1.26532977221738	1.68726095156477
4	WGN63	1.57646278305263	0.107427020498601	619	1.36549719337893	1.78742837272634
5	WGN63	1.57079632679487	0.0759317632012004	619	1.42168124267213	1.71991141091762
6	WGN63	1.40992104959655	0.0759317632011998	619	1.26080596547381	1.5590361337193
8	WGN63	1.57079632679487	0.0759317632012	619	1.42168124267213	1.71991141091762
9	WGN63	1.56512987053711	0.107427020498602	619	1.35416428086341	1.77609546021081
10	WGN63	1.30899693899572	0.0759317632011999	619	1.15988185487297	1.45811202311847
12	WGN63	1.57079632679487	0.0759317632012004	619	1.42168124267212	1.71991141091762
13	WGN63	1.44976408891201	0.0759317632011998	619	1.30064900478927	1.59887917303476
16	WGN63	1.57646278305263	0.107427020498602	619	1.36549719337893	1.78742837272633
17	WGN63	1.57646278305263	0.107427020498602	619	1.36549719337893	1.78742837272633
18	WGN63	1.57079632679488	0.0759317632012001	619	1.42168124267213	1.71991141091762
19	WGN63	1.57079632679487	0.0759317632012002	619	1.42168124267212	1.71991141091762
20	WGN63	1.57079632679487	0.0759317632012002	619	1.42168124267213	1.71991141091762
21	WGN63	1.57079632679487	0.0759317632011999	619	1.42168124267213	1.71991141091762
22	WGN63	1.57646278305263	0.107427020498601	619	1.36549719337893	1.78742837272633
23	WGN63	1.57079632679487	0.0759317632012002	619	1.42168124267213	1.71991141091762
24	WGN63	1.57646278305266	0.107427020498601	619	1.36549719337896	1.78742837272636
27	WGN63	1.32186290866806	0.0759317632011997	619	1.17274782454531	1.4709779927908
28	WGN63	1.4998477994928	0.0759317632012001	619	1.35073271537005	1.64896288361554
29	WGN63	1.52071261621409	0.0759317632012	619	1.37159753209135	1.66982770033684
30	WGN63	1.57646278305265	0.107427020498601	619	1.36549719337895	1.78742837272635
32	WGN63	1.56512987053712	0.107427020498602	619	1.35416428086342	1.77609546021082
34	WGN63	1.47629536189108	0.107427020498601	619	1.26532977221738	1.68726095156478
36	WGN63	1.57646278305265	0.107427020498601	619	1.36549719337895	1.78742837272635
39	WGN63	1.43456572844847	0.107427020498601	619	1.22360013877477	1.64553131812217
41	WGN63	1.33897252229447	0.0759317632012003	619	1.18985743817172	1.48808760641721
42	WGN63	1.57079632679487	0.0759317632011999	619	1.42168124267212	1.71991141091762
44	WGN63	1.57646278305263	0.107427020498602	619	1.36549719337893	1.78742837272633
45	WGN63	1.3509493771545	0.107427020498602	619	1.1399837874808	1.5619149668282
46	WGN63	1.57646278305263	0.107427020498601	619	1.36549719337893	1.78742837272633
48	WGN63	1.57646278305263	0.107427020498602	619	1.36549719337893	1.78742837272633
49	WGN63	1.39916883909762	0.0759317632012001	619	1.25005375497488	1.54828392322037
50	WGN63	1.43456572844847	0.107427020498601	619	1.22360013877477	1.64553131812217
51	WGN63	1.57079632679487	0.0759317632012001	619	1.42168124267212	1.71991141091762
52	WGN63	1.57079632679487	0.0759317632011997	619	1.42168124267213	1.71991141091762
53	WGN63	1.40992104959655	0.0759317632012003	619	1.2608059654738	1.5590361337193
54	WGN63	1.57079632679487	0.0759317632012	619	1.42168124267213	1.71991141091762
56	WGN63	1.56512987053711	0.107427020498601	619	1.35416428086341	1.77609546021081
57	WGN63	1.57079632679487	0.0759317632012001	619	1.42168124267212	1.71991141091762
58	WGN63	1.57079632679487	0.0759317632012	619	1.42168124267212	1.71991141091762
60	WGN63	1.57646278305263	0.107427020498601	619	1.36549719337893	1.78742837272633
61	WGN63	1.49984779949279	0.0759317632012001	619	1.35073271537004	1.64896288361554
62	WGN63	1.40992104959655	0.0759317632011999	619	1.2608059654738	1.55903613371929
64	WGN63	1.57646278305263	0.107427020498601	619	1.36549719337893	1.78742837272633
65	WGN63	1.57079632679487	0.0759317632012	619	1.42168124267212	1.71991141091762
66	WGN63	1.57079632679487	0.0759317632011998	619	1.42168124267212	1.71991141091762
67	WGN63	1.57646278305263	0.107427020498602	619	1.36549719337893	1.78742837272633
68	WGN63	1.40992104959655	0.0759317632011999	619	1.2608059654738	1.5590361337193
69	WGN63	1.57646278305263	0.107427020498602	619	1.36549719337893	1.78742837272633
70	WGN63	1.57079632679487	0.0759317632012001	619	1.42168124267212	1.71991141091762
72	WGN63	1.57079632679487	0.0759317632012	619	1.42168124267212	1.71991141091762
73	WGN63	1.57079632679487	0.0759317632012001	619	1.42168124267212	1.71991141091762
75	WGN63	1.57079632679487	0.0759317632012	619	1.42168124267212	1.71991141091762
76	WGN63	1.57646278305263	0.107427020498601	619	1.36549719337893	1.78742837272633
78	WGN63	1.57646278305263	0.107427020498602	619	1.36549719337893	1.78742837272633
79	WGN63	1.57646278305263	0.107427020498602	619	1.36549719337893	1.78742837272633
80	WGN63	1.57079632679487	0.0759317632012001	619	1.42168124267213	1.71991141091762
81	WGN63	1.56512987053711	0.107427020498601	619	1.35416428086341	1.77609546021081
82	WGN63	1.52071261621409	0.0759317632011999	619	1.37159753209134	1.66982770033684
83	WGN63	1.40795591326503	0.0759317632012	619	1.25884082914228	1.55707099738777
84	WGN63	1.28097645661302	0.0759317632011999	619	1.13186137249027	1.43009154073577
85	WGN63	1.49984779949279	0.0759317632012	619	1.35073271537004	1.64896288361553
86	WGN63	1.57646278305263	0.107427020498602	619	1.36549719337893	1.78742837272633
87	WGN63	1.57079632679487	0.0759317632011999	619	1.42168124267212	1.71991141091762
88	WGN63	1.57646278305263	0.107427020498601	619	1.36549719337893	1.78742837272633
90	WGN63	1.57646278305263	0.107427020498602	619	1.36549719337893	1.78742837272633
92	WGN63	1.57646278305263	0.107427020498602	619	1.36549719337893	1.78742837272633
93	WGN63	1.57079632679487	0.0759317632012	619	1.42168124267212	1.71991141091762
94	WGN63	1.57079632679487	0.0759317632012001	619	1.42168124267212	1.71991141091762
95	WGN63	1.57646278305263	0.107427020498602	619	1.36549719337893	1.78742837272633
96	WGN63	1.57079632679487	0.0759317632012001	619	1.42168124267212	1.71991141091762
97	WGN63	1.57079632679487	0.0759317632012001	619	1.42168124267212	1.71991141091762
98	WGN63	1.56512987053711	0.107427020498601	619	1.35416428086341	1.77609546021081
99	WGN63	1.56512987053711	0.107427020498601	619	1.35416428086341	1.77609546021081
100	WGN63	1.49984779949279	0.0759317632012	619	1.35073271537004	1.64896288361554
101	WGN63	1.56512987053711	0.107427020498601	619	1.35416428086341	1.77609546021081
102	WGN63	1.57079632679487	0.0759317632011999	619	1.42168124267212	1.71991141091762
103	WGN63	1.57079632679487	0.0759317632012001	619	1.42168124267212	1.71991141091762
105	WGN63	1.45803962384581	0.0759317632012001	619	1.30892453972306	1.60715470796855
106	WGN63	1.57646278305263	0.107427020498602	619	1.36549719337893	1.78742837272633
109	WGN63	1.57646278305263	0.107427020498601	619	1.36549719337893	1.78742837272633
111	WGN63	1.52071261621409	0.0759317632012	619	1.37159753209134	1.66982770033684
112	WGN63	1.22843672529373	0.0759317632012	619	1.07932164117098	1.37755180941648
114	WGN63	1.57079632679487	0.0759317632012	619	1.42168124267212	1.71991141091762
115	WGN63	1.57079632679487	0.0759317632012	619	1.42168124267212	1.71991141091762
116	WGN63	1.56512987053711	0.107427020498601	619	1.35416428086341	1.77609546021081
117	WGN63	1.56512987053711	0.107427020498601	619	1.35416428086341	1.77609546021081
119	WGN63	1.52071261621409	0.0759317632012	619	1.37159753209135	1.66982770033684
122	WGN63	1.57646278305263	0.107427020498602	619	1.36549719337893	1.78742837272633
123	WGN63	1.47629536189107	0.107427020498602	619	1.26532977221737	1.68726095156477
124	WGN63	1.57646278305263	0.107427020498602	619	1.36549719337893	1.78742837272633
125	WGN63	1.57646278305263	0.107427020498602	619	1.36549719337893	1.78742837272633
126	WGN63	1.57079632679487	0.0759317632011999	619	1.42168124267212	1.71991141091762
127	WGN63	1.57646278305263	0.107427020498601	619	1.36549719337893	1.78742837272633
128	WGN63	1.57646278305263	0.107427020498601	619	1.36549719337893	1.78742837272633
129	WGN63	1.57079632679487	0.0759317632011999	619	1.42168124267212	1.71991141091762
130	WGN63	1.57079632679487	0.0759317632011999	619	1.42168124267212	1.71991141091762
