plantID3	famID	emmean	SE	df	lower.CL	upper.CL
1	WGN07	1.26654277349049	0.0496965201335395	1112	1.16903325089665	1.36405229608432
2	WGN07	1.42003365581901	0.0496965201335566	1112	1.32252413322514	1.51754317841289
3	WGN07	1.52071261621399	0.0496965201335554	1112	1.42320309362012	1.61822213880786
4	WGN07	1.2861875180114	0.0496965201335505	1112	1.18867799541754	1.38369704060526
5	WGN07	1.42889927219072	0.0496965201335519	1112	1.33138974959686	1.52640879478459
6	WGN07	1.47062890563334	0.0496965201335533	1112	1.37311938303948	1.56813842822721
7	WGN07	1.44976408891204	0.0496965201335522	1112	1.35225456631817	1.5472736115059
8	WGN07	1.44976408891206	0.0496965201335541	1112	1.35225456631819	1.54727361150593
9	WGN07	1.52071261621413	0.0496965201335524	1112	1.42320309362026	1.61822213880799
10	WGN07	1.3709981185276	0.0496965201335536	1112	1.27348859593373	1.46850764112147
11	WGN07	1.39916883909763	0.0496965201335525	1112	1.30165931650377	1.4966783616915
12	WGN07	1.41280629417458	0.0496965201335535	1112	1.31529677158071	1.51031581676845
13	WGN07	1.52071261621412	0.0496965201335523	1112	1.42320309362026	1.61822213880799
14	WGN07	1.26654277349081	0.0496965201335513	1112	1.16903325089695	1.36405229608467
15	WGN07	1.47062890563335	0.0496965201335544	1112	1.37311938303948	1.56813842822722
16	WGN07	1.48375482147664	0.049696520133554	1112	1.38624529888277	1.58126434407051
17	WGN07	1.47062890563333	0.049696520133553	1112	1.37311938303947	1.5681384282272
18	WGN07	1.43367111089587	0.0496965201335525	1112	1.33616158830201	1.53118063348973
20	WGN07	1.41280629417458	0.0496965201335527	1112	1.31529677158071	1.51031581676844
21	WGN07	1.43367111089589	0.0496965201335534	1112	1.33616158830202	1.53118063348976
22	WGN07	1.43367111089586	0.0496965201335515	1112	1.336161588302	1.53118063348972
23	WGN07	1.41280629417459	0.0496965201335529	1112	1.31529677158073	1.51031581676846
24	WGN07	1.45803962384583	0.0496965201335516	1112	1.36053010125197	1.5555491464397
25	WGN07	1.44976408891204	0.0496965201335532	1112	1.35225456631818	1.54727361150591
26	WGN07	1.43367111089588	0.049696520133553	1112	1.33616158830202	1.53118063348975
27	WGN07	1.42003365581897	0.0496965201335538	1112	1.3225241332251	1.51754317841283
28	WGN07	1.3830758610815	0.0496965201335529	1112	1.28556633848763	1.48058538367536
29	WGN07	1.43367111089588	0.0496965201335534	1112	1.33616158830202	1.53118063348975
30	WGN07	1.52071261621412	0.0496965201335531	1112	1.42320309362026	1.61822213880799
31	WGN07	1.47062890563337	0.0496965201335519	1112	1.3731193830395	1.56813842822723
32	WGN07	1.42003365581898	0.0496965201335533	1112	1.32252413322512	1.51754317841285
33	WGN07	1.47062890563335	0.0496965201335533	1112	1.37311938303948	1.56813842822721
34	WGN07	1.38307586108152	0.0496965201335532	1112	1.28556633848765	1.48058538367538
35	WGN07	1.31466134774007	0.0496965201335532	1112	1.2171518251462	1.41217087033393
36	WGN07	1.47062890563335	0.0496965201335531	1112	1.37311938303948	1.56813842822721
37	WGN07	1.44706279520969	0.0496965201335516	1112	1.34955327261583	1.54457231780355
38	WGN07	1.44976408891204	0.0496965201335522	1112	1.35225456631817	1.5472736115059
39	WGN07	1.37099811852759	0.0496965201335532	1112	1.27348859593373	1.46850764112146
40	WGN07	1.3709981185276	0.0496965201335521	1112	1.27348859593373	1.46850764112146
41	WGN07	1.33623570282115	0.0496965201335527	1112	1.23872618022728	1.43374522541501
42	WGN07	1.49984779949281	0.0496965201335535	1112	1.40233827689895	1.59735732208668
44	WGN07	1.43367111089588	0.0496965201335531	1112	1.33616158830202	1.53118063348975
46	WGN07	1.49984779949282	0.0496965201335526	1112	1.40233827689895	1.59735732208668
47	WGN07	1.47062890563333	0.0496965201335548	1112	1.37311938303946	1.5681384282272
48	WGN07	1.40795591326506	0.0496965201335529	1112	1.3104463906712	1.50546543585893
49	WGN07	1.43367111089589	0.0496965201335538	1112	1.33616158830202	1.53118063348976
50	WGN07	1.52071261621413	0.0496965201335548	1112	1.42320309362026	1.61822213880799
51	WGN07	1.39916883909766	0.0496965201335526	1112	1.3016593165038	1.49667836169152
52	WGN07	1.29716434664751	0.0496965201335531	1112	1.19965482405365	1.39467386924138
53	WGN07	1.44976408891203	0.0496965201335525	1112	1.35225456631817	1.5472736115059
54	WGN07	1.56565343210044	0.0702972775018776	1112	1.42772317158249	1.7035836926184
55	WGN07	1.38709109654376	0.0496965201335527	1112	1.28958157394989	1.48460061913762
56	WGN07	1.52071261621413	0.0496965201335548	1112	1.42320309362027	1.618222138808
57	WGN07	1.33140849446897	0.0496965201335519	1112	1.2338989718751	1.42891801706283
58	WGN07	1.11014723144973	0.0496965201335528	1112	1.01263770885586	1.20765675404359
59	WGN07	1.39671331615842	0.0496965201335531	1112	1.29920379356456	1.49422283875229
60	WGN07	1.52071261621412	0.0496965201335527	1112	1.42320309362026	1.61822213880799
61	WGN07	1.34528292089677	0.0496965201335524	1112	1.2477733983029	1.44279244349063
63	WGN07	1.34528292089677	0.0496965201335529	1112	1.24777339830291	1.44279244349064
64	WGN07	1.39671331615843	0.0496965201335535	1112	1.29920379356456	1.49422283875229
66	WGN07	1.3389725222945	0.0496965201335528	1112	1.24146299970064	1.43648204488837
67	WGN07	1.34987315789806	0.0496965201335533	1112	1.2523636353042	1.44738268049193
68	WGN07	1.38709109654376	0.0496965201335531	1112	1.28958157394989	1.48460061913762
69	WGN07	1.33623570282116	0.0496965201335535	1112	1.23872618022729	1.43374522541502
71	WGN07	1.47062890563333	0.0496965201335527	1112	1.37311938303947	1.5681384282272
73	WGN07	1.47062890563335	0.0496965201335535	1112	1.37311938303948	1.56813842822721
74	WGN07	1.44976408891204	0.0496965201335522	1112	1.35225456631817	1.5472736115059
75	WGN07	1.5707963267949	0.0496965201335522	1112	1.47328680420104	1.66830584938877
76	WGN07	1.52071261621412	0.0496965201335528	1112	1.42320309362025	1.61822213880798
77	WGN07	1.49984779949283	0.0496965201335538	1112	1.40233827689896	1.5973573220867
78	WGN07	1.41280629417458	0.0496965201335536	1112	1.31529677158072	1.51031581676845
79	WGN07	1.17809724509619	0.0496965201335542	1112	1.08058772250232	1.27560676769005
80	WGN07	1.57079632679487	0.0496965201335544	1112	1.473286804201	1.66830584938874
81	WGN07	1.57079632679491	0.0496965201335541	1112	1.47328680420104	1.66830584938877
82	WGN07	1.45803962384583	0.0496965201335524	1112	1.36053010125197	1.55554914643969
83	WGN07	1.42003365581896	0.0496965201335533	1112	1.32252413322509	1.51754317841282
84	WGN07	1.52071261621412	0.0496965201335538	1112	1.42320309362026	1.61822213880799
85	WGN07	1.33897252229452	0.0496965201335526	1112	1.24146299970065	1.43648204488838
86	WGN07	1.44976408891204	0.0496965201335536	1112	1.35225456631817	1.5472736115059
87	WGN07	1.34037654537089	0.0496965201335534	1112	1.24286702277702	1.43788606796476
88	WGN07	1.57079632679491	0.0496965201335535	1112	1.47328680420104	1.66830584938877
89	WGN07	1.29716434664749	0.0496965201335546	1112	1.19965482405362	1.39467386924136
90	WGN07	1.34638383481451	0.0496965201335537	1112	1.24887431222065	1.44389335740838
91	WGN07	1.35736066345067	0.0496965201335529	1112	1.25985114085681	1.45487018604454
92	WGN07	1.42889927219074	0.0496965201335526	1112	1.33138974959688	1.5264087947846
93	WGN07	1.52071261621415	0.0496965201335536	1112	1.42320309362029	1.61822213880802
94	WGN07	1.39671331615843	0.0496965201335529	1112	1.29920379356456	1.49422283875229
95	WGN07	1.43367111089588	0.0496965201335531	1112	1.33616158830202	1.53118063348975
96	WGN07	1.41280629417458	0.049696520133553	1112	1.31529677158071	1.51031581676844
97	WGN07	1.44976408891204	0.0496965201335533	1112	1.35225456631818	1.54727361150591
98	WGN07	1.38307586108149	0.0496965201335534	1112	1.28556633848763	1.48058538367536
99	WGN07	1.41280629417458	0.049696520133553	1112	1.31529677158071	1.51031581676844
100	WGN07	1.42889927219075	0.0496965201335535	1112	1.33138974959688	1.52640879478461
101	WGN07	1.41280629417458	0.0496965201335525	1112	1.31529677158072	1.51031581676844
102	WGN07	1.52071261621412	0.0496965201335526	1112	1.42320309362026	1.61822213880799
103	WGN07	1.43367111089585	0.0496965201335521	1112	1.33616158830199	1.53118063348971
104	WGN07	1.52071261621412	0.049696520133554	1112	1.42320309362025	1.61822213880799
105	WGN07	1.47062890563334	0.049696520133553	1112	1.37311938303948	1.56813842822721
106	WGN07	1.34528292089677	0.0496965201335538	1112	1.24777339830291	1.44279244349064
107	WGN07	1.34528292089678	0.0496965201335538	1112	1.24777339830291	1.44279244349064
108	WGN07	1.28618751801135	0.0496965201335532	1112	1.18867799541749	1.38369704060522
109	WGN07	1.40795591326506	0.0496965201335531	1112	1.31044639067119	1.50546543585892
110	WGN07	1.47011736639974	0.0496965201335539	1112	1.37260784380588	1.56762688899361
111	WGN07	1.41280629417458	0.0496965201335533	1112	1.31529677158072	1.51031581676845
112	WGN07	1.43367111089588	0.0496965201335519	1112	1.33616158830201	1.53118063348974
113	WGN07	1.57079632679491	0.0496965201335521	1112	1.47328680420105	1.66830584938878
114	WGN07	1.52071261621413	0.0496965201335527	1112	1.42320309362026	1.61822213880799
115	WGN07	1.29716434664752	0.0496965201335529	1112	1.19965482405366	1.39467386924139
116	WGN07	1.35736066345067	0.0496965201335538	1112	1.25985114085681	1.45487018604454
117	WGN07	1.32673909029396	0.049696520133553	1112	1.22922956770009	1.42424861288782
118	WGN07	1.52071261621412	0.0496965201335535	1112	1.42320309362026	1.61822213880799
119	WGN07	1.43367111089588	0.0496965201335531	1112	1.33616158830202	1.53118063348975
120	WGN07	1.34528292089677	0.0496965201335527	1112	1.24777339830291	1.44279244349064
121	WGN07	1.35736066345067	0.0496965201335529	1112	1.25985114085681	1.45487018604454
122	WGN07	1.4757718003278	0.0702972775018782	1112	1.33784153980985	1.61370206084575
123	WGN07	1.57079632679491	0.049696520133554	1112	1.47328680420104	1.66830584938877
124	WGN07	1.47062890563334	0.0496965201335531	1112	1.37311938303948	1.56813842822721
125	WGN07	1.44976408891204	0.0496965201335526	1112	1.35225456631817	1.5472736115059
126	WGN07	1.52071261621411	0.049696520133551	1112	1.42320309362025	1.61822213880798
127	WGN07	1.5707963267949	0.0496965201335527	1112	1.47328680420104	1.66830584938876
128	WGN07	1.43367111089588	0.0496965201335526	1112	1.33616158830202	1.53118063348975
129	WGN07	1.3830758610815	0.0496965201335531	1112	1.28556633848763	1.48058538367536
130	WGN07	1.43367111089588	0.0496965201335519	1112	1.33616158830202	1.53118063348974
1	WGN15	0.735058683199982	0.0496965201335459	1112	0.637549160606131	0.832568205793833
2	WGN15	0.888277374914407	0.0496965201335532	1112	0.790767852320541	0.985786897508273
3	WGN15	1.17309691170293	0.0496965201335545	1112	1.07558738910906	1.2706064342968
4	WGN15	1.52071261621416	0.0496965201335522	1112	1.4232030936203	1.61822213880803
5	WGN15	1.43367111089594	0.0496965201335527	1112	1.33616158830207	1.5311806334898
7	WGN15	1.44976408891216	0.0496965201335546	1112	1.35225456631829	1.54727361150603
8	WGN15	1.41280629417465	0.049696520133553	1112	1.31529677158079	1.51031581676852
9	WGN15	0.992471020800964	0.0496965201335546	1112	0.894961498207096	1.08998054339483
10	WGN15	0.992471020800931	0.0496965201335521	1112	0.894961498207068	1.08998054339479
11	WGN15	1.35736066345074	0.0496965201335523	1112	1.25985114085688	1.45487018604461
12	WGN15	1.17809724509626	0.0496965201335534	1112	1.08058772250239	1.27560676769012
13	WGN15	0.860779498885492	0.0496965201335537	1112	0.763269976291625	0.958289021479358
14	WGN15	1.39671331615852	0.0496965201335538	1112	1.29920379356465	1.49422283875238
15	WGN15	1.41280629417465	0.049696520133553	1112	1.31529677158078	1.51031581676851
16	WGN15	1.52071261621414	0.0496965201335516	1112	1.42320309362028	1.61822213880801
17	WGN15	1.05234044589114	0.0702972775018767	1112	0.914410185373191	1.19027070640909
18	WGN15	1.18526340741057	0.0496965201335515	1112	1.0877538848167	1.28277293000443
19	WGN15	1.4654860109389	0.0702972775018741	1112	1.32755575042096	1.60341627145684
20	WGN15	1.3092420892015	0.0496965201335537	1112	1.21173256660763	1.40675161179537
21	WGN15	1.44976408891215	0.0496965201335544	1112	1.35225456631829	1.54727361150602
22	WGN15	0.430673512046523	0.0496965201335531	1112	0.333163989452657	0.528183034640388
23	WGN15	1.39916883909774	0.0496965201335538	1112	1.30165931650387	1.49667836169161
24	WGN15	1.11229161248862	0.0702972775018753	1112	0.974361351970673	1.25022187300656
25	WGN15	1.52071261621419	0.0496965201335528	1112	1.42320309362033	1.61822213880806
26	WGN15	1.39916883909772	0.0496965201335527	1112	1.30165931650386	1.49667836169159
27	WGN15	1.47062890563341	0.0496965201335527	1112	1.37311938303954	1.56813842822727
28	WGN15	0.860779498885496	0.0496965201335538	1112	0.76326997629163	0.958289021479363
29	WGN15	0.99661292079343	0.0496965201335531	1112	0.899103398199564	1.09412244338729
30	WGN15	1.52071261621419	0.049696520133553	1112	1.42320309362032	1.61822213880805
31	WGN15	1.43404216688525	0.0702972775018749	1112	1.29611190636731	1.5719724274032
32	WGN15	1.30924208920149	0.0496965201335534	1112	1.21173256660762	1.40675161179536
33	WGN15	1.07717313449543	0.049696520133554	1112	0.979663611901567	1.1746826570893
34	WGN15	1.17809724509625	0.0496965201335535	1112	1.08058772250238	1.27560676769012
35	WGN15	1.39671331615848	0.049696520133553	1112	1.29920379356462	1.49422283875235
36	WGN15	1.11014723144979	0.0496965201335531	1112	1.01263770885592	1.20765675404365
37	WGN15	1.07717313449542	0.0496965201335536	1112	0.979663611901549	1.17468265708928
38	WGN15	1.32186290866815	0.049696520133553	1112	1.22435338607428	1.41937243126201
39	WGN15	1.38709109654383	0.0496965201335533	1112	1.28958157394997	1.4846006191377
40	WGN15	1.41280629417468	0.049696520133554	1112	1.31529677158081	1.51031581676854
41	WGN15	1.28618751801144	0.0496965201335535	1112	1.18867799541757	1.3836970406053
43	WGN15	1.33430609226071	0.0496965201335538	1112	1.23679656966684	1.43181561485458
44	WGN15	1.52071261621418	0.0496965201335522	1112	1.42320309362031	1.61822213880804
45	WGN15	0.835737643595106	0.0496965201335537	1112	0.73822812100124	0.933247166188973
46	WGN15	1.43367111089595	0.0496965201335541	1112	1.33616158830209	1.53118063348982
47	WGN15	1.14012281474853	0.0496965201335525	1112	1.04261329215467	1.2376323373424
48	WGN15	1.18662619528688	0.0496965201335533	1112	1.08911667269302	1.28413571788075
50	WGN15	1.43367111089594	0.0496965201335517	1112	1.33616158830208	1.5311806334898
51	WGN15	1.37099811852766	0.0496965201335527	1112	1.27348859593379	1.46850764112152
52	WGN15	1.28618751801142	0.0496965201335526	1112	1.18867799541756	1.38369704060529
53	WGN15	1.29716434664762	0.0496965201335541	1112	1.19965482405375	1.39467386924148
54	WGN15	0.840624768672763	0.0702972775018756	1112	0.702694508154816	0.978555029190709
55	WGN15	1.44976408891211	0.0496965201335529	1112	1.35225456631825	1.54727361150598
56	WGN15	1.37611426790769	0.0496965201335537	1112	1.27860474531382	1.47362379050155
57	WGN15	0.911910807098967	0.0496965201335539	1112	0.8144012845051	1.00942032969283
58	WGN15	1.5207126162142	0.0496965201335533	1112	1.42320309362033	1.61822213880806
59	WGN15	1.52071261621422	0.0496965201335538	1112	1.42320309362035	1.61822213880808
60	WGN15	1.38709109654384	0.0496965201335536	1112	1.28958157394998	1.48460061913771
61	WGN15	1.49984779949291	0.0496965201335534	1112	1.40233827689905	1.59735732208678
62	WGN15	1.17809724509625	0.0496965201335531	1112	1.08058772250239	1.27560676769012
63	WGN15	1.35736066345074	0.0496965201335536	1112	1.25985114085687	1.45487018604461
64	WGN15	1.31318113163115	0.049696520133553	1112	1.21567160903728	1.41069065422502
65	WGN15	1.38709109654384	0.049696520133554	1112	1.28958157394997	1.48460061913771
66	WGN15	0.992471020800941	0.049696520133553	1112	0.894961498207076	1.08998054339481
67	WGN15	1.01917706881397	0.0496965201335533	1112	0.921667546220104	1.11668659140784
69	WGN15	1.42889927219083	0.0496965201335537	1112	1.33138974959696	1.52640879478469
70	WGN15	1.31466134774013	0.049696520133553	1112	1.21715182514627	1.412170870334
71	WGN15	0.835481873978312	0.0496965201335525	1112	0.737972351384448	0.932991396572176
72	WGN15	0.740457347511202	0.070297277501876	1112	0.602527086993254	0.878387608029149
73	WGN15	1.41280629417464	0.0496965201335531	1112	1.31529677158078	1.51031581676851
74	WGN15	1.29716434664759	0.0496965201335531	1112	1.19965482405372	1.39467386924145
75	WGN15	0.790541058091994	0.0702972775018757	1112	0.652610797574047	0.928471318609941
77	WGN15	1.42889927219081	0.0496965201335529	1112	1.33138974959694	1.52640879478467
78	WGN15	1.44976408891211	0.0496965201335532	1112	1.35225456631824	1.54727361150597
79	WGN15	1.38307586108159	0.0496965201335538	1112	1.28556633848772	1.48058538367546
80	WGN15	1.44976408891209	0.0496965201335527	1112	1.35225456631823	1.54727361150596
81	WGN15	1.30368451910398	0.0496965201335533	1112	1.20617499651012	1.40119404169785
82	WGN15	0.99247102080095	0.0496965201335532	1112	0.894961498207084	1.08998054339482
83	WGN15	1.47062890563341	0.0496965201335529	1112	1.37311938303954	1.56813842822727
84	WGN15	1.38709109654381	0.0496965201335528	1112	1.28958157394995	1.48460061913768
85	WGN15	1.48375482147673	0.0496965201335522	1112	1.38624529888286	1.58126434407059
86	WGN15	1.34528292089685	0.0496965201335535	1112	1.24777339830298	1.44279244349071
87	WGN15	1.14012281474854	0.0496965201335529	1112	1.04261329215467	1.2376323373424
88	WGN15	1.28403977458344	0.0496965201335538	1112	1.18653025198957	1.38154929717731
89	WGN15	1.17309691170291	0.0496965201335528	1112	1.07558738910904	1.27060643429677
90	WGN15	0.835737643595113	0.049696520133553	1112	0.738228121001248	0.933247166188978
91	WGN15	1.57079632679498	0.0496965201335531	1112	1.47328680420111	1.66830584938884
92	WGN15	1.17809724509625	0.0496965201335533	1112	1.08058772250239	1.27560676769012
93	WGN15	1.30924208920149	0.0496965201335533	1112	1.21173256660762	1.40675161179536
94	WGN15	1.41280629417466	0.0496965201335533	1112	1.31529677158079	1.51031581676853
95	WGN15	1.04915265211272	0.049696520133553	1112	0.951643129518853	1.14666217470658
96	WGN15	1.27603938601806	0.0496965201335532	1112	1.17852986342419	1.37354890861193
97	WGN15	1.22856834314318	0.0496965201335538	1112	1.13105882054932	1.32607786573705
98	WGN15	1.1730969117029	0.0496965201335529	1112	1.07558738910904	1.27060643429677
99	WGN15	1.04915265211273	0.0496965201335531	1112	0.951643129518861	1.14666217470659
100	WGN15	1.17809724509626	0.0496965201335539	1112	1.08058772250239	1.27560676769012
101	WGN15	0.886077123792698	0.0496965201335529	1112	0.788567601198833	0.983586646386563
102	WGN15	1.24904577239832	0.0496965201335526	1112	1.15153624980446	1.34655529499219
103	WGN15	1.44976408891211	0.0496965201335533	1112	1.35225456631825	1.54727361150598
104	WGN15	1.5207126162142	0.0496965201335537	1112	1.42320309362033	1.61822213880807
106	WGN15	1.42889927219081	0.0496965201335532	1112	1.33138974959695	1.52640879478468
107	WGN15	1.07717313449542	0.0496965201335528	1112	0.979663611901557	1.17468265708929
108	WGN15	1.10714871779417	0.0496965201335534	1112	1.0096391952003	1.20465824038803
109	WGN15	1.39916883909773	0.0496965201335529	1112	1.30165931650387	1.4966783616916
110	WGN15	1.52071261621419	0.0496965201335529	1112	1.42320309362033	1.61822213880806
111	WGN15	1.21107134205062	0.0496965201335531	1112	1.11356181945676	1.30858086464449
112	WGN15	1.39916883909772	0.0496965201335533	1112	1.30165931650386	1.49667836169159
113	WGN15	1.19624023604677	0.0496965201335534	1112	1.0987307134529	1.29374975864063
114	WGN15	0.732858432078239	0.0496965201335527	1112	0.635348909484375	0.830367954672104
115	WGN15	1.40795591326514	0.0496965201335532	1112	1.31044639067127	1.505465435859
116	WGN15	1.33430609226069	0.0496965201335532	1112	1.23679656966683	1.43181561485456
117	WGN15	1.36943840600465	0.0496965201335535	1112	1.27192888341078	1.46694792859852
118	WGN15	1.23806495567034	0.0496965201335533	1112	1.14055543307647	1.33557447826421
119	WGN15	1.5207126162142	0.049696520133553	1112	1.42320309362033	1.61822213880806
120	WGN15	1.32287954427841	0.049696520133553	1112	1.22537002168455	1.42038906687228
121	WGN15	0.937744490405232	0.0496965201335528	1112	0.840234967811368	1.0352540129991
122	WGN15	1.38709109654383	0.0496965201335534	1112	1.28958157394997	1.4846006191377
123	WGN15	1.21107134205062	0.0496965201335533	1112	1.11356181945675	1.30858086464449
124	WGN15	1.1955942461888	0.0496965201335531	1112	1.09808472359493	1.29310376878267
125	WGN15	1.44976408891212	0.049696520133553	1112	1.35225456631825	1.54727361150598
126	WGN15	1.0224466040997	0.0496965201335532	1112	0.924937081505832	1.11995612669356
127	WGN15	1.5207126162142	0.0496965201335534	1112	1.42320309362033	1.61822213880806
128	WGN15	0.860779498885503	0.0496965201335534	1112	0.763269976291638	0.958289021479369
129	WGN15	1.17309691170291	0.0496965201335534	1112	1.07558738910904	1.27060643429678
130	WGN15	1.07717313449541	0.0496965201335525	1112	0.979663611901551	1.17468265708928
3	WGN26	1.21107134205053	0.049696520133554	1112	1.11356181945666	1.30858086464439
4	WGN26	1.49984779949282	0.0496965201335528	1112	1.40233827689896	1.59735732208668
5	WGN26	0.964450538418169	0.0496965201335529	1112	0.866941015824304	1.06196006101203
6	WGN26	1.32332926362444	0.0496965201335539	1112	1.22581974103057	1.42083878621831
7	WGN26	1.14012281474845	0.0496965201335534	1112	1.04261329215458	1.23763233734231
9	WGN26	1.52071261621411	0.0496965201335538	1112	1.42320309362025	1.61822213880798
10	WGN26	1.38709109654375	0.0496965201335528	1112	1.28958157394989	1.48460061913761
11	WGN26	1.25418866709271	0.0702972775018772	1112	1.11625840657476	1.39211892761066
12	WGN26	1.43367111089588	0.0496965201335529	1112	1.33616158830201	1.53118063348974
13	WGN26	1.14012281474847	0.0496965201335522	1112	1.04261329215461	1.23763233734234
14	WGN26	1.42889927219074	0.0496965201335529	1112	1.33138974959687	1.5264087947846
15	WGN26	1.48375482147665	0.0496965201335541	1112	1.38624529888278	1.58126434407051
17	WGN26	1.04915265211262	0.049696520133554	1112	0.951643129518754	1.14666217470649
18	WGN26	1.05234044589106	0.0702972775018749	1112	0.914410185373118	1.19027070640901
19	WGN26	1.3401400262023	0.0702972775018758	1112	1.20220976568435	1.47807028672025
20	WGN26	1.1782398063973	0.0702972775018749	1112	1.04030954587935	1.31617006691524
21	WGN26	1.29716434664751	0.0496965201335523	1112	1.19965482405365	1.39467386924137
22	WGN26	1.17309691170282	0.0496965201335539	1112	1.07558738910895	1.27060643429668
23	WGN26	1.28490511393063	0.0496965201335517	1112	1.18739559133677	1.38241463652449
25	WGN26	1.52071261621412	0.0496965201335525	1112	1.42320309362026	1.61822213880799
26	WGN26	1.44976408891203	0.0496965201335541	1112	1.35225456631816	1.5472736115059
27	WGN26	1.52071261621411	0.0496965201335533	1112	1.42320309362025	1.61822213880798
28	WGN26	1.32287954427833	0.0496965201335531	1112	1.22537002168447	1.4203890668722
29	WGN26	0.96445053841817	0.0496965201335533	1112	0.866941015824304	1.06196006101204
30	WGN26	1.07717313449534	0.0496965201335529	1112	0.979663611901473	1.1746826570892
31	WGN26	1.14012281474846	0.0496965201335536	1112	1.04261329215459	1.23763233734232
32	WGN26	1.5707963267949	0.0496965201335534	1112	1.47328680420103	1.66830584938876
33	WGN26	1.30817589433216	0.0702972775018765	1112	1.17024563381422	1.44610615485011
34	WGN26	1.42889927219073	0.0496965201335527	1112	1.33138974959687	1.5264087947846
35	WGN26	0.860779498885405	0.0496965201335535	1112	0.763269976291539	0.958289021479271
36	WGN26	1.0471975511966	0.0496965201335528	1112	0.949688028602731	1.14470707379046
38	WGN26	1.42889927219073	0.0496965201335531	1112	1.33138974959686	1.52640879478459
39	WGN26	1.48375482147666	0.049696520133553	1112	1.38624529888279	1.58126434407052
40	WGN26	1.34528292089677	0.0496965201335528	1112	1.2477733983029	1.44279244349063
41	WGN26	1.04205465650214	0.0702972775018757	1112	0.904124395984197	1.17998491702009
42	WGN26	1.52071261621413	0.0496965201335534	1112	1.42320309362026	1.61822213880799
43	WGN26	1.21107134205055	0.0496965201335527	1112	1.11356181945668	1.30858086464441
44	WGN26	1.25918991629979	0.0496965201335534	1112	1.16168039370593	1.35669943889366
45	WGN26	1.2591899162998	0.049696520133553	1112	1.16168039370593	1.35669943889366
46	WGN26	1.57079632679491	0.0496965201335533	1112	1.47328680420104	1.66830584938877
47	WGN26	1.2971643466475	0.049696520133553	1112	1.19965482405364	1.39467386924137
48	WGN26	1.04915265211265	0.0496965201335524	1112	0.951643129518783	1.14666217470651
49	WGN26	1.19624023604668	0.049696520133553	1112	1.09873071345281	1.29374975864054
50	WGN26	1.24904577239826	0.0496965201335527	1112	1.15153624980439	1.34655529499212
51	WGN26	1.49984779949281	0.0496965201335533	1112	1.40233827689895	1.59735732208668
52	WGN26	1.42889927219073	0.0496965201335533	1112	1.33138974959686	1.52640879478459
53	WGN26	1.31466134774005	0.0496965201335531	1112	1.21715182514619	1.41217087033392
54	WGN26	1.47062890563334	0.049696520133553	1112	1.37311938303947	1.5681384282272
55	WGN26	0.979247537550124	0.0496965201335536	1112	0.881738014956258	1.07675706014399
56	WGN26	1.14012281474845	0.0496965201335538	1112	1.04261329215458	1.23763233734231
57	WGN26	1.36002128989143	0.0496965201335529	1112	1.26251176729757	1.4575308124853
58	WGN26	1.39916883909765	0.0496965201335523	1112	1.30165931650379	1.49667836169151
59	WGN26	1.3401400262023	0.0702972775018758	1112	1.20220976568435	1.47807028672025
60	WGN26	1.34528292089676	0.0496965201335532	1112	1.2477733983029	1.44279244349063
61	WGN26	1.47062890563334	0.0496965201335531	1112	1.37311938303947	1.5681384282272
62	WGN26	1.14012281474847	0.0496965201335522	1112	1.04261329215461	1.23763233734233
64	WGN26	1.52071261621412	0.0496965201335529	1112	1.42320309362025	1.61822213880798
65	WGN26	1.04915265211265	0.049696520133553	1112	0.951643129518784	1.14666217470651
66	WGN26	1.32287954427833	0.0496965201335533	1112	1.22537002168447	1.4203890668722
67	WGN26	1.38307586108149	0.0496965201335535	1112	1.28556633848762	1.48058538367535
68	WGN26	1.37099811852759	0.0496965201335525	1112	1.27348859593373	1.46850764112145
69	WGN26	1.07717313449534	0.0496965201335534	1112	0.979663611901471	1.1746826570892
70	WGN26	1.52071261621411	0.0496965201335529	1112	1.42320309362024	1.61822213880797
71	WGN26	1.2665427734908	0.0496965201335533	1112	1.16903325089693	1.36405229608467
73	WGN26	1.35646952338704	0.049696520133553	1112	1.25896000079317	1.45397904598091
74	WGN26	1.34987315789806	0.0496965201335536	1112	1.25236363530419	1.44738268049193
75	WGN26	0.941339712587402	0.0496965201335535	1112	0.843830189993536	1.03884923518127
76	WGN26	1.31466134774006	0.0496965201335528	1112	1.21715182514619	1.41217087033392
77	WGN26	1.24390287770379	0.0702972775018751	1112	1.10597261718585	1.38183313822174
78	WGN26	1.36596613591421	0.0496965201335534	1112	1.26845661332035	1.46347565850808
79	WGN26	1.57593922148936	0.0702972775018765	1112	1.43800896097141	1.71386948200731
80	WGN26	1.40795591326505	0.049696520133553	1112	1.31044639067118	1.50546543585892
81	WGN26	1.33623570282113	0.0496965201335531	1112	1.23872618022727	1.433745225415
82	WGN26	1.47062890563334	0.0496965201335521	1112	1.37311938303948	1.5681384282272
83	WGN26	1.39671331615841	0.0496965201335534	1112	1.29920379356455	1.49422283875228
85	WGN26	1.3642955113101	0.0702972775018763	1112	1.22636525079215	1.50222577182805
86	WGN26	0.518455880903834	0.0702972775018754	1112	0.380525620385887	0.65638614142178
87	WGN26	1.34638383481451	0.049696520133553	1112	1.24887431222064	1.44389335740837
88	WGN26	1.17511527541714	0.0496965201335527	1112	1.07760575282327	1.272624798011
89	WGN26	1.5707963267949	0.0496965201335531	1112	1.47328680420103	1.66830584938876
90	WGN26	1.43367111089588	0.0496965201335527	1112	1.33616158830201	1.53118063348974
91	WGN26	1.42003365581895	0.0496965201335535	1112	1.32252413322508	1.51754317841282
92	WGN26	1.11014723144971	0.049696520133553	1112	1.01263770885585	1.20765675404358
93	WGN26	1.19624023604668	0.0496965201335527	1112	1.09873071345282	1.29374975864055
94	WGN26	1.52071261621412	0.0496965201335528	1112	1.42320309362025	1.61822213880798
95	WGN26	1.19559424618872	0.0496965201335531	1112	1.09808472359485	1.29310376878258
96	WGN26	1.43367111089588	0.0496965201335531	1112	1.33616158830201	1.53118063348974
97	WGN26	0.991156586431195	0.0496965201335535	1112	0.893647063837329	1.08866610902506
98	WGN26	1.5707963267949	0.049696520133553	1112	1.47328680420103	1.66830584938876
99	WGN26	1.32673909029395	0.049696520133553	1112	1.22922956770009	1.42424861288782
101	WGN26	1.44976408891203	0.0496965201335531	1112	1.35225456631817	1.5472736115059
102	WGN26	1.41280629417458	0.0496965201335531	1112	1.31529677158071	1.51031581676844
103	WGN26	1.38709109654375	0.0496965201335531	1112	1.28958157394988	1.48460061913761
104	WGN26	1.44976408891203	0.0496965201335528	1112	1.35225456631817	1.5472736115059
105	WGN26	1.10714871779409	0.049696520133553	1112	1.00963919520022	1.20465824038795
106	WGN26	0.96445053841817	0.0496965201335532	1112	0.866941015824304	1.06196006101204
108	WGN26	0.938616855111898	0.0496965201335534	1112	0.841107332518032	1.03612637770576
109	WGN26	1.17809724509617	0.0496965201335533	1112	1.08058772250231	1.27560676769004
111	WGN26	1.10714871779409	0.049696520133553	1112	1.00963919520022	1.20465824038795
112	WGN26	1.07717313449534	0.0496965201335531	1112	0.979663611901479	1.17468265708921
113	WGN26	1.24904577239825	0.0496965201335534	1112	1.15153624980439	1.34655529499212
115	WGN26	1.0471975511966	0.0496965201335533	1112	0.949688028602731	1.14470707379046
116	WGN26	1.52071261621412	0.049696520133553	1112	1.42320309362025	1.61822213880798
117	WGN26	1.39157042146395	0.0702972775018763	1112	1.253640160946	1.5295006819819
118	WGN26	1.52071261621412	0.0496965201335531	1112	1.42320309362025	1.61822213880798
119	WGN26	1.42889927219073	0.0496965201335531	1112	1.33138974959687	1.5264087947846
121	WGN26	1.2591899162998	0.0496965201335531	1112	1.16168039370593	1.35669943889366
122	WGN26	1.38709109654375	0.0496965201335526	1112	1.28958157394989	1.48460061913762
123	WGN26	1.34987315789806	0.0496965201335529	1112	1.25236363530419	1.44738268049192
125	WGN26	1.42889927219073	0.0496965201335529	1112	1.33138974959687	1.5264087947846
127	WGN26	1.02958701774772	0.0496965201335529	1112	0.932077495153855	1.12709654034159
128	WGN26	1.38307586108149	0.0496965201335531	1112	1.28556633848762	1.48058538367535
129	WGN26	1.25418866709272	0.0702972775018756	1112	1.11625840657478	1.39211892761067
130	WGN26	1.49984779949283	0.0496965201335522	1112	1.40233827689896	1.59735732208669
1	WGN36	1.24821308766365	0.0496965201335541	1112	1.15070356506979	1.34572261025752
2	WGN36	1.39671331615843	0.0496965201335535	1112	1.29920379356456	1.4942228387523
4	WGN36	1.29716434664752	0.0496965201335532	1112	1.19965482405365	1.39467386924138
5	WGN36	1.42889927219075	0.0496965201335538	1112	1.33138974959688	1.52640879478462
6	WGN36	1.43367111089588	0.0496965201335529	1112	1.33616158830202	1.53118063348975
7	WGN36	1.57079632679491	0.0496965201335531	1112	1.47328680420104	1.66830584938877
8	WGN36	1.44976408891204	0.0496965201335526	1112	1.35225456631817	1.5472736115059
9	WGN36	1.35042581559124	0.0702972775018766	1112	1.21249555507329	1.48835607610919
10	WGN36	1.3389725222945	0.0496965201335524	1112	1.24146299970063	1.43648204488836
11	WGN36	1.3969790846289	0.0496965201335532	1112	1.29946956203504	1.49448860722277
12	WGN36	1.37458130069903	0.0702972775018749	1112	1.23665104018108	1.51251156121697
13	WGN36	1.40795591326506	0.0496965201335534	1112	1.31044639067119	1.50546543585893
14	WGN36	1.07717313449535	0.0496965201335538	1112	0.979663611901484	1.17468265708922
15	WGN36	1.39916883909766	0.0496965201335535	1112	1.3016593165038	1.49667836169153
16	WGN36	1.57079632679491	0.0496965201335528	1112	1.47328680420104	1.66830584938877
17	WGN36	1.3709981185276	0.0496965201335534	1112	1.27348859593374	1.46850764112147
18	WGN36	1.52071261621412	0.0496965201335528	1112	1.42320309362026	1.61822213880799
19	WGN36	1.44976408891204	0.0496965201335531	1112	1.35225456631818	1.54727361150591
20	WGN36	1.33623570282114	0.0496965201335523	1112	1.23872618022728	1.43374522541501
21	WGN36	1.17309691170283	0.0496965201335529	1112	1.07558738910897	1.2706064342967
22	WGN36	1.44976408891204	0.0496965201335528	1112	1.35225456631818	1.54727361150591
23	WGN36	1.39916883909766	0.0496965201335536	1112	1.30165931650379	1.49667836169153
24	WGN36	1.41280629417459	0.0496965201335532	1112	1.31529677158072	1.51031581676845
26	WGN36	1.24904577239826	0.0496965201335526	1112	1.15153624980439	1.34655529499212
27	WGN36	1.43367111089589	0.0496965201335531	1112	1.33616158830202	1.53118063348975
28	WGN36	1.32287954427834	0.0496965201335527	1112	1.22537002168448	1.42038906687221
30	WGN36	1.42889927219075	0.0496965201335529	1112	1.33138974959688	1.52640879478461
31	WGN36	1.30099809194679	0.0496965201335531	1112	1.20348856935292	1.39850761454065
32	WGN36	1.47062890563335	0.0496965201335538	1112	1.37311938303948	1.56813842822722
33	WGN36	1.47011736639974	0.0496965201335531	1112	1.37260784380588	1.56762688899361
34	WGN36	1.34638383481452	0.0496965201335537	1112	1.24887431222066	1.44389335740839
35	WGN36	1.17809724509619	0.0496965201335525	1112	1.08058772250232	1.27560676769005
36	WGN36	1.39916883909767	0.0496965201335535	1112	1.3016593165038	1.49667836169153
37	WGN36	1.47577180032783	0.070297277501876	1112	1.33784153980988	1.61370206084578
38	WGN36	1.2541886670927	0.0702972775018771	1112	1.11625840657476	1.39211892761065
39	WGN36	1.3598373390158	0.049696520133553	1112	1.26232781642194	1.45734686160967
40	WGN36	1.49984779949282	0.0496965201335534	1112	1.40233827689896	1.59735732208669
41	WGN36	1.39916883909766	0.0496965201335533	1112	1.30165931650379	1.49667836169152
42	WGN36	1.34528292089677	0.0496965201335527	1112	1.2477733983029	1.44279244349063
43	WGN36	1.40795591326506	0.0496965201335531	1112	1.3104463906712	1.50546543585893
44	WGN36	1.40795591326506	0.0496965201335534	1112	1.31044639067119	1.50546543585893
45	WGN36	0.964450538418173	0.0496965201335534	1112	0.866941015824307	1.06196006101204
46	WGN36	1.33430609226062	0.0496965201335534	1112	1.23679656966675	1.43181561485448
47	WGN36	1.44706279520968	0.0496965201335528	1112	1.34955327261581	1.54457231780354
48	WGN36	1.39671331615842	0.0496965201335528	1112	1.29920379356456	1.49422283875229
49	WGN36	1.40795591326506	0.0496965201335531	1112	1.31044639067119	1.50546543585892
51	WGN36	1.47062890563334	0.0496965201335529	1112	1.37311938303948	1.56813842822721
52	WGN36	1.47062890563334	0.0496965201335528	1112	1.37311938303948	1.56813842822721
53	WGN36	1.47062890563335	0.0496965201335532	1112	1.37311938303948	1.56813842822721
54	WGN36	1.47062890563334	0.0496965201335528	1112	1.37311938303948	1.56813842822721
55	WGN36	1.44976408891205	0.0496965201335533	1112	1.35225456631818	1.54727361150591
56	WGN36	1.34638383481452	0.0496965201335531	1112	1.24887431222065	1.44389335740838
57	WGN36	1.47062890563335	0.0496965201335531	1112	1.37311938303948	1.56813842822721
58	WGN36	1.40795591326506	0.0496965201335531	1112	1.31044639067119	1.50546543585893
59	WGN36	0.886613182191699	0.0496965201335529	1112	0.789103659597834	0.984122704785564
60	WGN36	1.18332188129795	0.0496965201335529	1112	1.08581235870408	1.28083140389181
62	WGN36	1.32287954427834	0.049696520133553	1112	1.22537002168448	1.42038906687221
64	WGN36	1.47062890563335	0.0496965201335534	1112	1.37311938303948	1.56813842822721
65	WGN36	1.38709109654376	0.0496965201335532	1112	1.28958157394989	1.48460061913763
66	WGN36	1.38709109654376	0.0496965201335528	1112	1.28958157394989	1.48460061913762
68	WGN36	1.28618751801136	0.0496965201335532	1112	1.18867799541749	1.38369704060523
69	WGN36	1.29716434664752	0.0496965201335532	1112	1.19965482405365	1.39467386924138
70	WGN36	1.41280629417458	0.0496965201335533	1112	1.31529677158072	1.51031581676845
71	WGN36	1.3761142679076	0.049696520133553	1112	1.27860474531374	1.47362379050147
72	WGN36	0.966882487700279	0.0496965201335531	1112	0.869372965106413	1.06439201029414
74	WGN36	1.35736066345067	0.0496965201335529	1112	1.25985114085681	1.45487018604454
75	WGN36	1.20509085871591	0.0496965201335531	1112	1.10758133612204	1.30260038130977
76	WGN36	1.44976408891204	0.0496965201335531	1112	1.35225456631818	1.54727361150591
77	WGN36	1.28618751801136	0.049696520133553	1112	1.1886779954175	1.38369704060523
78	WGN36	1.29716434664752	0.049696520133553	1112	1.19965482405365	1.39467386924138
79	WGN36	1.34987315789807	0.0496965201335532	1112	1.2523636353042	1.44738268049193
80	WGN36	1.35736066345067	0.0496965201335532	1112	1.25985114085681	1.45487018604454
81	WGN36	1.52071261621413	0.0496965201335531	1112	1.42320309362026	1.61822213880799
82	WGN36	1.41280629417458	0.0496965201335533	1112	1.31529677158072	1.51031581676845
83	WGN36	1.35736066345067	0.049696520133553	1112	1.25985114085681	1.45487018604454
84	WGN36	1.52071261621412	0.0496965201335529	1112	1.42320309362026	1.61822213880799
85	WGN36	1.14812166179743	0.0496965201335536	1112	1.05061213920356	1.2456311843913
86	WGN36	1.3709981185276	0.0496965201335531	1112	1.27348859593373	1.46850764112147
87	WGN36	1.1071487177941	0.0496965201335534	1112	1.00963919520023	1.20465824038796
88	WGN36	1.36943840600458	0.0496965201335533	1112	1.27192888341071	1.46694792859844
89	WGN36	1.33430609226062	0.0496965201335534	1112	1.23679656966675	1.43181561485448
90	WGN36	1.17809724509618	0.0496965201335532	1112	1.08058772250232	1.27560676769005
92	WGN36	1.34528292089677	0.0496965201335531	1112	1.24777339830291	1.44279244349064
93	WGN36	1.17309691170283	0.049696520133553	1112	1.07558738910897	1.2706064342967
94	WGN36	1.39671331615843	0.0496965201335531	1112	1.29920379356456	1.49422283875229
95	WGN36	1.52071261621413	0.0496965201335532	1112	1.42320309362026	1.61822213880799
96	WGN36	1.21107134205055	0.0496965201335531	1112	1.11356181945668	1.30858086464442
97	WGN36	1.41280629417459	0.049696520133553	1112	1.31529677158072	1.51031581676845
98	WGN36	1.43367111089589	0.0496965201335531	1112	1.33616158830202	1.53118063348975
99	WGN36	1.44976408891205	0.0496965201335531	1112	1.35225456631818	1.54727361150591
100	WGN36	1.40795591326506	0.0496965201335532	1112	1.31044639067119	1.50546543585893
102	WGN36	1.33623570282114	0.0496965201335528	1112	1.23872618022728	1.43374522541501
104	WGN36	1.34638383481452	0.049696520133553	1112	1.24887431222065	1.44389335740838
105	WGN36	1.29716434664752	0.049696520133553	1112	1.19965482405365	1.39467386924138
106	WGN36	0.938616855111911	0.0496965201335533	1112	0.841107332518045	1.03612637770578
107	WGN36	1.24904577239826	0.0496965201335529	1112	1.1515362498044	1.34655529499213
108	WGN36	1.41280629417458	0.0496965201335531	1112	1.31529677158072	1.51031581676845
109	WGN36	1.57079632679491	0.0496965201335531	1112	1.47328680420104	1.66830584938877
110	WGN36	1.3709981185276	0.0496965201335533	1112	1.27348859593373	1.46850764112147
112	WGN36	0.810695788304655	0.0496965201335529	1112	0.71318626571079	0.90820531089852
114	WGN36	1.21107134205055	0.0496965201335531	1112	1.11356181945668	1.30858086464441
116	WGN36	1.24904577239826	0.0496965201335532	1112	1.1515362498044	1.34655529499213
117	WGN36	1.17309691170283	0.0496965201335531	1112	1.07558738910897	1.2706064342967
118	WGN36	1.44976408891205	0.0496965201335533	1112	1.35225456631818	1.54727361150591
119	WGN36	1.43367111089589	0.0496965201335533	1112	1.33616158830202	1.53118063348975
120	WGN36	1.39671331615843	0.0496965201335532	1112	1.29920379356456	1.49422283875229
121	WGN36	1.42003365581896	0.0496965201335532	1112	1.3225241332251	1.51754317841283
122	WGN36	1.34528292089677	0.0496965201335531	1112	1.24777339830291	1.44279244349064
123	WGN36	1.36943840600457	0.049696520133553	1112	1.27192888341071	1.46694792859844
124	WGN36	1.17309691170283	0.0496965201335532	1112	1.07558738910897	1.2706064342967
125	WGN36	1.52071261621413	0.0496965201335532	1112	1.42320309362026	1.61822213880799
126	WGN36	1.2285683431431	0.049696520133553	1112	1.13105882054923	1.32607786573696
127	WGN36	1.39916883909766	0.0496965201335531	1112	1.30165931650379	1.49667836169152
128	WGN36	1.34528292089677	0.0496965201335532	1112	1.24777339830291	1.44279244349064
129	WGN36	1.38709109654376	0.049696520133553	1112	1.28958157394989	1.48460061913762
130	WGN36	1.41280629417459	0.0496965201335531	1112	1.31529677158072	1.51031581676845
1	WGN38	1.47062890563336	0.0496965201335551	1112	1.37311938303949	1.56813842822723
2	WGN38	1.32186290866811	0.0496965201335532	1112	1.22435338607424	1.41937243126197
3	WGN38	1.32415796026725	0.0496965201335525	1112	1.22664843767339	1.42166748286111
4	WGN38	1.47062890563335	0.0496965201335523	1112	1.37311938303949	1.56813842822722
5	WGN38	1.42889927219075	0.0496965201335531	1112	1.33138974959689	1.52640879478462
6	WGN38	1.32847215831893	0.0702972775018746	1112	1.19054189780099	1.46640241883688
7	WGN38	1.01917706881388	0.0496965201335545	1112	0.921667546220016	1.11668659140775
8	WGN38	1.47062890563335	0.0496965201335541	1112	1.37311938303949	1.56813842822722
10	WGN38	0.991156586431193	0.0496965201335537	1112	0.893647063837326	1.08866610902506
11	WGN38	1.08212674906703	0.049696520133553	1112	0.984617226473166	1.1796362716609
12	WGN38	1.25418866709274	0.0702972775018746	1112	1.1162584065748	1.39211892761069
13	WGN38	1.47062890563335	0.0496965201335531	1112	1.37311938303949	1.56813842822722
14	WGN38	1.28490511393064	0.0496965201335525	1112	1.18739559133678	1.38241463652451
16	WGN38	1.07717313449536	0.0496965201335528	1112	0.9796636119015	1.17468265708923
18	WGN38	0.861571326901315	0.0496965201335531	1112	0.764061804307449	0.95908084949518
19	WGN38	1.49984779949283	0.0496965201335529	1112	1.40233827689896	1.59735732208669
20	WGN38	1.14812166179745	0.0496965201335526	1112	1.05061213920358	1.24563118439131
21	WGN38	1.38709109654377	0.0496965201335529	1112	1.2895815739499	1.48460061913763
22	WGN38	1.26654277349081	0.0496965201335534	1112	1.16903325089695	1.36405229608468
23	WGN38	1.02244660409963	0.0496965201335532	1112	0.924937081505766	1.1199561266935
24	WGN38	1.24904577239827	0.0496965201335526	1112	1.15153624980441	1.34655529499214
26	WGN38	0.992471020800889	0.049696520133553	1112	0.894961498207024	1.08998054339475
27	WGN38	1.47062890563335	0.0496965201335533	1112	1.37311938303949	1.56813842822722
28	WGN38	1.38709109654377	0.0496965201335533	1112	1.2895815739499	1.48460061913763
29	WGN38	1.24904577239827	0.0496965201335533	1112	1.1515362498044	1.34655529499213
30	WGN38	1.24904577239827	0.0496965201335528	1112	1.15153624980441	1.34655529499214
32	WGN38	1.49984779949283	0.0496965201335528	1112	1.40233827689897	1.5973573220867
33	WGN38	1.39916883909767	0.0496965201335531	1112	1.3016593165038	1.49667836169153
34	WGN38	1.39671331615844	0.0496965201335529	1112	1.29920379356457	1.4942228387523
35	WGN38	1.01917706881392	0.0496965201335528	1112	0.921667546220055	1.11668659140778
36	WGN38	1.14012281474848	0.0496965201335531	1112	1.04261329215461	1.23763233734234
37	WGN38	1.11014723144973	0.0496965201335528	1112	1.01263770885587	1.2076567540436
38	WGN38	1.37099811852761	0.0496965201335533	1112	1.27348859593374	1.46850764112147
39	WGN38	0.911910807098897	0.0496965201335531	1112	0.814401284505032	1.00942032969276
40	WGN38	0.991156586431207	0.049696520133553	1112	0.893647063837341	1.08866610902507
41	WGN38	0.888277374914336	0.0496965201335531	1112	0.790767852320471	0.985786897508201
42	WGN38	1.41280629417459	0.0496965201335528	1112	1.31529677158073	1.51031581676846
45	WGN38	1.276039386018	0.0496965201335529	1112	1.17852986342413	1.37354890861186
46	WGN38	1.39916883909767	0.049696520133553	1112	1.3016593165038	1.49667836169153
47	WGN38	1.44976408891205	0.0496965201335528	1112	1.35225456631819	1.54727361150592
48	WGN38	1.25918991629981	0.0496965201335532	1112	1.16168039370595	1.35669943889368
49	WGN38	1.30569329683815	0.0496965201335528	1112	1.20818377424429	1.40320281943202
50	WGN38	1.17309691170284	0.0496965201335532	1112	1.07558738910898	1.27060643429671
51	WGN38	1.3709981185276	0.0496965201335532	1112	1.27348859593374	1.46850764112147
52	WGN38	1.44976408891205	0.0496965201335532	1112	1.35225456631819	1.54727361150592
53	WGN38	1.52071261621413	0.049696520133553	1112	1.42320309362027	1.618222138808
54	WGN38	1.39916883909767	0.0496965201335531	1112	1.3016593165038	1.49667836169153
55	WGN38	1.52071261621413	0.0496965201335529	1112	1.42320309362027	1.618222138808
56	WGN38	1.14012281474847	0.0496965201335531	1112	1.04261329215461	1.23763233734234
59	WGN38	1.43367111089589	0.049696520133553	1112	1.33616158830203	1.53118063348976
61	WGN38	1.44976408891205	0.0496965201335532	1112	1.35225456631819	1.54727361150592
63	WGN38	1.44976408891205	0.049696520133553	1112	1.35225456631819	1.54727361150592
64	WGN38	1.43367111089589	0.0496965201335532	1112	1.33616158830203	1.53118063348976
65	WGN38	1.44976408891205	0.049696520133553	1112	1.35225456631819	1.54727361150592
66	WGN38	1.49984779949283	0.049696520133553	1112	1.40233827689897	1.5973573220867
67	WGN38	1.30368451910392	0.049696520133553	1112	1.20617499651005	1.40119404169778
68	WGN38	0.606345788376737	0.0496965201335532	1112	0.508836265782872	0.703855310970602
69	WGN38	1.47062890563335	0.0496965201335531	1112	1.37311938303949	1.56813842822722
70	WGN38	1.14012281474847	0.0496965201335532	1112	1.04261329215461	1.23763233734234
72	WGN38	1.07717313449536	0.0496965201335531	1112	0.979663611901495	1.17468265708923
73	WGN38	1.4336711108959	0.0496965201335529	1112	1.33616158830203	1.53118063348976
74	WGN38	1.26654277349082	0.0496965201335529	1112	1.16903325089695	1.36405229608468
76	WGN38	1.26654277349082	0.0496965201335529	1112	1.16903325089695	1.36405229608468
77	WGN38	0.99115658643121	0.049696520133553	1112	0.893647063837344	1.08866610902507
78	WGN38	1.38709109654377	0.0496965201335529	1112	1.2895815739499	1.48460061913763
80	WGN38	0.684183144603222	0.0496965201335532	1112	0.586673622009357	0.781692667197088
81	WGN38	1.43367111089589	0.049696520133553	1112	1.33616158830203	1.53118063348976
82	WGN38	1.14012281474848	0.0496965201335529	1112	1.04261329215461	1.23763233734234
83	WGN38	1.52071261621413	0.0496965201335529	1112	1.42320309362027	1.618222138808
84	WGN38	1.36943840600458	0.049696520133553	1112	1.27192888341072	1.46694792859845
85	WGN38	1.47062890563335	0.049696520133553	1112	1.37311938303949	1.56813842822722
86	WGN38	1.37194661924888	0.0496965201335531	1112	1.27443709665501	1.46945614184274
87	WGN38	1.22621581934545	0.049696520133553	1112	1.12870629675158	1.32372534193931
88	WGN38	1.42889927219075	0.0496965201335531	1112	1.33138974959688	1.52640879478462
89	WGN38	1.1962402360467	0.049696520133553	1112	1.09873071345283	1.29374975864056
90	WGN38	1.42889927219075	0.049696520133553	1112	1.33138974959689	1.52640879478462
91	WGN38	0.992471020800887	0.0496965201335531	1112	0.894961498207022	1.08998054339475
92	WGN38	1.38307586108151	0.0496965201335531	1112	1.28556633848764	1.48058538367537
93	WGN38	1.47062890563335	0.0496965201335531	1112	1.37311938303949	1.56813842822722
94	WGN38	1.38307586108151	0.049696520133553	1112	1.28556633848764	1.48058538367537
95	WGN38	1.28490511393064	0.049696520133553	1112	1.18739559133677	1.3824146365245
96	WGN38	1.42889927219075	0.049696520133553	1112	1.33138974959689	1.52640879478462
97	WGN38	0.99115658643121	0.049696520133553	1112	0.893647063837344	1.08866610902507
98	WGN38	1.22621581934545	0.049696520133553	1112	1.12870629675158	1.32372534193931
99	WGN38	1.32287954427835	0.049696520133553	1112	1.22537002168449	1.42038906687222
100	WGN38	1.39671331615843	0.049696520133553	1112	1.29920379356457	1.4942228387523
101	WGN38	1.01917706881391	0.049696520133553	1112	0.921667546220045	1.11668659140778
102	WGN38	1.14812166179744	0.0496965201335531	1112	1.05061213920358	1.24563118439131
103	WGN38	1.14012281474848	0.049696520133553	1112	1.04261329215461	1.23763233734234
104	WGN38	1.43367111089589	0.0496965201335532	1112	1.33616158830203	1.53118063348976
106	WGN38	1.57593922148938	0.0702972775018756	1112	1.43800896097143	1.71386948200732
107	WGN38	1.39916883909767	0.049696520133553	1112	1.3016593165038	1.49667836169153
108	WGN38	1.10200582309964	0.0702972775018757	1112	0.964075562581697	1.23993608361759
109	WGN38	1.36429551131012	0.0702972775018756	1112	1.22636525079217	1.50222577182807
110	WGN38	1.39916883909767	0.0496965201335531	1112	1.3016593165038	1.49667836169153
111	WGN38	1.2285683431431	0.0496965201335531	1112	1.13105882054924	1.32607786573697
112	WGN38	1.4018562108529	0.0702972775018759	1112	1.26392595033495	1.53978647137084
113	WGN38	1.42889927219075	0.049696520133553	1112	1.33138974959688	1.52640879478461
114	WGN38	1.24904577239827	0.049696520133553	1112	1.15153624980441	1.34655529499214
115	WGN38	0.964450538418186	0.049696520133553	1112	0.86694101582432	1.06196006101205
1	WGN39	1.22621581934546	0.0496965201335492	1112	1.12870629675161	1.32372534193932
2	WGN39	1.04915265211265	0.0496965201335542	1112	0.951643129518778	1.14666217470651
3	WGN39	1.3709981185276	0.0496965201335528	1112	1.27348859593373	1.46850764112146
4	WGN39	1.34638383481452	0.0496965201335519	1112	1.24887431222065	1.44389335740838
5	WGN39	1.30924208920142	0.0496965201335531	1112	1.21173256660756	1.40675161179529
6	WGN39	1.24904577239827	0.049696520133553	1112	1.1515362498044	1.34655529499213
7	WGN39	1.2285683431431	0.0496965201335524	1112	1.13105882054923	1.32607786573696
8	WGN39	0.684719203002286	0.0496965201335535	1112	0.58720968040842	0.782228725596152
9	WGN39	1.21107134205055	0.0496965201335528	1112	1.11356181945669	1.30858086464442
10	WGN39	1.21107134205055	0.049696520133553	1112	1.11356181945669	1.30858086464442
11	WGN39	1.21107134205056	0.0496965201335523	1112	1.11356181945669	1.30858086464442
12	WGN39	1.21107134205055	0.0496965201335529	1112	1.11356181945669	1.30858086464442
13	WGN39	1.3403765453709	0.0496965201335531	1112	1.24286702277703	1.43788606796476
14	WGN39	1.26654277349082	0.0496965201335525	1112	1.16903325089695	1.36405229608468
15	WGN39	1.32332926362446	0.0496965201335533	1112	1.2258197410306	1.42083878621833
16	WGN39	0.964450538418191	0.0496965201335524	1112	0.866941015824328	1.06196006101206
17	WGN39	1.2285683431431	0.0496965201335529	1112	1.13105882054924	1.32607786573697
18	WGN39	1.34638383481452	0.049696520133553	1112	1.24887431222066	1.44389335740839
19	WGN39	1.26654277349082	0.0496965201335533	1112	1.16903325089695	1.36405229608468
20	WGN39	1.39916883909766	0.0496965201335526	1112	1.3016593165038	1.49667836169152
21	WGN39	0.810440018687853	0.0496965201335531	1112	0.712930496093987	0.907949541281718
22	WGN39	0.942887385099622	0.070297277501876	1112	0.804957124581674	1.08081764561757
24	WGN39	1.21960029224118	0.049696520133553	1112	1.12209076964731	1.31710981483504
25	WGN39	1.39916883909766	0.0496965201335526	1112	1.30165931650379	1.49667836169152
26	WGN39	1.31318113163109	0.0496965201335536	1112	1.21567160903723	1.41069065422496
27	WGN39	1.4128062941746	0.0496965201335538	1112	1.31529677158073	1.51031581676846
28	WGN39	1.16561866288999	0.0496965201335534	1112	1.06810914029612	1.26312818548385
29	WGN39	1.04719755119662	0.0496965201335525	1112	0.949688028602752	1.14470707379048
30	WGN39	0.991156586431202	0.0496965201335535	1112	0.893647063837336	1.08866610902507
31	WGN39	1.28618751801137	0.0496965201335528	1112	1.1886779954175	1.38369704060523
32	WGN39	0.886077123792631	0.0496965201335532	1112	0.788567601198766	0.983586646386497
34	WGN39	1.28403977458337	0.0496965201335532	1112	1.1865302519895	1.38154929717723
35	WGN39	1.10714871779411	0.0496965201335542	1112	1.00963919520024	1.20465824038798
36	WGN39	0.91191080709889	0.0496965201335527	1112	0.814401284505025	1.00942032969275
37	WGN39	1.25918991629982	0.0496965201335534	1112	1.16168039370595	1.35669943889369
38	WGN39	1.28918266927781	0.070297277501875	1112	1.15125240875987	1.42711292979576
39	WGN39	1.2285683431431	0.0496965201335528	1112	1.13105882054924	1.32607786573697
40	WGN39	1.2285683431431	0.049696520133553	1112	1.13105882054924	1.32607786573697
41	WGN39	1.276039386018	0.0496965201335525	1112	1.17852986342413	1.37354890861186
42	WGN39	1.21960029224118	0.0496965201335529	1112	1.12209076964731	1.31710981483504
43	WGN39	1.40795591326506	0.0496965201335534	1112	1.3104463906712	1.50546543585893
44	WGN39	1.29716434664753	0.049696520133553	1112	1.19965482405366	1.39467386924139
45	WGN39	1.38307586108151	0.0496965201335531	1112	1.28556633848765	1.48058538367538
46	WGN39	1.11014723144973	0.049696520133553	1112	1.01263770885586	1.20765675404359
47	WGN39	1.27126765885372	0.0496965201335527	1112	1.17375813625986	1.36877718144759
48	WGN39	0.760100538490269	0.0496965201335532	1112	0.662591015896404	0.857610061084135
49	WGN39	1.39916883909766	0.0496965201335528	1112	1.3016593165038	1.49667836169152
50	WGN39	1.36943840600458	0.0496965201335531	1112	1.27192888341072	1.46694792859845
51	WGN39	1.29716434664752	0.0496965201335528	1112	1.19965482405365	1.39467386924138
52	WGN39	1.07717313449536	0.0496965201335531	1112	0.979663611901496	1.17468265708923
53	WGN39	0.991156586431204	0.0496965201335534	1112	0.893647063837338	1.08866610902507
54	WGN39	0.888277374914337	0.0496965201335528	1112	0.790767852320473	0.985786897508202
55	WGN39	1.01917706881391	0.049696520133553	1112	0.921667546220045	1.11668659140777
56	WGN39	1.42889927219075	0.0496965201335529	1112	1.33138974959688	1.52640879478461
57	WGN39	1.37099811852761	0.0496965201335536	1112	1.27348859593374	1.46850764112147
58	WGN39	1.32415796026725	0.0496965201335534	1112	1.22664843767338	1.42166748286112
59	WGN39	1.21107134205055	0.0496965201335528	1112	1.11356181945668	1.30858086464441
60	WGN39	1.22621581934545	0.0496965201335531	1112	1.12870629675158	1.32372534193931
61	WGN39	1.07717313449536	0.0496965201335531	1112	0.979663611901494	1.17468265708923
62	WGN39	1.08212674906702	0.0496965201335535	1112	0.984617226473152	1.17963627166088
63	WGN39	1.27126765885371	0.0496965201335531	1112	1.17375813625984	1.36877718144757
64	WGN39	1.21107134205055	0.049696520133553	1112	1.11356181945669	1.30858086464442
65	WGN39	1.30569329683815	0.0496965201335533	1112	1.20818377424428	1.40320281943201
66	WGN39	1.31466134774007	0.0496965201335532	1112	1.21715182514621	1.41217087033394
67	WGN39	1.17309691170284	0.0496965201335534	1112	1.07558738910897	1.27060643429671
68	WGN39	1.21107134205055	0.0496965201335529	1112	1.11356181945669	1.30858086464442
69	WGN39	1.37099811852761	0.0496965201335533	1112	1.27348859593374	1.46850764112147
70	WGN39	1.43367111089589	0.049696520133553	1112	1.33616158830202	1.53118063348975
71	WGN39	0.682518951880594	0.0496965201335532	1112	0.585009429286729	0.78002847447446
72	WGN39	0.996612920793366	0.0496965201335531	1112	0.8991033981995	1.09412244338723
73	WGN39	1.25757472258889	0.0496965201335527	1112	1.16006519999503	1.35508424518276
74	WGN39	1.21107134205055	0.049696520133553	1112	1.11356181945669	1.30858086464442
75	WGN39	1.39916883909767	0.049696520133553	1112	1.3016593165038	1.49667836169153
76	WGN39	1.40795591326507	0.0496965201335531	1112	1.3104463906712	1.50546543585893
77	WGN39	1.36596613591424	0.0496965201335535	1112	1.26845661332037	1.4634756585081
78	WGN39	1.39916883909766	0.0496965201335529	1112	1.3016593165038	1.49667836169153
79	WGN39	1.39916883909766	0.0496965201335529	1112	1.3016593165038	1.49667836169153
80	WGN39	1.43367111089589	0.0496965201335531	1112	1.33616158830203	1.53118063348976
81	WGN39	1.3709981185276	0.0496965201335532	1112	1.27348859593374	1.46850764112147
82	WGN39	1.26654277349082	0.0496965201335534	1112	1.16903325089695	1.36405229608468
83	WGN39	1.14012281474847	0.0496965201335531	1112	1.04261329215461	1.23763233734234
84	WGN39	1.11014723144972	0.0496965201335532	1112	1.01263770885586	1.20765675404359
85	WGN39	1.16561866288999	0.0496965201335535	1112	1.06810914029612	1.26312818548386
86	WGN39	1.29716434664753	0.0496965201335529	1112	1.19965482405366	1.39467386924139
87	WGN39	1.1071487177941	0.049696520133553	1112	1.00963919520024	1.20465824038797
88	WGN39	1.34528292089678	0.0496965201335531	1112	1.24777339830291	1.44279244349064
89	WGN39	1.17309691170284	0.0496965201335532	1112	1.07558738910897	1.2706064342967
90	WGN39	1.17309691170284	0.0496965201335531	1112	1.07558738910897	1.2706064342967
91	WGN39	1.23804841169368	0.0496965201335534	1112	1.14053888909981	1.33555793428754
92	WGN39	1.29716434664752	0.0496965201335528	1112	1.19965482405366	1.39467386924139
93	WGN39	1.17809724509619	0.0496965201335529	1112	1.08058772250232	1.27560676769005
94	WGN39	0.992180112607476	0.049696520133553	1112	0.894670590013611	1.08968963520134
95	WGN39	1.26654277349082	0.049696520133553	1112	1.16903325089695	1.36405229608468
96	WGN39	1.24821308766365	0.0496965201335531	1112	1.15070356506979	1.34572261025752
97	WGN39	1.25918991629981	0.0496965201335529	1112	1.16168039370594	1.35669943889367
98	WGN39	1.14012281474847	0.049696520133553	1112	1.04261329215461	1.23763233734234
99	WGN39	1.27603938601799	0.0496965201335531	1112	1.17852986342413	1.37354890861186
100	WGN39	1.25757472258889	0.049696520133553	1112	1.16006519999503	1.35508424518276
101	WGN39	1.24904577239827	0.049696520133553	1112	1.1515362498044	1.34655529499213
102	WGN39	0.785398163397466	0.0496965201335529	1112	0.687888640803601	0.882907685991331
104	WGN39	1.42889927219075	0.0496965201335531	1112	1.33138974959688	1.52640879478461
105	WGN39	0.861571326901307	0.0496965201335533	1112	0.764061804307442	0.959080849495173
106	WGN39	1.43367111089589	0.049696520133553	1112	1.33616158830203	1.53118063348976
107	WGN39	1.14012281474847	0.049696520133553	1112	1.04261329215461	1.23763233734234
108	WGN39	1.27124656747398	0.0702972775018756	1112	1.13331630695603	1.40917682799192
109	WGN39	1.14012281474847	0.049696520133553	1112	1.04261329215461	1.23763233734234
110	WGN39	1.42889927219075	0.0496965201335531	1112	1.33138974959688	1.52640879478461
111	WGN39	1.35736066345068	0.0496965201335531	1112	1.25985114085681	1.45487018604454
112	WGN39	1.25918991629981	0.049696520133553	1112	1.16168039370594	1.35669943889367
113	WGN39	1.38709109654376	0.0496965201335531	1112	1.2895815739499	1.48460061913763
114	WGN39	1.29716434664752	0.0496965201335531	1112	1.19965482405366	1.39467386924139
115	WGN39	1.29716434664752	0.0496965201335531	1112	1.19965482405366	1.39467386924139
116	WGN39	1.34528292089678	0.049696520133553	1112	1.24777339830291	1.44279244349064
117	WGN39	1.2285683431431	0.049696520133553	1112	1.13105882054924	1.32607786573697
118	WGN39	1.38307586108151	0.0496965201335531	1112	1.28556633848764	1.48058538367537
120	WGN39	1.17309691170284	0.0496965201335531	1112	1.07558738910897	1.2706064342967
121	WGN39	0.942887385099625	0.0702972775018759	1112	0.804957124581678	1.08081764561757
122	WGN39	1.29716434664752	0.0496965201335531	1112	1.19965482405366	1.39467386924139
123	WGN39	1.2285683431431	0.0496965201335531	1112	1.13105882054924	1.32607786573697
124	WGN39	1.39671331615843	0.0496965201335531	1112	1.29920379356456	1.49422283875229
125	WGN39	1.04915265211266	0.0496965201335531	1112	0.95164312951879	1.14666217470652
126	WGN39	0.96663733749462	0.0496965201335531	1112	0.869127814900755	1.06414686008849
127	WGN39	1.14012281474847	0.0496965201335531	1112	1.04261329215461	1.23763233734234
128	WGN39	1.39157042146397	0.0702972775018758	1112	1.25364016094602	1.52950068198191
129	WGN39	1.36943840600458	0.0496965201335531	1112	1.27192888341071	1.46694792859845
130	WGN39	0.996612920793365	0.0496965201335531	1112	0.8991033981995	1.09412244338723
1	WGN45	1.17309691170282	0.0496965201335526	1112	1.07558738910895	1.27060643429668
2	WGN45	1.21107134205054	0.0496965201335524	1112	1.11356181945667	1.3085808646444
3	WGN45	1.33430609226061	0.049696520133553	1112	1.23679656966674	1.43181561485447
4	WGN45	1.30368451910389	0.0496965201335524	1112	1.20617499651003	1.40119404169776
5	WGN45	1.35736066345067	0.0496965201335536	1112	1.2598511408568	1.45487018604453
6	WGN45	1.05542070105399	0.049696520133553	1112	0.957911178460126	1.15293022364786
7	WGN45	1.34638383481452	0.0496965201335536	1112	1.24887431222065	1.44389335740838
8	WGN45	1.39916883909765	0.0496965201335529	1112	1.30165931650378	1.49667836169151
9	WGN45	1.40795591326505	0.0496965201335525	1112	1.31044639067119	1.50546543585892
10	WGN45	1.02958701774774	0.0496965201335522	1112	0.932077495153872	1.1270965403416
11	WGN45	1.41280629417457	0.0496965201335528	1112	1.31529677158071	1.51031581676844
12	WGN45	1.49984779949283	0.0496965201335536	1112	1.40233827689896	1.59735732208669
13	WGN45	1.42889927219073	0.049696520133553	1112	1.33138974959687	1.5264087947846
14	WGN45	1.33430609226061	0.0496965201335534	1112	1.23679656966675	1.43181561485448
15	WGN45	1.37099811852759	0.0496965201335529	1112	1.27348859593373	1.46850764112146
16	WGN45	1.34638383481451	0.0496965201335528	1112	1.24887431222065	1.44389335740837
17	WGN45	1.42741805068912	0.0496965201335528	1112	1.32990852809525	1.52492757328298
18	WGN45	1.40992104959658	0.0496965201335536	1112	1.31241152700272	1.50743057219045
19	WGN45	1.38709109654376	0.0496965201335532	1112	1.28958157394989	1.48460061913762
20	WGN45	1.30303299963771	0.0496965201335527	1112	1.20552347704384	1.40054252223157
22	WGN45	1.34037654537089	0.0496965201335528	1112	1.24286702277702	1.43788606796475
23	WGN45	1.43367111089587	0.0496965201335526	1112	1.33616158830201	1.53118063348974
24	WGN45	1.3401400262023	0.0702972775018759	1112	1.20220976568436	1.47807028672025
26	WGN45	1.05234044589106	0.070297277501876	1112	0.914410185373116	1.19027070640901
28	WGN45	1.38709109654376	0.0496965201335532	1112	1.28958157394989	1.48460061913762
29	WGN45	1.10714871779409	0.0496965201335533	1112	1.00963919520023	1.20465824038796
31	WGN45	1.39916883909765	0.0496965201335531	1112	1.30165931650379	1.49667836169152
32	WGN45	1.2050908587159	0.0496965201335528	1112	1.10758133612204	1.30260038130976
33	WGN45	1.05542070105401	0.0496965201335529	1112	0.957911178460141	1.15293022364787
34	WGN45	1.39671331615842	0.0496965201335526	1112	1.29920379356455	1.49422283875228
35	WGN45	1.44976408891203	0.0496965201335528	1112	1.35225456631817	1.5472736115059
36	WGN45	1.30569329683813	0.0496965201335538	1112	1.20818377424426	1.40320281943199
37	WGN45	1.42889927219074	0.0496965201335531	1112	1.33138974959687	1.5264087947846
40	WGN45	1.25918991629979	0.0496965201335532	1112	1.16168039370593	1.35669943889366
41	WGN45	1.41280629417459	0.0496965201335534	1112	1.31529677158072	1.51031581676845
42	WGN45	1.35736066345067	0.0496965201335531	1112	1.25985114085681	1.45487018604454
43	WGN45	1.52071261621412	0.0496965201335532	1112	1.42320309362025	1.61822213880799
44	WGN45	1.24904577239826	0.0496965201335532	1112	1.15153624980439	1.34655529499212
45	WGN45	1.19559424618873	0.0496965201335531	1112	1.09808472359486	1.29310376878259
46	WGN45	1.3389725222945	0.0496965201335532	1112	1.24146299970064	1.43648204488837
49	WGN45	0.992471020800877	0.049696520133553	1112	0.894961498207012	1.08998054339474
50	WGN45	1.57593922148935	0.0702972775018749	1112	1.43800896097141	1.7138694820073
52	WGN45	1.29789010494324	0.0702972775018753	1112	1.1599598444253	1.43582036546119
53	WGN45	1.3761142679076	0.049696520133553	1112	1.27860474531373	1.47362379050146
54	WGN45	1.35736066345067	0.0496965201335533	1112	1.25985114085681	1.45487018604454
55	WGN45	1.52071261621411	0.0496965201335526	1112	1.42320309362025	1.61822213880798
56	WGN45	1.49984779949282	0.0496965201335528	1112	1.40233827689895	1.59735732208668
57	WGN45	1.41280629417458	0.0496965201335536	1112	1.31529677158072	1.51031581676845
58	WGN45	0.966637337494612	0.0496965201335527	1112	0.869127814900748	1.06414686008848
59	WGN45	1.29716434664752	0.0496965201335534	1112	1.19965482405365	1.39467386924138
60	WGN45	1.24390287770379	0.0702972775018752	1112	1.10597261718584	1.38183313822173
61	WGN45	1.32415796026724	0.049696520133553	1112	1.22664843767338	1.42166748286111
62	WGN45	1.32287954427834	0.0496965201335531	1112	1.22537002168447	1.4203890668722
64	WGN45	1.38307586108149	0.0496965201335532	1112	1.28556633848763	1.48058538367536
65	WGN45	1.3709981185276	0.0496965201335535	1112	1.27348859593373	1.46850764112147
66	WGN45	1.38709109654375	0.0496965201335529	1112	1.28958157394989	1.48460061913762
68	WGN45	1.35736066345067	0.0496965201335532	1112	1.2598511408568	1.45487018604453
69	WGN45	1.41280629417458	0.0496965201335532	1112	1.31529677158071	1.51031581676845
70	WGN45	1.21107134205054	0.0496965201335527	1112	1.11356181945668	1.30858086464441
71	WGN45	1.44976408891203	0.0496965201335529	1112	1.35225456631817	1.5472736115059
72	WGN45	1.44976408891204	0.0496965201335535	1112	1.35225456631818	1.54727361150591
73	WGN45	1.10200582309963	0.070297277501876	1112	0.964075562581686	1.23993608361758
74	WGN45	1.35042581559123	0.0702972775018755	1112	1.21249555507329	1.48835607610918
75	WGN45	1.25418866709272	0.0702972775018758	1112	1.11625840657478	1.39211892761067
76	WGN45	1.28618751801135	0.0496965201335531	1112	1.18867799541749	1.38369704060522
78	WGN45	1.46548601093887	0.0702972775018752	1112	1.32755575042092	1.60341627145682
80	WGN45	1.27603938601798	0.0496965201335529	1112	1.17852986342412	1.37354890861185
81	WGN45	1.35736066345067	0.0496965201335531	1112	1.25985114085681	1.45487018604454
82	WGN45	1.39157042146396	0.0702972775018755	1112	1.25364016094601	1.5295006819819
84	WGN45	1.42889927219074	0.0496965201335529	1112	1.33138974959687	1.5264087947846
85	WGN45	1.44976408891204	0.0496965201335531	1112	1.35225456631817	1.5472736115059
86	WGN45	1.33140849446896	0.0496965201335529	1112	1.2338989718751	1.42891801706283
88	WGN45	1.38709109654375	0.0496965201335532	1112	1.28958157394989	1.48460061913762
89	WGN45	1.39916883909765	0.0496965201335531	1112	1.30165931650379	1.49667836169152
90	WGN45	1.37099811852759	0.049696520133553	1112	1.27348859593373	1.46850764112146
92	WGN45	1.39916883909765	0.049696520133553	1112	1.30165931650379	1.49667836169152
93	WGN45	1.3401400262023	0.0702972775018756	1112	1.20220976568436	1.47807028672025
94	WGN45	1.44976408891204	0.0496965201335532	1112	1.35225456631818	1.54727361150591
95	WGN45	1.14012281474846	0.0496965201335529	1112	1.0426132921546	1.23763233734233
96	WGN45	1.2439028777038	0.0702972775018758	1112	1.10597261718585	1.38183313822174
98	WGN45	1.24904577239826	0.049696520133553	1112	1.15153624980439	1.34655529499212
99	WGN45	1.05234044589107	0.0702972775018757	1112	0.914410185373119	1.19027070640901
100	WGN45	1.34528292089677	0.0496965201335529	1112	1.2477733983029	1.44279244349063
101	WGN45	1.10714871779409	0.0496965201335531	1112	1.00963919520023	1.20465824038796
102	WGN45	1.44976408891204	0.0496965201335531	1112	1.35225456631817	1.5472736115059
103	WGN45	1.30924208920141	0.0496965201335531	1112	1.21173256660755	1.40675161179528
104	WGN45	1.29716434664751	0.0496965201335532	1112	1.19965482405365	1.39467386924138
105	WGN45	1.3830758610815	0.0496965201335531	1112	1.28556633848763	1.48058538367536
106	WGN45	1.5707963267949	0.0496965201335531	1112	1.47328680420104	1.66830584938877
107	WGN45	1.41280629417458	0.0496965201335531	1112	1.31529677158071	1.51031581676844
108	WGN45	1.35736066345067	0.0496965201335531	1112	1.2598511408568	1.45487018604453
109	WGN45	1.35736066345067	0.0496965201335531	1112	1.2598511408568	1.45487018604454
110	WGN45	1.43367111089588	0.0496965201335531	1112	1.33616158830202	1.53118063348975
111	WGN45	1.32673909029396	0.049696520133553	1112	1.2292295677001	1.42424861288783
114	WGN45	1.45803962384584	0.0496965201335531	1112	1.36053010125197	1.5555491464397
116	WGN45	1.41280629417458	0.0496965201335531	1112	1.31529677158071	1.51031581676844
117	WGN45	1.57593922148936	0.0702972775018757	1112	1.43800896097142	1.71386948200731
118	WGN45	1.12863012960535	0.0496965201335531	1112	1.03112060701148	1.22613965219922
119	WGN45	1.3709981185276	0.0496965201335531	1112	1.27348859593373	1.46850764112146
120	WGN45	1.3830758610815	0.0496965201335531	1112	1.28556633848763	1.48058538367536
121	WGN45	1.48375482147666	0.0496965201335531	1112	1.3862452988828	1.58126434407053
122	WGN45	1.42375637749627	0.0702972775018757	1112	1.28582611697833	1.56168663801422
123	WGN45	1.40185621085288	0.0702972775018758	1112	1.26392595033494	1.53978647137083
124	WGN45	1.21107134205054	0.0496965201335531	1112	1.11356181945668	1.30858086464441
126	WGN45	1.35736066345067	0.0496965201335531	1112	1.2598511408568	1.45487018604453
127	WGN45	1.07717313449535	0.0496965201335531	1112	0.979663611901483	1.17468265708921
128	WGN45	1.33430609226061	0.0496965201335531	1112	1.23679656966675	1.43181561485448
129	WGN45	1.40795591326506	0.0496965201335531	1112	1.31044639067119	1.50546543585892
1	WGN46	1.38307586108149	0.0496965201335529	1112	1.28556633848762	1.48058538367535
2	WGN46	1.49984779949282	0.0496965201335539	1112	1.40233827689895	1.59735732208669
3	WGN46	1.49984779949281	0.0496965201335534	1112	1.40233827689895	1.59735732208668
4	WGN46	1.5707963267949	0.0496965201335527	1112	1.47328680420103	1.66830584938876
6	WGN46	1.43367111089588	0.0496965201335526	1112	1.33616158830202	1.53118063348975
7	WGN46	1.38709109654375	0.0496965201335526	1112	1.28958157394989	1.48460061913762
8	WGN46	1.35736066345066	0.0496965201335529	1112	1.2598511408568	1.45487018604453
9	WGN46	1.29716434664751	0.0496965201335525	1112	1.19965482405365	1.39467386924138
10	WGN46	1.42889927219073	0.0496965201335533	1112	1.33138974959687	1.5264087947846
11	WGN46	1.34638383481451	0.0496965201335527	1112	1.24887431222065	1.44389335740837
12	WGN46	1.5707963267949	0.0496965201335527	1112	1.47328680420103	1.66830584938876
13	WGN46	1.41280629417458	0.049696520133553	1112	1.31529677158071	1.51031581676844
14	WGN46	1.42003365581896	0.0496965201335536	1112	1.32252413322509	1.51754317841282
15	WGN46	1.31466134774006	0.049696520133553	1112	1.2171518251462	1.41217087033393
16	WGN46	1.24904577239825	0.0496965201335538	1112	1.15153624980438	1.34655529499211
17	WGN46	1.42375637749627	0.0702972775018758	1112	1.28582611697832	1.56168663801422
18	WGN46	1.31466134774006	0.0496965201335536	1112	1.21715182514619	1.41217087033392
19	WGN46	1.35736066345067	0.0496965201335528	1112	1.2598511408568	1.45487018604453
20	WGN46	1.44976408891204	0.0496965201335533	1112	1.35225456631817	1.5472736115059
21	WGN46	1.39157042146395	0.0702972775018757	1112	1.25364016094601	1.5295006819819
22	WGN46	1.38307586108149	0.0496965201335528	1112	1.28556633848763	1.48058538367536
23	WGN46	1.25418866709272	0.0702972775018764	1112	1.11625840657477	1.39211892761067
24	WGN46	1.36943840600457	0.049696520133553	1112	1.2719288834107	1.46694792859843
25	WGN46	1.42889927219073	0.0496965201335531	1112	1.33138974959687	1.5264087947846
26	WGN46	1.32415796026724	0.0496965201335534	1112	1.22664843767337	1.4216674828611
27	WGN46	1.27603938601798	0.0496965201335526	1112	1.17852986342412	1.37354890861185
28	WGN46	1.44976408891204	0.0496965201335535	1112	1.35225456631817	1.5472736115059
29	WGN46	1.29716434664751	0.0496965201335535	1112	1.19965482405364	1.39467386924138
30	WGN46	1.52071261621412	0.0496965201335532	1112	1.42320309362025	1.61822213880799
31	WGN46	1.30924208920141	0.0496965201335529	1112	1.21173256660755	1.40675161179528
32	WGN46	1.36943840600457	0.0496965201335529	1112	1.2719288834107	1.46694792859843
33	WGN46	1.32673909029396	0.0496965201335532	1112	1.22922956770009	1.42424861288782
34	WGN46	1.34638383481451	0.0496965201335534	1112	1.24887431222064	1.44389335740837
36	WGN46	1.47062890563334	0.0496965201335535	1112	1.37311938303947	1.5681384282272
37	WGN46	1.40795591326505	0.0496965201335531	1112	1.31044639067118	1.50546543585892
38	WGN46	1.36596613591422	0.0496965201335535	1112	1.26845661332035	1.46347565850809
39	WGN46	1.38709109654375	0.0496965201335528	1112	1.28958157394988	1.48460061913761
40	WGN46	1.39916883909765	0.0496965201335531	1112	1.30165931650378	1.49667836169151
41	WGN46	1.36943840600457	0.0496965201335528	1112	1.2719288834107	1.46694792859843
42	WGN46	1.43367111089588	0.0496965201335526	1112	1.33616158830201	1.53118063348974
43	WGN46	1.48375482147666	0.049696520133553	1112	1.38624529888279	1.58126434407052
44	WGN46	1.44976408891204	0.0496965201335533	1112	1.35225456631817	1.5472736115059
45	WGN46	1.04719755119659	0.0496965201335532	1112	0.949688028602729	1.14470707379046
46	WGN46	1.38307586108149	0.0496965201335527	1112	1.28556633848763	1.48058538367536
47	WGN46	1.04915265211264	0.049696520133553	1112	0.951643129518773	1.1466621747065
48	WGN46	1.42003365581895	0.0496965201335534	1112	1.32252413322509	1.51754317841282
49	WGN46	1.28618751801135	0.0496965201335533	1112	1.18867799541749	1.38369704060522
50	WGN46	1.43367111089588	0.0496965201335534	1112	1.33616158830202	1.53118063348975
51	WGN46	1.37458130069904	0.0702972775018756	1112	1.23665104018109	1.51251156121698
52	WGN46	1.44976408891204	0.0496965201335531	1112	1.35225456631817	1.5472736115059
53	WGN46	1.47062890563334	0.0496965201335531	1112	1.37311938303947	1.5681384282272
54	WGN46	1.3709981185276	0.049696520133553	1112	1.27348859593373	1.46850764112146
55	WGN46	1.39916883909765	0.0496965201335533	1112	1.30165931650379	1.49667836169152
56	WGN46	1.34528292089677	0.0496965201335535	1112	1.2477733983029	1.44279244349063
57	WGN46	1.52071261621412	0.0496965201335537	1112	1.42320309362026	1.61822213880799
58	WGN46	1.5707963267949	0.0496965201335528	1112	1.47328680420103	1.66830584938876
59	WGN46	1.33623570282113	0.0496965201335527	1112	1.23872618022727	1.433745225415
60	WGN46	1.41280629417458	0.0496965201335535	1112	1.31529677158071	1.51031581676844
61	WGN46	1.44976408891203	0.0496965201335534	1112	1.35225456631817	1.5472736115059
62	WGN46	1.41280629417458	0.0496965201335526	1112	1.31529677158071	1.51031581676844
63	WGN46	1.38683095263552	0.0496965201335523	1112	1.28932143004166	1.48434047522939
64	WGN46	1.52071261621412	0.0496965201335529	1112	1.42320309362025	1.61822213880798
65	WGN46	1.40185621085289	0.070297277501876	1112	1.26392595033494	1.53978647137083
66	WGN46	1.38307586108149	0.0496965201335532	1112	1.28556633848763	1.48058538367536
67	WGN46	1.40795591326505	0.049696520133553	1112	1.31044639067119	1.50546543585892
68	WGN46	1.41280629417458	0.049696520133553	1112	1.31529677158071	1.51031581676844
69	WGN46	1.42889927219074	0.0496965201335528	1112	1.33138974959687	1.5264087947846
70	WGN46	1.17309691170283	0.0496965201335534	1112	1.07558738910896	1.27060643429669
71	WGN46	1.44976408891204	0.0496965201335526	1112	1.35225456631817	1.5472736115059
72	WGN46	1.5707963267949	0.0496965201335531	1112	1.47328680420103	1.66830584938876
73	WGN46	1.52071261621412	0.0496965201335532	1112	1.42320309362025	1.61822213880798
74	WGN46	1.35736066345067	0.0496965201335533	1112	1.2598511408568	1.45487018604453
75	WGN46	1.52071261621412	0.0496965201335531	1112	1.42320309362025	1.61822213880798
76	WGN46	1.39671331615842	0.0496965201335529	1112	1.29920379356455	1.49422283875228
78	WGN46	1.44976408891204	0.049696520133553	1112	1.35225456631817	1.5472736115059
79	WGN46	1.27603938601798	0.0496965201335533	1112	1.17852986342412	1.37354890861185
80	WGN46	1.37611426790759	0.0496965201335531	1112	1.27860474531373	1.47362379050146
81	WGN46	1.35736066345067	0.0496965201335532	1112	1.2598511408568	1.45487018604453
82	WGN46	1.47062890563334	0.0496965201335532	1112	1.37311938303947	1.56813842822721
83	WGN46	1.41280629417458	0.0496965201335533	1112	1.31529677158071	1.51031581676844
84	WGN46	1.32287954427834	0.0496965201335529	1112	1.22537002168447	1.4203890668722
85	WGN46	1.52071261621412	0.0496965201335531	1112	1.42320309362025	1.61822213880798
86	WGN46	1.41280629417458	0.049696520133553	1112	1.31529677158071	1.51031581676844
87	WGN46	1.39916883909765	0.049696520133553	1112	1.30165931650379	1.49667836169152
88	WGN46	1.44976408891204	0.049696520133553	1112	1.35225456631817	1.5472736115059
89	WGN46	1.41280629417458	0.0496965201335532	1112	1.31529677158071	1.51031581676844
90	WGN46	1.39916883909765	0.049696520133553	1112	1.30165931650378	1.49667836169152
91	WGN46	1.31818636892999	0.0702972775018759	1112	1.18025610841204	1.45611662944793
93	WGN46	1.47062890563334	0.049696520133553	1112	1.37311938303947	1.5681384282272
94	WGN46	1.47062890563334	0.0496965201335531	1112	1.37311938303947	1.56813842822721
95	WGN46	1.43367111089588	0.0496965201335529	1112	1.33616158830201	1.53118063348974
96	WGN46	1.33430609226061	0.0496965201335531	1112	1.23679656966675	1.43181561485448
98	WGN46	1.5707963267949	0.049696520133553	1112	1.47328680420103	1.66830584938876
100	WGN46	1.34528292089677	0.0496965201335528	1112	1.2477733983029	1.44279244349063
101	WGN46	1.47062890563334	0.049696520133553	1112	1.37311938303947	1.5681384282272
102	WGN46	1.47062890563334	0.049696520133553	1112	1.37311938303947	1.5681384282272
103	WGN46	1.34750147248512	0.049696520133553	1112	1.24999194989125	1.44501099507898
104	WGN46	1.30303299963771	0.0496965201335531	1112	1.20552347704384	1.40054252223157
106	WGN46	1.42889927219074	0.0496965201335532	1112	1.33138974959687	1.5264087947846
107	WGN46	0.992471020800875	0.049696520133553	1112	0.89496149820701	1.08998054339474
108	WGN46	1.38307586108149	0.0496965201335529	1112	1.28556633848763	1.48058538367536
109	WGN46	1.28618751801135	0.049696520133553	1112	1.18867799541749	1.38369704060522
110	WGN46	1.42889927219074	0.049696520133553	1112	1.33138974959687	1.5264087947846
111	WGN46	1.32673909029396	0.049696520133553	1112	1.22922956770009	1.42424861288782
112	WGN46	1.47062890563334	0.0496965201335529	1112	1.37311938303947	1.5681384282272
113	WGN46	1.32673909029396	0.049696520133553	1112	1.2292295677001	1.42424861288782
114	WGN46	1.52071261621412	0.0496965201335529	1112	1.42320309362025	1.61822213880798
115	WGN46	1.38307586108149	0.049696520133553	1112	1.28556633848763	1.48058538367536
116	WGN46	1.5707963267949	0.0496965201335529	1112	1.47328680420103	1.66830584938876
117	WGN46	1.42003365581895	0.0496965201335529	1112	1.32252413322509	1.51754317841282
118	WGN46	1.24390287770379	0.0702972775018758	1112	1.10597261718585	1.38183313822174
119	WGN46	1.35736066345067	0.049696520133553	1112	1.2598511408568	1.45487018604453
120	WGN46	1.35736066345067	0.049696520133553	1112	1.2598511408568	1.45487018604453
121	WGN46	1.42889927219074	0.049696520133553	1112	1.33138974959687	1.5264087947846
122	WGN46	1.48375482147666	0.049696520133553	1112	1.38624529888279	1.58126434407052
123	WGN46	1.5707963267949	0.049696520133553	1112	1.47328680420103	1.66830584938876
124	WGN46	1.47062890563334	0.049696520133553	1112	1.37311938303947	1.5681384282272
125	WGN46	1.38307586108149	0.049696520133553	1112	1.28556633848763	1.48058538367536
126	WGN46	1.33430609226061	0.049696520133553	1112	1.23679656966674	1.43181561485447
127	WGN46	1.2665427734908	0.049696520133553	1112	1.16903325089694	1.36405229608467
128	WGN46	1.44976408891204	0.049696520133553	1112	1.35225456631817	1.5472736115059
129	WGN46	1.2712676588537	0.049696520133553	1112	1.17375813625983	1.36877718144756
130	WGN46	1.34528292089677	0.049696520133553	1112	1.2477733983029	1.44279244349063
1	WGN55	1.38709109654376	0.0496965201335524	1112	1.2895815739499	1.48460061913763
2	WGN55	1.39916883909766	0.0496965201335529	1112	1.30165931650379	1.49667836169152
3	WGN55	1.2591899162998	0.0496965201335538	1112	1.16168039370593	1.35669943889367
4	WGN55	1.25757472258889	0.049696520133553	1112	1.16006519999502	1.35508424518275
5	WGN55	1.52071261621413	0.049696520133553	1112	1.42320309362026	1.61822213880799
6	WGN55	1.33430609226062	0.0496965201335525	1112	1.23679656966675	1.43181561485448
7	WGN55	1.47062890563334	0.0496965201335526	1112	1.37311938303948	1.56813842822721
8	WGN55	1.5707963267949	0.0496965201335529	1112	1.47328680420104	1.66830584938877
9	WGN55	1.31466134774006	0.0496965201335534	1112	1.2171518251462	1.41217087033393
10	WGN55	1.34528292089677	0.0496965201335526	1112	1.2477733983029	1.44279244349063
11	WGN55	1.21107134205055	0.0496965201335529	1112	1.11356181945668	1.30858086464441
12	WGN55	1.35042581559123	0.0702972775018759	1112	1.21249555507329	1.48835607610918
13	WGN55	1.41280629417459	0.0496965201335535	1112	1.31529677158072	1.51031581676845
14	WGN55	1.44976408891205	0.0496965201335534	1112	1.35225456631818	1.54727361150591
15	WGN55	1.44976408891204	0.0496965201335534	1112	1.35225456631818	1.54727361150591
16	WGN55	1.41280629417458	0.0496965201335533	1112	1.31529677158072	1.51031581676845
17	WGN55	1.32847215831892	0.0702972775018761	1112	1.19054189780097	1.46640241883687
18	WGN55	1.3709981185276	0.0496965201335532	1112	1.27348859593373	1.46850764112146
19	WGN55	1.30569329683814	0.0496965201335533	1112	1.20818377424427	1.403202819432
20	WGN55	1.48375482147667	0.0496965201335536	1112	1.3862452988828	1.58126434407053
21	WGN55	1.30368451910391	0.049696520133553	1112	1.20617499651004	1.40119404169777
22	WGN55	1.3709981185276	0.0496965201335536	1112	1.27348859593373	1.46850764112146
23	WGN55	1.38709109654376	0.0496965201335529	1112	1.28958157394989	1.48460061913762
24	WGN55	1.33430609226061	0.0496965201335533	1112	1.23679656966675	1.43181561485448
25	WGN55	1.32287954427834	0.0496965201335532	1112	1.22537002168448	1.42038906687221
26	WGN55	1.34638383481452	0.0496965201335526	1112	1.24887431222065	1.44389335740838
27	WGN55	1.33430609226062	0.049696520133553	1112	1.23679656966675	1.43181561485448
28	WGN55	1.37458130069904	0.0702972775018759	1112	1.23665104018109	1.51251156121699
29	WGN55	1.41280629417458	0.0496965201335526	1112	1.31529677158072	1.51031581676845
30	WGN55	1.34987315789807	0.049696520133553	1112	1.2523636353042	1.44738268049193
31	WGN55	1.44976408891204	0.0496965201335531	1112	1.35225456631818	1.54727361150591
32	WGN55	1.41280629417458	0.049696520133553	1112	1.31529677158072	1.51031581676845
33	WGN55	1.36002128989143	0.0496965201335532	1112	1.26251176729757	1.4575308124853
34	WGN55	1.44976408891202	0.0496965201335535	1112	1.35225456631816	1.54727361150589
35	WGN55	1.39916883909764	0.0496965201335531	1112	1.30165931650378	1.49667836169151
36	WGN55	1.32415796026723	0.0496965201335529	1112	1.22664843767337	1.4216674828611
37	WGN55	1.4128062941746	0.0496965201335533	1112	1.31529677158073	1.51031581676846
38	WGN55	1.25918991629979	0.0496965201335534	1112	1.16168039370593	1.35669943889366
40	WGN55	1.39671331615842	0.0496965201335532	1112	1.29920379356456	1.49422283875229
41	WGN55	1.35736066345067	0.0496965201335531	1112	1.25985114085681	1.45487018604454
42	WGN55	1.29716434664752	0.0496965201335536	1112	1.19965482405365	1.39467386924138
43	WGN55	1.3830758610815	0.0496965201335528	1112	1.28556633848764	1.48058538367537
44	WGN55	1.42003365581896	0.0496965201335527	1112	1.3225241332251	1.51754317841283
45	WGN55	1.33897252229451	0.0496965201335531	1112	1.24146299970064	1.43648204488837
46	WGN55	1.29716434664753	0.0496965201335528	1112	1.19965482405366	1.39467386924139
47	WGN55	1.38307586108149	0.049696520133553	1112	1.28556633848763	1.48058538367536
48	WGN55	1.2591899162998	0.0496965201335531	1112	1.16168039370594	1.35669943889367
49	WGN55	1.30924208920141	0.0496965201335532	1112	1.21173256660754	1.40675161179527
50	WGN55	1.34638383481451	0.0496965201335533	1112	1.24887431222065	1.44389335740838
52	WGN55	1.28618751801136	0.0496965201335528	1112	1.1886779954175	1.38369704060522
53	WGN55	1.44976408891204	0.0496965201335528	1112	1.35225456631818	1.54727361150591
54	WGN55	1.30924208920142	0.0496965201335535	1112	1.21173256660755	1.40675161179528
55	WGN55	1.3830758610815	0.0496965201335529	1112	1.28556633848763	1.48058538367536
56	WGN55	1.27126765885371	0.0496965201335526	1112	1.17375813625984	1.36877718144757
57	WGN55	1.3709981185276	0.0496965201335532	1112	1.27348859593373	1.46850764112146
58	WGN55	1.44976408891205	0.049696520133553	1112	1.35225456631818	1.54727361150591
59	WGN55	1.33623570282113	0.049696520133553	1112	1.23872618022727	1.433745225415
60	WGN55	1.27603938601799	0.0496965201335528	1112	1.17852986342413	1.37354890861186
61	WGN55	1.29716434664752	0.0496965201335529	1112	1.19965482405366	1.39467386924139
62	WGN55	1.52071261621413	0.0496965201335533	1112	1.42320309362026	1.61822213880799
63	WGN55	1.34528292089677	0.0496965201335532	1112	1.24777339830291	1.44279244349064
64	WGN55	1.39671331615843	0.0496965201335529	1112	1.29920379356456	1.49422283875229
65	WGN55	1.3830758610815	0.0496965201335533	1112	1.28556633848763	1.48058538367536
66	WGN55	1.35736066345067	0.0496965201335533	1112	1.25985114085681	1.45487018604454
67	WGN55	1.44976408891204	0.0496965201335531	1112	1.35225456631818	1.54727361150591
68	WGN55	1.47062890563335	0.0496965201335531	1112	1.37311938303949	1.56813842822722
69	WGN55	1.41280629417458	0.0496965201335532	1112	1.31529677158072	1.51031581676845
70	WGN55	1.32673909029396	0.0496965201335529	1112	1.2292295677001	1.42424861288783
71	WGN55	1.3389725222945	0.0496965201335534	1112	1.24146299970064	1.43648204488837
72	WGN55	1.32673909029397	0.049696520133553	1112	1.2292295677001	1.42424861288783
73	WGN55	1.43367111089589	0.0496965201335532	1112	1.33616158830202	1.53118063348975
74	WGN55	1.3709981185276	0.0496965201335529	1112	1.27348859593373	1.46850764112146
75	WGN55	1.41280629417458	0.0496965201335531	1112	1.31529677158072	1.51031581676845
76	WGN55	1.29716434664752	0.0496965201335533	1112	1.19965482405365	1.39467386924138
77	WGN55	1.31466134774006	0.049696520133553	1112	1.2171518251462	1.41217087033393
78	WGN55	1.3709981185276	0.049696520133553	1112	1.27348859593373	1.46850764112146
80	WGN55	1.35736066345067	0.0496965201335534	1112	1.25985114085681	1.45487018604454
81	WGN55	1.35736066345067	0.049696520133553	1112	1.25985114085681	1.45487018604454
82	WGN55	1.30924208920142	0.0496965201335528	1112	1.21173256660755	1.40675161179528
83	WGN55	1.45803962384584	0.0496965201335534	1112	1.36053010125197	1.5555491464397
84	WGN55	1.27603938601799	0.0496965201335529	1112	1.17852986342412	1.37354890861185
85	WGN55	1.30924208920141	0.0496965201335531	1112	1.21173256660755	1.40675161179528
86	WGN55	1.38709109654376	0.049696520133553	1112	1.28958157394989	1.48460061913762
87	WGN55	1.28456833620861	0.049696520133553	1112	1.18705881361474	1.38207785880247
88	WGN55	1.2591899162998	0.0496965201335532	1112	1.16168039370594	1.35669943889367
89	WGN55	1.47062890563334	0.0496965201335531	1112	1.37311938303948	1.56813842822721
90	WGN55	1.47062890563334	0.049696520133553	1112	1.37311938303948	1.56813842822721
91	WGN55	1.42889927219074	0.049696520133553	1112	1.33138974959688	1.52640879478461
92	WGN55	1.28618751801136	0.0496965201335531	1112	1.18867799541749	1.38369704060522
93	WGN55	1.3709981185276	0.0496965201335531	1112	1.27348859593373	1.46850764112146
94	WGN55	1.41280629417458	0.0496965201335529	1112	1.31529677158072	1.51031581676845
95	WGN55	1.39916883909766	0.049696520133553	1112	1.30165931650379	1.49667836169152
96	WGN55	1.21107134205055	0.0496965201335531	1112	1.11356181945668	1.30858086464441
97	WGN55	1.44976408891204	0.0496965201335531	1112	1.35225456631818	1.54727361150591
98	WGN55	1.47062890563334	0.0496965201335529	1112	1.37311938303948	1.56813842822721
99	WGN55	1.32287954427834	0.0496965201335531	1112	1.22537002168448	1.42038906687221
100	WGN55	1.3830758610815	0.0496965201335531	1112	1.28556633848763	1.48058538367536
101	WGN55	1.49984779949282	0.0496965201335531	1112	1.40233827689896	1.59735732208669
102	WGN55	1.42003365581896	0.0496965201335531	1112	1.32252413322509	1.51754317841282
103	WGN55	1.35736066345067	0.049696520133553	1112	1.25985114085681	1.45487018604454
104	WGN55	1.30924208920142	0.0496965201335532	1112	1.21173256660755	1.40675161179528
105	WGN55	1.39916883909766	0.0496965201335529	1112	1.30165931650379	1.49667836169152
106	WGN55	1.29716434664752	0.0496965201335531	1112	1.19965482405365	1.39467386924138
107	WGN55	1.44976408891204	0.0496965201335531	1112	1.35225456631818	1.54727361150591
108	WGN55	1.47062890563335	0.0496965201335531	1112	1.37311938303948	1.56813842822721
109	WGN55	1.39671331615842	0.049696520133553	1112	1.29920379356456	1.49422283875229
110	WGN55	1.35736066345067	0.0496965201335531	1112	1.25985114085681	1.45487018604454
111	WGN55	1.40795591326506	0.049696520133553	1112	1.31044639067119	1.50546543585892
112	WGN55	1.38709109654376	0.0496965201335531	1112	1.28958157394989	1.48460061913762
113	WGN55	1.34037654537089	0.049696520133553	1112	1.24286702277703	1.43788606796476
114	WGN55	1.42889927219074	0.049696520133553	1112	1.33138974959687	1.52640879478461
115	WGN55	1.3709981185276	0.0496965201335529	1112	1.27348859593373	1.46850764112146
116	WGN55	1.27889687988889	0.070297277501876	1112	1.14096661937095	1.41682714040684
117	WGN55	1.30924208920142	0.0496965201335531	1112	1.21173256660755	1.40675161179528
118	WGN55	1.32332926362446	0.0496965201335531	1112	1.22581974103059	1.42083878621832
119	WGN55	1.39671331615842	0.049696520133553	1112	1.29920379356456	1.49422283875229
120	WGN55	1.39671331615842	0.049696520133553	1112	1.29920379356456	1.49422283875229
121	WGN55	1.3709981185276	0.0496965201335531	1112	1.27348859593373	1.46850764112146
122	WGN55	1.3761142679076	0.0496965201335531	1112	1.27860474531373	1.47362379050146
123	WGN55	1.42003365581896	0.0496965201335531	1112	1.32252413322509	1.51754317841282
124	WGN55	1.3709981185276	0.049696520133553	1112	1.27348859593373	1.46850764112146
125	WGN55	1.32673909029397	0.049696520133553	1112	1.2292295677001	1.42424861288783
126	WGN55	1.38709109654376	0.049696520133553	1112	1.28958157394989	1.48460061913762
128	WGN55	1.39671331615842	0.049696520133553	1112	1.29920379356456	1.49422283875229
129	WGN55	1.41280629417458	0.049696520133553	1112	1.31529677158072	1.51031581676845
130	WGN55	1.3709981185276	0.0496965201335531	1112	1.27348859593373	1.46850764112146
1	WGN63	1.17809724509618	0.0496965201335533	1112	1.08058772250232	1.27560676769005
2	WGN63	1.11014723144972	0.0496965201335534	1112	1.01263770885585	1.20765675404358
3	WGN63	1.41280629417458	0.0496965201335533	1112	1.31529677158072	1.51031581676845
4	WGN63	1.14012281474846	0.0496965201335533	1112	1.0426132921546	1.23763233734233
5	WGN63	0.964450538418178	0.049696520133553	1112	0.866941015824313	1.06196006101204
6	WGN63	1.25418866709273	0.0702972775018758	1112	1.11625840657478	1.39211892761067
7	WGN63	1.2712676588537	0.0496965201335532	1112	1.17375813625984	1.36877718144757
8	WGN63	0.96663733749462	0.0496965201335528	1112	0.869127814900755	1.06414686008848
9	WGN63	1.32287954427834	0.049696520133553	1112	1.22537002168447	1.4203890668722
10	WGN63	1.3830758610815	0.0496965201335534	1112	1.28556633848764	1.48058538367537
12	WGN63	0.938616855111909	0.0496965201335533	1112	0.841107332518043	1.03612637770577
13	WGN63	1.14012281474846	0.0496965201335534	1112	1.0426132921546	1.23763233734233
14	WGN63	1.36943840600457	0.0496965201335534	1112	1.27192888341071	1.46694792859844
16	WGN63	0.941339712587421	0.0496965201335526	1112	0.843830189993557	1.03884923518129
17	WGN63	1.31466134774007	0.0496965201335533	1112	1.2171518251462	1.41217087033393
18	WGN63	1.22856834314309	0.0496965201335531	1112	1.13105882054923	1.32607786573696
19	WGN63	1.21107134205055	0.0496965201335533	1112	1.11356181945668	1.30858086464441
20	WGN63	1.41280629417459	0.0496965201335534	1112	1.31529677158072	1.51031581676845
21	WGN63	1.0471975511966	0.0496965201335534	1112	0.949688028602737	1.14470707379047
22	WGN63	1.48375482147666	0.049696520133553	1112	1.38624529888279	1.58126434407052
23	WGN63	1.21107134205054	0.0496965201335529	1112	1.11356181945668	1.30858086464441
24	WGN63	1.3969790846289	0.0496965201335534	1112	1.29946956203504	1.49448860722277
25	WGN63	1.21107134205055	0.0496965201335533	1112	1.11356181945668	1.30858086464441
26	WGN63	1.0191770688139	0.0496965201335529	1112	0.921667546220037	1.11668659140777
27	WGN63	1.05542070105399	0.0496965201335535	1112	0.957911178460125	1.15293022364786
28	WGN63	1.22856834314309	0.0496965201335535	1112	1.13105882054923	1.32607786573696
29	WGN63	1.29353638711054	0.0496965201335535	1112	1.19602686451667	1.3910459097044
30	WGN63	1.42889927219074	0.0496965201335531	1112	1.33138974959687	1.52640879478461
31	WGN63	1.04915265211265	0.0496965201335531	1112	0.951643129518784	1.14666217470651
32	WGN63	0.735314452816675	0.0496965201335532	1112	0.63780493022281	0.832823975410541
33	WGN63	1.33430609226062	0.0496965201335531	1112	1.23679656966675	1.43181561485448
34	WGN63	1.30924208920143	0.0496965201335536	1112	1.21173256660756	1.40675161179529
35	WGN63	1.34638383481453	0.049696520133553	1112	1.24887431222066	1.44389335740839
36	WGN63	1.17309691170281	0.049696520133553	1112	1.07558738910895	1.27060643429668
37	WGN63	1.30368451910391	0.0496965201335532	1112	1.20617499651004	1.40119404169777
38	WGN63	1.04915265211264	0.0496965201335531	1112	0.951643129518779	1.14666217470651
39	WGN63	1.27603938601798	0.0496965201335532	1112	1.17852986342411	1.37354890861184
40	WGN63	1.21107134205055	0.0496965201335531	1112	1.11356181945668	1.30858086464441
41	WGN63	0.99629948112565	0.0702972775018754	1112	0.858369220607704	1.1342297416436
42	WGN63	1.27603938601799	0.0496965201335527	1112	1.17852986342412	1.37354890861185
43	WGN63	1.1071487177941	0.049696520133553	1112	1.00963919520023	1.20465824038796
44	WGN63	1.04915265211265	0.0496965201335534	1112	0.951643129518779	1.14666217470651
45	WGN63	1.07717313449535	0.0496965201335533	1112	0.979663611901483	1.17468265708921
46	WGN63	0.81044001868785	0.0496965201335528	1112	0.712930496093985	0.907949541281714
47	WGN63	0.886613182191691	0.0496965201335531	1112	0.789103659597825	0.984122704785556
48	WGN63	1.39916883909766	0.0496965201335535	1112	1.30165931650379	1.49667836169153
49	WGN63	1.30924208920142	0.0496965201335535	1112	1.21173256660755	1.40675161179528
50	WGN63	1.11014723144972	0.0496965201335535	1112	1.01263770885585	1.20765675404358
51	WGN63	1.2439028777038	0.0702972775018755	1112	1.10597261718585	1.38183313822175
52	WGN63	0.886077123792622	0.049696520133553	1112	0.788567601198757	0.983586646386487
53	WGN63	1.35736066345067	0.0496965201335531	1112	1.25985114085681	1.45487018604454
54	WGN63	1.3830758610815	0.049696520133553	1112	1.28556633848763	1.48058538367536
55	WGN63	1.34638383481451	0.0496965201335533	1112	1.24887431222065	1.44389335740838
56	WGN63	1.08212674906702	0.0496965201335531	1112	0.984617226473151	1.17963627166088
57	WGN63	0.964450538418178	0.0496965201335531	1112	0.866941015824312	1.06196006101204
58	WGN63	1.34528292089677	0.0496965201335532	1112	1.24777339830291	1.44279244349064
59	WGN63	1.11014723144972	0.049696520133553	1112	1.01263770885585	1.20765675404358
60	WGN63	1.17309691170283	0.0496965201335529	1112	1.07558738910897	1.2706064342967
61	WGN63	0.964450538418176	0.0496965201335531	1112	0.866941015824311	1.06196006101204
62	WGN63	1.3389725222945	0.0496965201335534	1112	1.24146299970064	1.43648204488837
63	WGN63	0.991156586431198	0.0496965201335534	1112	0.893647063837332	1.08866610902506
64	WGN63	1.24821308766364	0.0496965201335531	1112	1.15070356506978	1.34572261025751
65	WGN63	1.22621581934544	0.0496965201335528	1112	1.12870629675158	1.3237253419393
66	WGN63	1.38709109654376	0.0496965201335531	1112	1.2895815739499	1.48460061913763
67	WGN63	1.26654277349081	0.0496965201335531	1112	1.16903325089694	1.36405229608467
68	WGN63	1.30924208920142	0.0496965201335532	1112	1.21173256660755	1.40675161179528
69	WGN63	1.34987315789807	0.0496965201335531	1112	1.2523636353042	1.44738268049193
70	WGN63	1.30924208920142	0.0496965201335532	1112	1.21173256660755	1.40675161179528
72	WGN63	1.34037654537089	0.0496965201335533	1112	1.24286702277702	1.43788606796476
73	WGN63	1.11014723144972	0.0496965201335531	1112	1.01263770885585	1.20765675404358
74	WGN63	0.83573764359504	0.0496965201335531	1112	0.738228121001175	0.933247166188905
75	WGN63	1.12010117941473	0.0496965201335532	1112	1.02259165682086	1.2176107020086
76	WGN63	1.33430609226061	0.0496965201335531	1112	1.23679656966675	1.43181561485448
77	WGN63	0.937744490405156	0.0496965201335531	1112	0.84023496781129	1.03525401299902
78	WGN63	1.21107134205055	0.0496965201335531	1112	1.11356181945668	1.30858086464441
79	WGN63	1.21107134205055	0.0496965201335532	1112	1.11356181945668	1.30858086464441
80	WGN63	1.0191770688139	0.0496965201335532	1112	0.921667546220036	1.11668659140777
81	WGN63	1.35736066345067	0.0496965201335532	1112	1.25985114085681	1.45487018604454
82	WGN63	1.41280629417458	0.0496965201335529	1112	1.31529677158072	1.51031581676845
83	WGN63	1.0191770688139	0.0496965201335531	1112	0.921667546220037	1.11668659140777
84	WGN63	1.33430609226061	0.0496965201335531	1112	1.23679656966675	1.43181561485448
85	WGN63	1.04915265211265	0.049696520133553	1112	0.951643129518784	1.14666217470651
86	WGN63	0.9911565864312	0.0496965201335531	1112	0.893647063837335	1.08866610902507
87	WGN63	0.992471020800879	0.0496965201335531	1112	0.894961498207014	1.08998054339474
88	WGN63	1.14812166179743	0.0496965201335529	1112	1.05061213920357	1.2456311843913
89	WGN63	1.35736066345067	0.0496965201335531	1112	1.25985114085681	1.45487018604454
90	WGN63	1.34014002620231	0.0702972775018757	1112	1.20220976568436	1.47807028672026
91	WGN63	1.28618751801136	0.0496965201335529	1112	1.18867799541749	1.38369704060522
92	WGN63	0.835481873978235	0.0496965201335532	1112	0.737972351384369	0.9329913965721
93	WGN63	1.3709981185276	0.0496965201335531	1112	1.27348859593373	1.46850764112146
94	WGN63	1.33430609226061	0.0496965201335531	1112	1.23679656966675	1.43181561485448
95	WGN63	1.05234044589107	0.0702972775018757	1112	0.914410185373121	1.19027070640901
96	WGN63	1.21107134205055	0.0496965201335532	1112	1.11356181945668	1.30858086464441
97	WGN63	1.29716434664752	0.049696520133553	1112	1.19965482405365	1.39467386924138
98	WGN63	0.991156586431201	0.049696520133553	1112	0.893647063837335	1.08866610902507
99	WGN63	1.3830758610815	0.0496965201335531	1112	1.28556633848763	1.48058538367536
100	WGN63	1.5707963267949	0.049696520133553	1112	1.47328680420104	1.66830584938877
101	WGN63	1.21107134205055	0.0496965201335532	1112	1.11356181945668	1.30858086464441
102	WGN63	1.1071487177941	0.0496965201335531	1112	1.00963919520023	1.20465824038796
103	WGN63	1.29716434664752	0.0496965201335531	1112	1.19965482405365	1.39467386924138
105	WGN63	1.3709981185276	0.0496965201335531	1112	1.27348859593373	1.46850764112146
106	WGN63	1.47577180032781	0.0702972775018757	1112	1.33784153980986	1.61370206084575
107	WGN63	0.911910807098887	0.0496965201335531	1112	0.814401284505022	1.00942032969275
109	WGN63	0.991156586431199	0.0496965201335531	1112	0.893647063837334	1.08866610902506
110	WGN63	1.17809724509618	0.049696520133553	1112	1.08058772250231	1.27560676769004
111	WGN63	1.14012281474847	0.049696520133553	1112	1.0426132921546	1.23763233734233
112	WGN63	0.966637337494613	0.0496965201335531	1112	0.869127814900747	1.06414686008848
114	WGN63	1.07717313449535	0.0496965201335531	1112	0.979663611901486	1.17468265708922
115	WGN63	1.1071487177941	0.0496965201335531	1112	1.00963919520023	1.20465824038796
116	WGN63	1.11014723144972	0.049696520133553	1112	1.01263770885585	1.20765675404358
117	WGN63	1.24904577239826	0.0496965201335531	1112	1.1515362498044	1.34655529499213
118	WGN63	1.11014723144972	0.049696520133553	1112	1.01263770885585	1.20765675404358
119	WGN63	1.1071487177941	0.0496965201335531	1112	1.00963919520023	1.20465824038796
121	WGN63	1.41280629417458	0.049696520133553	1112	1.31529677158072	1.51031581676845
122	WGN63	1.39916883909766	0.0496965201335531	1112	1.30165931650379	1.49667836169152
123	WGN63	0.886613182191695	0.0496965201335531	1112	0.78910365959783	0.98412270478556
124	WGN63	0.913319230204718	0.0496965201335531	1112	0.815809707610853	1.01082875279858
125	WGN63	1.38709109654376	0.0496965201335531	1112	1.28958157394989	1.48460061913762
126	WGN63	1.14012281474846	0.0496965201335531	1112	1.0426132921546	1.23763233734233
127	WGN63	0.913319230204718	0.0496965201335531	1112	0.815809707610853	1.01082875279858
128	WGN63	1.06756144809544	0.0496965201335531	1112	0.970051925501576	1.16507097068931
129	WGN63	1.17309691170283	0.0496965201335531	1112	1.07558738910897	1.2706064342967
130	WGN63	0.860779498885429	0.0496965201335531	1112	0.763269976291563	0.958289021479294
