plantID3	famID	response	SE	df	lower.CL	upper.CL
1	WGN07	99.497474683063	1.07383729333606	619	95.2348733332896	100
2	WGN07	99.9967891617135	0.121743496452134	619	95.3800102653218	100
3	WGN07	99.9967891617133	0.121743496455449	619	95.3800102653153	100
4	WGN07	99.9967891617134	0.121743496454288	619	95.380010265316	100
5	WGN07	100	1.52672041159029e-13	619	97.7929006848214	100
7	WGN07	98.5422586969589	1.82014072170887	619	92.8778578522036	100
8	WGN07	100	9.87192784029546e-14	619	97.7929006848217	100
9	WGN07	100	3.58366949166536e-13	619	97.7929006848212	100
11	WGN07	100	1.31560156795545e-15	619	95.8441091980798	100
13	WGN07	99.7493718553307	0.759317632012392	619	96.0841909649821	100
14	WGN07	100	1.31560156795552e-15	619	95.8441091980798	100
15	WGN07	100	4.02203568905838e-13	619	97.7929006848212	100
16	WGN07	100	3.71855139855558e-13	619	97.7929006848211	100
17	WGN07	98.5422586969589	1.82014072170884	619	92.8778578522037	100
18	WGN07	98.7339717240442	1.69788584169338	619	93.2976497716596	100
21	WGN07	99.4974746830579	1.07383729334078	619	95.2348733332781	100
22	WGN07	100	4.15691759594846e-13	619	97.7929006848212	100
23	WGN07	100	1.31560156795551e-15	619	95.8441091980797	100
24	WGN07	100	1.31560156795552e-15	619	95.8441091980798	100
25	WGN07	100	1.31560156795545e-15	619	95.8441091980798	100
26	WGN07	100	2.8755394804919e-13	619	97.7929006848214	100
27	WGN07	100	4.22435854939366e-13	619	97.7929006848211	100
28	WGN07	100	9.29895907579635e-16	619	97.7929006848225	100
29	WGN07	99.7493718553307	0.759317632012459	619	96.084190964982	100
30	WGN07	100	6.1464257225786e-13	619	97.7929006848207	100
31	WGN07	96.0609040895826	2.95409932132929	619	88.3120266126901	99.7433419715707
32	WGN07	100	1.31560156795552e-15	619	95.84410919808	100
33	WGN07	100	1.31560156795549e-15	619	95.8441091980807	100
34	WGN07	99.7493718553307	0.759317632012424	619	96.0841909649821	100
35	WGN07	98.9897948556632	1.51863526402428	619	93.8889984035316	100
37	WGN07	100	1.31560156795549e-15	619	95.8441091980803	100
38	WGN07	100	1.31560156795549e-15	619	95.8441091980797	100
39	WGN07	100	6.82083525702947e-13	619	97.7929006848206	100
40	WGN07	100	3.6511104451105e-13	619	97.7929006848211	100
42	WGN07	100	5.30341380451509e-13	619	97.7929006848208	100
44	WGN07	100	3.95459473561333e-13	619	97.7929006848211	100
46	WGN07	100	1.31560156795549e-15	619	95.8441091980797	100
47	WGN07	100	1.31560156795546e-15	619	95.8441091980799	100
48	WGN07	100	1.31560156795548e-15	619	95.8441091980787	100
50	WGN07	100	4.02203568905842e-13	619	97.7929006848211	100
51	WGN07	100	1.3156015679555e-15	619	95.8441091980796	100
52	WGN07	99.9967891617134	0.121743496453562	619	95.3800102653179	100
53	WGN07	100	3.68483092183303e-13	619	97.7929006848211	100
54	WGN07	99.9967891617134	0.121743496453855	619	95.3800102653175	100
56	WGN07	99.9967891617134	0.121743496453792	619	95.3800102653177	100
57	WGN07	100	2.47089375982142e-13	619	97.7929006848215	100
58	WGN07	100	1.31560156795551e-15	619	95.8441091980795	100
59	WGN07	100	1.31560156795551e-15	619	95.8441091980801	100
60	WGN07	100	1.31560156795551e-15	619	95.8441091980797	100
61	WGN07	100	3.98831521233587e-13	619	97.7929006848211	100
63	WGN07	100	3.78599235200066e-13	619	97.7929006848211	100
64	WGN07	100	1.31560156795548e-15	619	95.8441091980798	100
66	WGN07	100	3.51622853822023e-13	619	97.7929006848213	100
68	WGN07	99.7493718553308	0.759317632012368	619	96.0841909649821	100
69	WGN07	100	1.31560156795546e-15	619	95.84410919808	100
71	WGN07	100	1.31560156795551e-15	619	95.8441091980797	100
73	WGN07	100	1.31560156795548e-15	619	95.8441091980819	100
74	WGN07	98.7339717240443	1.69788584169337	619	93.2976497716596	100
75	WGN07	100	1.31560156795551e-15	619	95.8441091980796	100
76	WGN07	100	3.98831521233594e-13	619	97.792900684821	100
77	WGN07	100	7.56268574492548e-13	619	97.7929006848204	100
78	WGN07	100	3.71855139855554e-13	619	97.7929006848212	100
79	WGN07	100	4.25807902611613e-13	619	97.7929006848212	100
81	WGN07	100	3.88715378216827e-13	619	97.7929006848211	100
82	WGN07	100	4.494122363174e-13	619	97.792900684821	100
85	WGN07	100	4.32551997956132e-13	619	97.792900684821	100
86	WGN07	100	4.42668140972893e-13	619	97.792900684821	100
87	WGN07	99.7493718553307	0.759317632012387	619	96.0841909649822	100
88	WGN07	100	4.25807902611622e-13	619	97.7929006848211	100
89	WGN07	100	3.28018520116240e-13	619	97.7929006848214	100
90	WGN07	100	1.31560156795554e-15	619	95.8441091980794	100
91	WGN07	98.9999999999995	1.51102300925143	619	93.9134814339377	100
92	WGN07	99.9967891617134	0.121743496453811	619	95.3800102653176	100
93	WGN07	100	1.3156015679555e-15	619	95.8441091980795	100
94	WGN07	99.7493718553307	0.759317632012416	619	96.0841909649821	100
95	WGN07	100	2.36973232965375e-13	619	97.7929006848215	100
97	WGN07	100	1.31560156795549e-15	619	95.8441091980797	100
98	WGN07	100	3.8871537821683e-13	619	97.7929006848211	100
99	WGN07	100	4.05575616578091e-13	619	97.7929006848212	100
100	WGN07	100	1.31560156795548e-15	619	95.8441091980799	100
101	WGN07	100	1.3156015679555e-15	619	95.8441091980788	100
102	WGN07	100	4.15691759594857e-13	619	97.7929006848211	100
103	WGN07	100	3.65111044511045e-13	619	97.7929006848212	100
104	WGN07	100	5.10109094417974e-13	619	97.792900684821	100
105	WGN07	100	4.12319711922603e-13	619	97.7929006848211	100
106	WGN07	100	1.31560156795549e-15	619	95.8441091980794	100
107	WGN07	100	3.68483092183303e-13	619	97.7929006848211	100
108	WGN07	100	4.25807902611622e-13	619	97.7929006848211	100
110	WGN07	99.9967891617134	0.121743496453839	619	95.3800102653177	100
112	WGN07	99.7493718553307	0.75931763201242	619	96.084190964982	100
113	WGN07	100	1.31560156795549e-15	619	95.8441091980797	100
115	WGN07	99.4974746830586	1.0738372933401	619	95.2348733332801	100
116	WGN07	99.7493718553307	0.759317632012411	619	96.084190964982	100
117	WGN07	100	1.31560156795551e-15	619	95.8441091980798	100
118	WGN07	99.9967891617134	0.121743496453801	619	95.3800102653174	100
119	WGN07	100	3.71855139855559e-13	619	97.7929006848211	100
120	WGN07	55.5634721264728	10.6759928269388	619	34.7265541543822	75.4245546349257
121	WGN07	100	5.70805952518557e-13	619	97.7929006848208	100
122	WGN07	98.1555749742193	2.89088965612395	619	88.4221336759641	100
123	WGN07	99.1096120205393	2.0183248087931	619	90.9556556610331	100
124	WGN07	99.1096120205394	2.01832480879303	619	90.9556556610334	100
125	WGN07	100	3.88715378216828e-13	619	97.7929006848211	100
126	WGN07	99.9967891617134	0.121743496453809	619	95.3800102653175	100
127	WGN07	100	4.25807902611618e-13	619	97.7929006848211	100
128	WGN07	89.6574512315648	6.54260211013042	619	73.7089424881278	98.6500255460154
129	WGN07	99.7493718553307	0.759317632012384	619	96.0841909649821	100
130	WGN07	100	3.98831521233589e-13	619	97.7929006848211	100
1	WGN15	10.3425487684275	6.54260211012951	619	1.34997445398075	26.2910575118646
3	WGN15	99.9967891617131	0.121743496459006	619	95.3800102653075	100
5	WGN15	100	3.44041852160703e-12	619	97.7929006848152	100
7	WGN15	99.9967891617132	0.12174349645844	619	95.3800102653085	100
8	WGN15	100	4.43180053724969e-12	619	97.7929006848134	100
9	WGN15	100	4.34075525009883e-12	619	97.7929006848135	100
11	WGN15	100	3.50111537970759e-12	619	97.7929006848151	100
12	WGN15	100	3.7135543830596e-12	619	97.7929006848147	100
13	WGN15	100	1.31560156795549e-15	619	95.84410919807	100
14	WGN15	100	1.3156015679555e-15	619	95.8441091980703	100
15	WGN15	98.8840947364133	2.25694206184627	619	90.2950993383183	100
16	WGN15	100	4.33738320242656e-12	619	97.7929006848136	100
17	WGN15	50.5666334963145	10.7420121882794	619	30.0421030207233	70.9917762068521
18	WGN15	100	1.31560156795548e-15	619	95.8441091980691	100
19	WGN15	100	4.31377886872081e-12	619	97.7929006848136	100
21	WGN15	100	4.36435958380461e-12	619	97.7929006848135	100
22	WGN15	99.7493718553282	0.75931763201624	619	96.0841909649723	100
23	WGN15	100	3.49774333203531e-12	619	97.7929006848151	100
24	WGN15	100	1.31560156795549e-15	619	95.8441091980699	100
25	WGN15	100	1.31560156795551e-15	619	95.844109198071	100
27	WGN15	100	1.31560156795548e-15	619	95.8441091980691	100
28	WGN15	100	3.95296976778966e-12	619	97.7929006848142	100
29	WGN15	99.4974746830543	1.07383729334464	619	95.2348733332672	100
30	WGN15	100	1.31560156795548e-15	619	95.8441091980692	100
31	WGN15	100	1.31560156795549e-15	619	95.8441091980696	100
32	WGN15	99.9967891617131	0.121743496459426	619	95.3800102653067	100
33	WGN15	100	1.31560156795549e-15	619	95.8441091980718	100
34	WGN15	100	1.31560156795551e-15	619	95.8441091980692	100
36	WGN15	100	1.3156015679555e-15	619	95.8441091980702	100
37	WGN15	100	1.31560156795547e-15	619	95.8441091980692	100
39	WGN15	100	4.39470801285489e-12	619	97.7929006848134	100
40	WGN15	100	4.28343043967053e-12	619	97.7929006848136	100
41	WGN15	100	1.3156015679555e-15	619	95.8441091980707	100
44	WGN15	100	4.07436348399075e-12	619	97.792900684814	100
47	WGN15	100	1.31560156795548e-15	619	95.8441091980701	100
48	WGN15	100	1.31560156795548e-15	619	95.8441091980698	100
50	WGN15	100	4.00692253054567e-12	619	97.7929006848142	100
51	WGN15	100	1.31560156795551e-15	619	95.8441091980713	100
52	WGN15	100	3.86192448063876e-12	619	97.7929006848144	100
54	WGN15	99.9967891617131	0.121743496459621	619	95.3800102653064	100
55	WGN15	99.7493718553283	0.759317632016012	619	96.0841909649728	100
56	WGN15	100	4.15529262812486e-12	619	97.7929006848139	100
59	WGN15	100	4.40482415587162e-12	619	97.7929006848135	100
61	WGN15	100	3.87541267132779e-12	619	97.7929006848144	100
62	WGN15	100	1.31560156795547e-15	619	95.8441091980697	100
63	WGN15	100	1.3156015679555e-15	619	95.8441091980705	100
64	WGN15	100	1.3156015679555e-15	619	95.8441091980701	100
67	WGN15	100	3.8754126713278e-12	619	97.7929006848144	100
68	WGN15	100	1.3156015679555e-15	619	95.8441091980706	100
70	WGN15	98.542258696953	1.82014072171252	619	92.8778578521909	100
71	WGN15	100	1.3156015679555e-15	619	95.8441091980703	100
73	WGN15	100	1.31560156795548e-15	619	95.8441091980698	100
74	WGN15	100	1.31560156795551e-15	619	95.8441091980708	100
75	WGN15	100	4.05413119795726e-12	619	97.792900684814	100
77	WGN15	100	1.31560156795549e-15	619	95.84410919807	100
78	WGN15	100	4.10471191304104e-12	619	97.792900684814	100
79	WGN15	100	1.31560156795547e-15	619	95.8441091980699	100
80	WGN15	100	1.31560156795548e-15	619	95.8441091980696	100
81	WGN15	100	3.92936543408382e-12	619	97.7929006848143	100
84	WGN15	100	4.03727095959597e-12	619	97.7929006848141	100
85	WGN15	100	4.25308201062025e-12	619	97.7929006848137	100
86	WGN15	100	1.31560156795548e-15	619	95.8441091980695	100
87	WGN15	96.8036609449639	3.77933890294824	619	85.4953521115349	100
88	WGN15	99.9967891617131	0.121743496458906	619	95.3800102653077	100
89	WGN15	99.7493718553284	0.759317632015925	619	96.084190964973	100
90	WGN15	100	1.31560156795549e-15	619	95.8441091980698	100
91	WGN15	99.9967891617131	0.121743496459212	619	95.3800102653071	100
93	WGN15	100	4.32389501173754e-12	619	97.7929006848136	100
94	WGN15	100	3.66634571564803e-12	619	97.7929006848148	100
97	WGN15	100	1.31560156795546e-15	619	95.8441091980696	100
99	WGN15	97.4341649025176	2.40117318468725	619	90.6944828666864	99.9861704234529
101	WGN15	100	4.02378276890699e-12	619	97.7929006848141	100
102	WGN15	99.1096120205344	2.01832480879862	619	90.955655661018	100
103	WGN15	100	1.31560156795554e-15	619	95.8441091980717	100
107	WGN15	100	1.3156015679555e-15	619	95.8441091980703	100
109	WGN15	100	1.31560156795549e-15	619	95.84410919807	100
110	WGN15	99.9967891617131	0.121743496458993	619	95.3800102653074	100
115	WGN15	100	1.31560156795549e-15	619	95.8441091980695	100
118	WGN15	100	1.31560156795549e-15	619	95.84410919807	100
119	WGN15	100	1.31560156795549e-15	619	95.8441091980699	100
120	WGN15	99.9967891617131	0.121743496459278	619	95.380010265307	100
121	WGN15	100	1.31560156795549e-15	619	95.8441091980696	100
122	WGN15	79.5447666999326	8.66665584849877	619	60.4345851936633	93.4727831022362
123	WGN15	98.7339717240387	1.69788584169708	619	93.2976497716471	100
124	WGN15	98.7339717240385	1.69788584169718	619	93.2976497716468	100
125	WGN15	100	4.21936153389764e-12	619	97.7929006848138	100
126	WGN15	100	4.24633791527573e-12	619	97.7929006848137	100
127	WGN15	100	1.31560156795547e-15	619	95.8441091980698	100
128	WGN15	100	4.21261743855314e-12	619	97.7929006848138	100
130	WGN15	100	4.14854853278035e-12	619	97.7929006848139	100
1	WGN26	100	2.94298043393681e-13	619	97.7929006848217	100
3	WGN26	100	1.31560156795549e-15	619	95.8441091980796	100
4	WGN26	100	1.31560156795548e-15	619	95.8441091980796	100
5	WGN26	100	4.89876808384458e-13	619	97.7929006848209	100
6	WGN26	99.9967891617134	0.121743496453901	619	95.3800102653175	100
7	WGN26	100	4.46040188645149e-13	619	97.792900684821	100
8	WGN26	99.9967891617134	0.121743496453973	619	95.3800102653173	100
9	WGN26	100	1.31560156795547e-15	619	95.8441091980796	100
11	WGN26	98.7339717240442	1.69788584169337	619	93.2976497716596	100
12	WGN26	99.9967891617134	0.121743496453842	619	95.3800102653175	100
13	WGN26	100	4.42668140972897e-13	619	97.792900684821	100
14	WGN26	99.9967891617134	0.121743496453886	619	95.3800102653176	100
15	WGN26	100	4.73016570023183e-13	619	97.792900684821	100
17	WGN26	99.7493718553307	0.759317632012458	619	96.0841909649819	100
18	WGN26	100	4.52784283989659e-13	619	97.792900684821	100
19	WGN26	99.7493718553307	0.759317632012429	619	96.084190964982	100
20	WGN26	90.3374114271735	6.34781251580558	619	74.7005491709103	98.89907393638
21	WGN26	98.7339717240441	1.69788584169348	619	93.2976497716592	100
22	WGN26	98.8840947364179	2.25694206184164	619	90.2950993383315	100
23	WGN26	100	1.31560156795549e-15	619	95.8441091980796	100
24	WGN26	95.2441000603978	4.57276541109209	619	82.5602526724537	99.9921123519062
25	WGN26	99.9967891617134	0.121743496453468	619	95.3800102653183	100
27	WGN26	100	5.64061857174052e-13	619	97.7929006848208	100
28	WGN26	99.9967891617134	0.121743496453453	619	95.3800102653184	100
30	WGN26	99.9967891617134	0.121743496454002	619	95.3800102653173	100
31	WGN26	96.2575313952377	2.88237128823276	619	88.6387554070718	99.7925087488332
34	WGN26	100	5.57317761829537e-13	619	97.7929006848209	100
35	WGN26	95.6152593375712	3.10948910848291	619	87.5854018569009	99.6180205124165
36	WGN26	100	6.78711478030701e-13	619	97.7929006848205	100
38	WGN26	100	4.76388617695433e-13	619	97.792900684821	100
39	WGN26	97.3716556369829	2.42946636228703	619	90.57999060916	99.9811627161963
40	WGN26	100	4.52784283989655e-13	619	97.792900684821	100
41	WGN26	100	3.71855139855556e-13	619	97.7929006848211	100
42	WGN26	99.7493718553307	0.759317632012499	619	96.0841909649818	100
43	WGN26	98.989794855663	1.51863526402441	619	93.8889984035311	100
44	WGN26	97.4341649025247	2.40117318468392	619	90.6944828666998	99.9861704234534
45	WGN26	100	4.59528379334169e-13	619	97.792900684821	100
46	WGN26	100	4.73016570023184e-13	619	97.792900684821	100
47	WGN26	100	1.31560156795548e-15	619	95.8441091980797	100
49	WGN26	90.3374114271737	6.34781251580537	619	74.7005491709111	98.89907393638
50	WGN26	99.7493718553307	0.759317632012487	619	96.0841909649818	100
51	WGN26	99.7493718553307	0.759317632012458	619	96.0841909649819	100
52	WGN26	100	4.62900427006419e-13	619	97.792900684821	100
53	WGN26	100	4.56156331661915e-13	619	97.792900684821	100
54	WGN26	100	4.46040188645146e-13	619	97.792900684821	100
55	WGN26	99.7493718553307	0.759317632012488	619	96.0841909649818	100
56	WGN26	100	4.05575616578093e-13	619	97.7929006848211	100
57	WGN26	98.7339717240441	1.69788584169345	619	93.2976497716593	100
58	WGN26	99.7493718553307	0.759317632012473	619	96.0841909649819	100
60	WGN26	100	4.76388617695435e-13	619	97.792900684821	100
62	WGN26	100	5.13481142090239e-13	619	97.7929006848209	100
64	WGN26	100	3.78599235200057e-13	619	97.7929006848212	100
65	WGN26	99.9967891617134	0.12174349645359	619	95.3800102653182	100
66	WGN26	100	4.69644522350928e-13	619	97.792900684821	100
67	WGN26	100	4.66272474678673e-13	619	97.792900684821	100
68	WGN26	85.4024096691306	7.58611067459645	619	67.8380871524971	96.7571339226614
69	WGN26	81.622776601681	5.88164908652866	619	68.8469377483431	91.6068311117548
70	WGN26	99.9967891617134	0.121743496453888	619	95.3800102653175	100
71	WGN26	100	1.31560156795551e-15	619	95.8441091980794	100
72	WGN26	100	1.3156015679555e-15	619	95.8441091980795	100
73	WGN26	99.7493718553307	0.759317632012426	619	96.084190964982	100
74	WGN26	99.9967891617134	0.121743496453886	619	95.3800102653176	100
75	WGN26	100	4.19063807267113e-13	619	97.7929006848211	100
77	WGN26	100	4.62900427006414e-13	619	97.792900684821	100
78	WGN26	100	1.31560156795547e-15	619	95.8441091980798	100
79	WGN26	100	1.31560156795552e-15	619	95.8441091980794	100
80	WGN26	100	4.66272474678675e-13	619	97.792900684821	100
81	WGN26	100	1.31560156795551e-15	619	95.8441091980795	100
82	WGN26	100	1.31560156795548e-15	619	95.8441091980783	100
83	WGN26	100	1.3156015679555e-15	619	95.8441091980794	100
85	WGN26	100	1.3156015679555e-15	619	95.8441091980794	100
86	WGN26	100	1.31560156795551e-15	619	95.8441091980795	100
87	WGN26	100	4.93248856056706e-13	619	97.792900684821	100
88	WGN26	97.4341649025248	2.40117318468394	619	90.6944828666997	99.9861704234534
89	WGN26	100	4.66272474678678e-13	619	97.792900684821	100
90	WGN26	99.9967891617134	0.121743496453814	619	95.3800102653177	100
91	WGN26	100	4.76388617695433e-13	619	97.792900684821	100
92	WGN26	100	1.31560156795549e-15	619	95.8441091980796	100
93	WGN26	99.4974746830579	1.07383729334084	619	95.2348733332779	100
94	WGN26	100	5.10109094417978e-13	619	97.7929006848209	100
95	WGN26	96.0977222864633	2.94082454326454	619	88.3729039198155	99.7528506015221
96	WGN26	100	1.3156015679555e-15	619	95.8441091980796	100
97	WGN26	68.1662479035504	7.07427747415717	619	53.676882779633	81.0518244951766
98	WGN26	99.7493718553307	0.759317632012416	619	96.084190964982	100
99	WGN26	98.7339717240441	1.69788584169354	619	93.297649771659	100
100	WGN26	100	4.66272474678673e-13	619	97.792900684821	100
101	WGN26	50.5666334963379	10.7420121882793	619	30.0421030207448	70.9917762068732
103	WGN26	99.9967891617134	0.121743496453984	619	95.3800102653172	100
104	WGN26	99.9967891617134	0.121743496453954	619	95.3800102653174	100
105	WGN26	98.7339717240442	1.6978858416934	619	93.2976497716595	100
106	WGN26	99.9967891617134	0.121743496453927	619	95.3800102653173	100
108	WGN26	100	1.31560156795548e-15	619	95.8441091980796	100
109	WGN26	100	4.5952837933417e-13	619	97.792900684821	100
111	WGN26	97.9583152331264	2.14767458668122	619	91.6859709384457	100
112	WGN26	96.6630318022304	2.72746835507643	619	89.3260658929277	99.8803998901396
113	WGN26	100	1.31560156795548e-15	619	95.8441091980793	100
114	WGN26	100	4.19063807267112e-13	619	97.7929006848211	100
115	WGN26	95.2441000603984	4.57276541109183	619	82.5602526724547	99.9921123519062
118	WGN26	99.7493718553307	0.759317632012458	619	96.0841909649819	100
119	WGN26	100	4.25807902611624e-13	619	97.792900684821	100
121	WGN26	100	4.6964452235093e-13	619	97.792900684821	100
122	WGN26	100	5.43829571140518e-13	619	97.7929006848209	100
123	WGN26	98.1555749742197	2.89088965612361	619	88.4221336759653	100
125	WGN26	100	1.31560156795552e-15	619	95.8441091980794	100
126	WGN26	99.9967891617134	0.121743496453906	619	95.3800102653175	100
127	WGN26	100	4.7301657002318e-13	619	97.792900684821	100
128	WGN26	99.9967891617134	0.121743496453903	619	95.3800102653174	100
129	WGN26	100	4.69644522350934e-13	619	97.7929006848209	100
130	WGN26	100	1.3156015679555e-15	619	95.8441091980796	100
1	WGN36	99.9967891617134	0.12174349645301	619	95.3800102653182	100
2	WGN36	100	2.90925995721447e-13	619	97.7929006848214	100
4	WGN36	100	1.3156015679555e-15	619	95.84410919808	100
5	WGN36	100	1.31560156795549e-15	619	95.8441091980801	100
6	WGN36	100	1.31560156795551e-15	619	95.8441091980799	100
7	WGN36	99.9967891617134	0.121743496453712	619	95.3800102653178	100
8	WGN36	100	2.77437805032435e-13	619	97.7929006848213	100
9	WGN36	100	1.31560156795549e-15	619	95.84410919808	100
10	WGN36	100	2.80809852704685e-13	619	97.7929006848214	100
11	WGN36	100	1.31560156795549e-15	619	95.8441091980799	100
12	WGN36	100	3.01042138738214e-13	619	97.7929006848213	100
13	WGN36	98.7339717240444	1.69788584169324	619	93.2976497716601	100
14	WGN36	100	3.07786234082716e-13	619	97.7929006848214	100
15	WGN36	99.7493718553308	0.759317632012293	619	96.0841909649823	100
16	WGN36	100	2.74065757360179e-13	619	97.7929006848214	100
17	WGN36	99.7493718553308	0.759317632012288	619	96.0841909649824	100
18	WGN36	100	1.31560156795549e-15	619	95.8441091980801	100
19	WGN36	60.5545430072243	10.5006307695261	619	39.6141562643352	79.6436582536806
20	WGN36	92.6975711163333	3.95113006174897	619	83.1680803799379	98.4575506539035
21	WGN36	93.301270189221	3.79658816006024	619	84.0441421171058	98.7355901100974
22	WGN36	97.4341649025252	2.40117318468371	619	90.6944828667007	99.9861704234535
23	WGN36	100	2.94298043393706e-13	619	97.7929006848213	100
24	WGN36	100	3.41506710805263e-13	619	97.7929006848212	100
26	WGN36	98.9999999999995	1.51102300925135	619	93.9134814339381	100
28	WGN36	96.0977222864636	2.94082454326443	619	88.372903919816	99.7528506015222
30	WGN36	100	3.1453032942723e-13	619	97.7929006848213	100
31	WGN36	99.7493718553308	0.759317632012354	619	96.0841909649822	100
33	WGN36	100	1.15579516764225e-13	619	97.7929006848217	100
34	WGN36	99.7493718553309	0.759317632012158	619	96.0841909649827	100
35	WGN36	100	1.93136613226074e-13	619	97.7929006848215	100
36	WGN36	97.4341649025253	2.40117318468369	619	90.6944828667007	99.9861704234535
37	WGN36	99.9967891617134	0.121743496453673	619	95.3800102653179	100
38	WGN36	99.9967891617134	0.121743496453688	619	95.3800102653178	100
39	WGN36	100	2.87553948049195e-13	619	97.7929006848213	100
40	WGN36	100	1.3156015679555e-15	619	95.84410919808	100
41	WGN36	100	1.31560156795549e-15	619	95.8441091980798	100
42	WGN36	100	2.70693709687923e-13	619	97.7929006848214	100
43	WGN36	99.7493718553308	0.75931763201228	619	96.0841909649824	100
44	WGN36	100	1.31560156795551e-15	619	95.84410919808	100
45	WGN36	100	1.31560156795547e-15	619	95.8441091980801	100
46	WGN36	99.7493718553308	0.759317632012298	619	96.0841909649823	100
47	WGN36	100	2.97670091065957e-13	619	97.7929006848214	100
48	WGN36	99.7493718553308	0.759317632012299	619	96.0841909649823	100
49	WGN36	100	3.51622853822028e-13	619	97.7929006848212	100
51	WGN36	100	3.01042138738211e-13	619	97.7929006848213	100
52	WGN36	100	2.94298043393702e-13	619	97.7929006848214	100
54	WGN36	100	3.04414186410465e-13	619	97.7929006848213	100
55	WGN36	98.884094736418	2.25694206184151	619	90.2950993383318	100
56	WGN36	96.0977222864636	2.94082454326443	619	88.372903919816	99.7528506015222
57	WGN36	98.7339717240444	1.6978858416933	619	93.2976497716598	100
58	WGN36	98.9897948556632	1.51863526402428	619	93.8889984035315	100
59	WGN36	99.7493718553308	0.759317632012297	619	96.0841909649823	100
60	WGN36	98.9897948556632	1.51863526402425	619	93.8889984035316	100
62	WGN36	99.7493718553308	0.759317632012276	619	96.0841909649824	100
64	WGN36	100	3.14530329427226e-13	619	97.7929006848213	100
65	WGN36	100	3.2464647244399e-13	619	97.7929006848213	100
66	WGN36	99.9967891617134	0.121743496453663	619	95.3800102653179	100
68	WGN36	100	1.31560156795548e-15	619	95.8441091980801	100
69	WGN36	100	1.3156015679555e-15	619	95.8441091980801	100
70	WGN36	100	1.31560156795549e-15	619	95.84410919808	100
71	WGN36	100	1.31560156795549e-15	619	95.8441091980801	100
72	WGN36	100	1.31560156795549e-15	619	95.84410919808	100
74	WGN36	100	2.90925995721453e-13	619	97.7929006848213	100
75	WGN36	100	1.31560156795549e-15	619	95.84410919808	100
76	WGN36	100	2.74065757360177e-13	619	97.7929006848214	100
77	WGN36	100	2.77437805032431e-13	619	97.7929006848214	100
78	WGN36	100	2.8418190037694e-13	619	97.7929006848214	100
79	WGN36	100	1.31560156795549e-15	619	95.84410919808	100
81	WGN36	100	2.40345280637634e-13	619	97.7929006848214	100
82	WGN36	100	1.3156015679555e-15	619	95.84410919808	100
83	WGN36	100	1.3156015679555e-15	619	95.84410919808	100
84	WGN36	100	2.90925995721449e-13	619	97.7929006848213	100
85	WGN36	100	1.3156015679555e-15	619	95.84410919808	100
86	WGN36	100	2.94298043393703e-13	619	97.7929006848213	100
88	WGN36	97.4341649025251	2.40117318468375	619	90.6944828667005	99.9861704234535
89	WGN36	100	2.77437805032431e-13	619	97.7929006848214	100
90	WGN36	100	1.3156015679555e-15	619	95.84410919808	100
92	WGN36	100	1.3156015679555e-15	619	95.84410919808	100
94	WGN36	99.9967891617134	0.121743496453674	619	95.3800102653178	100
95	WGN36	100	2.94298043393704e-13	619	97.7929006848213	100
96	WGN36	99.7493718553308	0.759317632012369	619	96.0841909649822	100
97	WGN36	98.7339717240444	1.69788584169327	619	93.2976497716599	100
98	WGN36	98.7339717240444	1.69788584169329	619	93.2976497716599	100
100	WGN36	100	1.31560156795549e-15	619	95.84410919808	100
102	WGN36	99.9967891617134	0.121743496453677	619	95.3800102653179	100
104	WGN36	100	2.74065757360178e-13	619	97.7929006848214	100
105	WGN36	100	1.31560156795549e-15	619	95.84410919808	100
106	WGN36	100	2.97670091065956e-13	619	97.7929006848214	100
109	WGN36	100	1.3156015679555e-15	619	95.84410919808	100
110	WGN36	100	1.31560156795549e-15	619	95.84410919808	100
112	WGN36	100	1.3156015679555e-15	619	95.84410919808	100
116	WGN36	99.9967891617134	0.12174349645373	619	95.3800102653178	100
117	WGN36	100	2.94298043393703e-13	619	97.7929006848214	100
118	WGN36	99.497474683058	1.0738372933407	619	95.2348733332783	100
120	WGN36	96.0609040895825	2.95409932132924	619	88.3120266126902	99.7433419715707
121	WGN36	99.4974746830581	1.07383729334067	619	95.2348733332784	100
122	WGN36	100	3.14530329427229e-13	619	97.7929006848213	100
123	WGN36	99.4974746830581	1.07383729334067	619	95.2348733332784	100
124	WGN36	100	2.97670091065958e-13	619	97.7929006848213	100
125	WGN36	98.7339717240444	1.69788584169331	619	93.2976497716598	100
126	WGN36	98.9999999999996	1.51102300925127	619	93.9134814339383	100
127	WGN36	99.7493718553308	0.759317632012311	619	96.0841909649823	100
128	WGN36	100	1.31560156795549e-15	619	95.84410919808	100
129	WGN36	99.9967891617134	0.121743496453535	619	95.3800102653182	100
130	WGN36	100	2.97670091065959e-13	619	97.7929006848213	100
1	WGN38	99.7493718553308	0.759317632012315	619	96.0841909649819	100
3	WGN38	100	1.3156015679555e-15	619	95.8441091980797	100
4	WGN38	100	1.3156015679555e-15	619	95.8441091980797	100
5	WGN38	100	3.54994901494283e-13	619	97.7929006848212	100
6	WGN38	100	1.31560156795549e-15	619	95.8441091980797	100
7	WGN38	100	3.44878758477518e-13	619	97.7929006848212	100
8	WGN38	100	3.85343330544568e-13	619	97.7929006848212	100
10	WGN38	95.6152593375719	3.10948910848263	619	87.5854018569022	99.6180205124167
11	WGN38	100	1.3156015679555e-15	619	95.8441091980798	100
12	WGN38	100	1.3156015679555e-15	619	95.8441091980799	100
14	WGN38	100	1.31560156795548e-15	619	95.8441091980798	100
16	WGN38	100	1.31560156795547e-15	619	95.8441091980799	100
18	WGN38	100	1.3156015679555e-15	619	95.8441091980798	100
19	WGN38	99.9967891617134	0.121743496453769	619	95.3800102653177	100
20	WGN38	90.3374114271739	6.34781251580546	619	74.7005491709109	98.8990739363801
22	WGN38	100	3.38134663133011e-13	619	97.7929006848212	100
23	WGN38	81.622776601682	5.88164908652846	619	68.8469377483445	91.6068311117554
26	WGN38	99.7493718553307	0.759317632012393	619	96.0841909649821	100
27	WGN38	98.8840947364181	2.25694206184141	619	90.2950993383321	100
28	WGN38	100	4.66272474678675e-13	619	97.792900684821	100
29	WGN38	100	2.94298043393703e-13	619	97.7929006848213	100
30	WGN38	100	3.04414186410468e-13	619	97.7929006848213	100
32	WGN38	100	5.30341380451505e-13	619	97.7929006848209	100
33	WGN38	100	3.78599235200057e-13	619	97.7929006848212	100
35	WGN38	100	5.13481142090231e-13	619	97.7929006848209	100
36	WGN38	100	1.3156015679555e-15	619	95.8441091980798	100
37	WGN38	100	1.3156015679555e-15	619	95.8441091980798	100
38	WGN38	100	3.88715378216819e-13	619	97.7929006848212	100
39	WGN38	100	3.31390567788504e-13	619	97.7929006848212	100
40	WGN38	98.7339717240443	1.69788584169336	619	93.2976497716596	100
41	WGN38	99.9967891617134	0.121743496453555	619	95.380010265318	100
42	WGN38	100	1.3156015679555e-15	619	95.8441091980802	100
45	WGN38	98.7339717240443	1.69788584169333	619	93.2976497716598	100
46	WGN38	100	1.31560156795549e-15	619	95.8441091980798	100
47	WGN38	97.9583152331265	2.14767458668111	619	91.6859709384461	100
48	WGN38	99.9967891617134	0.121743496453793	619	95.3800102653176	100
49	WGN38	100	1.31560156795549e-15	619	95.84410919808	100
50	WGN38	100	3.58366949166535e-13	619	97.7929006848212	100
51	WGN38	100	1.31560156795549e-15	619	95.8441091980798	100
52	WGN38	99.7493718553308	0.75931763201236	619	96.0841909649822	100
53	WGN38	100	3.38134663133011e-13	619	97.7929006848212	100
54	WGN38	100	1.31560156795548e-15	619	95.8441091980799	100
55	WGN38	100	1.31560156795549e-15	619	95.8441091980798	100
56	WGN38	100	3.61738996838787e-13	619	97.7929006848212	100
59	WGN38	92.6975711163334	3.95113006174886	619	83.1680803799383	98.4575506539035
61	WGN38	100	3.5499490149428e-13	619	97.7929006848212	100
63	WGN38	100	3.44878758477517e-13	619	97.7929006848212	100
64	WGN38	99.9967891617134	0.121743496453754	619	95.3800102653178	100
65	WGN38	99.9967891617134	0.12174349645384	619	95.3800102653176	100
66	WGN38	100	1.3156015679555e-15	619	95.8441091980798	100
67	WGN38	99.497474683058	1.07383729334074	619	95.2348733332782	100
68	WGN38	88.7298334620728	4.80234636936724	619	77.7285341270983	96.3119092406032
69	WGN38	100	1.31560156795549e-15	619	95.8441091980798	100
70	WGN38	99.1096120205393	2.01832480879316	619	90.9556556610329	100
72	WGN38	88.7298334620726	4.80234636936731	619	77.7285341270979	96.3119092406031
73	WGN38	98.7339717240443	1.69788584169332	619	93.2976497716598	100
76	WGN38	99.2442890089801	1.31517671772801	619	94.5259148419549	100
77	WGN38	95.6152593375716	3.1094891084828	619	87.5854018569015	99.6180205124166
78	WGN38	100	3.51622853822025e-13	619	97.7929006848212	100
80	WGN38	99.9967891617134	0.121743496453755	619	95.3800102653177	100
81	WGN38	99.7493718553308	0.75931763201233	619	96.0841909649823	100
82	WGN38	100	3.51622853822028e-13	619	97.7929006848212	100
83	WGN38	99.9967891617134	0.121743496453745	619	95.3800102653177	100
84	WGN38	99.4974746830579	1.0738372933408	619	95.2348733332781	100
85	WGN38	100	1.3156015679555e-15	619	95.8441091980798	100
86	WGN38	100	3.51622853822027e-13	619	97.7929006848212	100
87	WGN38	100	1.31560156795549e-15	619	95.8441091980798	100
88	WGN38	99.9967891617134	0.121743496453768	619	95.3800102653177	100
89	WGN38	96.0977222864636	2.94082454326441	619	88.3729039198161	99.7528506015222
90	WGN38	99.7493718553308	0.759317632012347	619	96.0841909649822	100
91	WGN38	100	3.5499490149428e-13	619	97.7929006848212	100
92	WGN38	99.9967891617134	0.121743496453755	619	95.3800102653177	100
93	WGN38	100	1.31560156795549e-15	619	95.8441091980799	100
94	WGN38	97.0090607010482	2.58680343915227	619	89.9289820257575	99.9389927491209
95	WGN38	100	1.3156015679555e-15	619	95.8441091980801	100
96	WGN38	100	3.65111044511043e-13	619	97.7929006848212	100
97	WGN38	100	1.31560156795549e-15	619	95.8441091980798	100
98	WGN38	83.8684430703604	5.58587114746939	619	71.5657538345257	93.1810916059254
99	WGN38	100	3.07786234082721e-13	619	97.7929006848213	100
100	WGN38	97.434164902525	2.40117318468382	619	90.6944828667002	99.9861704234535
101	WGN38	100	3.61738996838788e-13	619	97.7929006848212	100
102	WGN38	100	3.58366949166534e-13	619	97.7929006848212	100
103	WGN38	100	3.9545947356133e-13	619	97.7929006848212	100
104	WGN38	100	1.3156015679555e-15	619	95.8441091980797	100
106	WGN38	99.7493718553308	0.759317632012348	619	96.0841909649822	100
107	WGN38	97.3716556369832	2.42946636228689	619	90.5799906091606	99.9811627161963
108	WGN38	85.355339059326	5.36918646670215	619	73.4062616655179	94.183106668105
109	WGN38	100	1.31560156795549e-15	619	95.8441091980798	100
110	WGN38	94.999999999999	3.30978882398924	619	86.6097569027651	99.4174643299123
111	WGN38	100	3.75227187527806e-13	619	97.7929006848212	100
113	WGN38	100	3.5499490149428e-13	619	97.7929006848212	100
114	WGN38	100	1.3156015679555e-15	619	95.8441091980798	100
115	WGN38	100	1.31560156795549e-15	619	95.8441091980799	100
1	WGN39	100	4.62900427006396e-13	619	97.7929006848212	100
2	WGN39	98.5422586969587	1.82014072170903	619	92.8778578522031	100
3	WGN39	99.9967891617134	0.121743496453945	619	95.3800102653174	100
4	WGN39	88.5889894354052	4.82842408801314	619	77.5434514801077	96.2277381044508
5	WGN39	100	4.79760665367691e-13	619	97.792900684821	100
6	WGN39	99.7493718553307	0.759317632012419	619	96.084190964982	100
7	WGN39	100	4.62900427006417e-13	619	97.792900684821	100
8	WGN39	40.5558273425379	10.5493281681073	619	21.2765125851021	61.4916541475519
9	WGN39	98.1555749742195	2.89088965612375	619	88.4221336759648	100
12	WGN39	100	1.31560156795552e-15	619	95.8441091980795	100
15	WGN39	99.7493718553307	0.759317632012445	619	96.084190964982	100
16	WGN39	100	4.32551997956131e-13	619	97.792900684821	100
17	WGN39	100	4.56156331661904e-13	619	97.7929006848211	100
18	WGN39	98.7339717240442	1.69788584169344	619	93.2976497716594	100
19	WGN39	90.3374114271735	6.34781251580553	619	74.7005491709104	98.8990739363799
21	WGN39	100	4.494122363174e-13	619	97.792900684821	100
24	WGN39	98.7339717240447	1.69788584169306	619	93.2976497716607	100
25	WGN39	99.9967891617134	0.121743496453282	619	95.3800102653186	100
26	WGN39	100	1.3156015679555e-15	619	95.8441091980791	100
27	WGN39	100	1.3156015679555e-15	619	95.8441091980781	100
29	WGN39	100	2.97670091065958e-13	619	97.7929006848213	100
30	WGN39	100	4.83132713039948e-13	619	97.7929006848209	100
31	WGN39	100	4.32551997956128e-13	619	97.7929006848211	100
32	WGN39	98.7339717240441	1.69788584169348	619	93.2976497716592	100
34	WGN39	100	5.33713428123758e-13	619	97.7929006848209	100
35	WGN39	100	1.31560156795548e-15	619	95.8441091980798	100
36	WGN39	100	1.31560156795552e-15	619	95.8441091980795	100
37	WGN39	99.9967891617134	0.121743496453934	619	95.3800102653175	100
39	WGN39	100	4.56156331661915e-13	619	97.792900684821	100
40	WGN39	99.7493718553307	0.759317632012451	619	96.0841909649819	100
41	WGN39	98.7339717240442	1.69788584169343	619	93.2976497716594	100
42	WGN39	100	4.29179950283876e-13	619	97.7929006848211	100
43	WGN39	100	3.21274424771739e-13	619	97.7929006848213	100
44	WGN39	100	1.3156015679555e-15	619	95.8441091980795	100
45	WGN39	100	1.31560156795549e-15	619	95.8441091980796	100
47	WGN39	100	4.22435854939364e-13	619	97.7929006848211	100
49	WGN39	100	4.49412236317398e-13	619	97.7929006848211	100
50	WGN39	100	1.31560156795549e-15	619	95.8441091980796	100
51	WGN39	99.24428900898	1.31517671772816	619	94.5259148419544	100
52	WGN39	99.7493718553307	0.759317632012464	619	96.0841909649819	100
53	WGN39	99.7493718553307	0.759317632012413	619	96.084190964982	100
54	WGN39	100	4.42668140972895e-13	619	97.792900684821	100
55	WGN39	100	1.31560156795549e-15	619	95.8441091980796	100
56	WGN39	100	1.31560156795549e-15	619	95.8441091980796	100
57	WGN39	100	1.31560156795549e-15	619	95.8441091980795	100
58	WGN39	99.4974746830579	1.07383729334082	619	95.234873333278	100
60	WGN39	100	4.39296093300638e-13	619	97.792900684821	100
61	WGN39	100	4.49412236317402e-13	619	97.792900684821	100
63	WGN39	100	4.73016570023184e-13	619	97.792900684821	100
64	WGN39	100	1.31560156795549e-15	619	95.8441091980796	100
65	WGN39	100	1.3156015679555e-15	619	95.8441091980794	100
66	WGN39	99.7493718553307	0.759317632012427	619	96.084190964982	100
67	WGN39	100	4.49412236317403e-13	619	97.792900684821	100
68	WGN39	94.7501204306833	4.79190370470757	619	81.6919061256655	99.9591438840882
69	WGN39	99.7493718553307	0.75931763201246	619	96.0841909649819	100
70	WGN39	99.9967891617134	0.121743496453869	619	95.3800102653175	100
71	WGN39	100	4.62900427006417e-13	619	97.792900684821	100
72	WGN39	100	1.3156015679555e-15	619	95.8441091980795	100
73	WGN39	100	1.3156015679555e-15	619	95.8441091980796	100
74	WGN39	100	1.31560156795549e-15	619	95.8441091980796	100
75	WGN39	98.7339717240441	1.69788584169346	619	93.2976497716593	100
76	WGN39	100	4.52784283989656e-13	619	97.792900684821	100
78	WGN39	99.7493718553307	0.75931763201246	619	96.0841909649819	100
79	WGN39	100	4.49412236317401e-13	619	97.792900684821	100
80	WGN39	99.9967891617134	0.121743496453907	619	95.3800102653174	100
81	WGN39	99.9967891617134	0.121743496453883	619	95.3800102653175	100
82	WGN39	100	4.56156331661909e-13	619	97.792900684821	100
83	WGN39	99.9967891617134	0.121743496453859	619	95.3800102653176	100
84	WGN39	100	5.2022523743474e-13	619	97.7929006848209	100
85	WGN39	98.4767985741626	1.85994075112825	619	92.7382812789142	100
86	WGN39	100	1.3156015679555e-15	619	95.8441091980797	100
90	WGN39	98.7339717240441	1.69788584169345	619	93.2976497716593	100
94	WGN39	100	4.29179950283874e-13	619	97.7929006848211	100
95	WGN39	100	4.66272474678673e-13	619	97.792900684821	100
96	WGN39	100	1.3156015679555e-15	619	95.8441091980796	100
98	WGN39	99.4974746830579	1.07383729334084	619	95.234873333278	100
101	WGN39	98.989794855663	1.51863526402445	619	93.888998403531	100
102	WGN39	100	4.42668140972893e-13	619	97.792900684821	100
104	WGN39	100	4.35924045628383e-13	619	97.7929006848211	100
106	WGN39	100	1.31560156795549e-15	619	95.8441091980796	100
107	WGN39	100	1.31560156795549e-15	619	95.8441091980796	100
108	WGN39	94.7213595499945	3.39577168338638	619	86.1770546292153	99.3174851893087
109	WGN39	100	4.52784283989655e-13	619	97.792900684821	100
110	WGN39	100	1.3156015679555e-15	619	95.8441091980796	100
111	WGN39	100	1.31560156795549e-15	619	95.8441091980796	100
112	WGN39	100	4.5615633166191e-13	619	97.792900684821	100
113	WGN39	100	1.31560156795549e-15	619	95.8441091980796	100
115	WGN39	99.7493718553307	0.759317632012454	619	96.0841909649819	100
116	WGN39	100	1.31560156795549e-15	619	95.8441091980796	100
117	WGN39	100	1.31560156795549e-15	619	95.8441091980796	100
118	WGN39	100	4.29179950283875e-13	619	97.7929006848211	100
122	WGN39	98.9999999999994	1.51102300925142	619	93.9134814339378	100
123	WGN39	100	4.96620903728962e-13	619	97.7929006848209	100
124	WGN39	100	1.31560156795549e-15	619	95.8441091980797	100
125	WGN39	21.8832683040345	6.27887164666904	619	10.9758948816877	35.2728984972297
128	WGN39	99.7493718553307	0.759317632012427	619	96.084190964982	100
130	WGN39	100	1.31560156795549e-15	619	95.8441091980796	100
1	WGN45	100	3.4825080614978e-13	619	97.7929006848211	100
2	WGN45	100	3.4487875847751e-13	619	97.7929006848213	100
4	WGN45	100	3.51622853822024e-13	619	97.7929006848212	100
5	WGN45	99.7493718553308	0.759317632012363	619	96.0841909649822	100
6	WGN45	100	3.58366949166537e-13	619	97.7929006848212	100
7	WGN45	100	3.41506710805259e-13	619	97.7929006848213	100
8	WGN45	100	1.31560156795549e-15	619	95.8441091980798	100
9	WGN45	99.7493718553308	0.759317632012341	619	96.0841909649822	100
10	WGN45	100	1.31560156795548e-15	619	95.8441091980799	100
11	WGN45	100	3.41506710805261e-13	619	97.7929006848213	100
12	WGN45	100	1.31560156795548e-15	619	95.8441091980799	100
13	WGN45	100	3.5499490149428e-13	619	97.7929006848212	100
14	WGN45	99.1096120205394	2.01832480879309	619	90.955655661033	100
15	WGN45	100	1.31560156795549e-15	619	95.8441091980799	100
16	WGN45	100	3.5499490149428e-13	619	97.7929006848212	100
17	WGN45	99.9967891617134	0.121743496453726	619	95.3800102653178	100
18	WGN45	100	3.68483092183294e-13	619	97.7929006848212	100
19	WGN45	100	1.31560156795549e-15	619	95.8441091980799	100
20	WGN45	99.7493718553308	0.759317632012379	619	96.0841909649821	100
22	WGN45	99.7493718553308	0.759317632012355	619	96.0841909649822	100
23	WGN45	100	1.31560156795549e-15	619	95.8441091980799	100
24	WGN45	100	1.31560156795548e-15	619	95.8441091980801	100
25	WGN45	99.9967891617134	0.121743496454177	619	95.380010265317	100
26	WGN45	99.9967891617134	0.121743496453883	619	95.3800102653175	100
28	WGN45	100	1.3156015679555e-15	619	95.8441091980795	100
29	WGN45	60.5545430072226	10.5006307695262	619	39.6141562643334	79.6436582536792
31	WGN45	99.7493718553308	0.759317632012287	619	96.0841909649824	100
32	WGN45	100	3.313905677885e-13	619	97.7929006848213	100
34	WGN45	99.7493718553307	0.759317632012505	619	96.0841909649818	100
35	WGN45	100	3.71855139855551e-13	619	97.7929006848212	100
37	WGN45	100	3.48250806149772e-13	619	97.7929006848212	100
38	WGN45	100	1.3156015679555e-15	619	95.8441091980799	100
40	WGN45	100	4.62900427006413e-13	619	97.792900684821	100
41	WGN45	100	3.28018520116245e-13	619	97.7929006848213	100
42	WGN45	100	1.31560156795549e-15	619	95.8441091980798	100
43	WGN45	100	1.4255589814226e-13	619	97.7929006848216	100
44	WGN45	100	3.41506710805261e-13	619	97.7929006848213	100
45	WGN45	99.497474683058	1.07383729334074	619	95.2348733332782	100
46	WGN45	99.7493718553308	0.759317632012331	619	96.0841909649823	100
47	WGN45	100	1.31560156795549e-15	619	95.8441091980799	100
48	WGN45	100	3.51622853822023e-13	619	97.7929006848213	100
49	WGN45	99.1096120205394	2.0183248087931	619	90.955655661033	100
50	WGN45	100	3.21274424771739e-13	619	97.7929006848213	100
52	WGN45	100	1.31560156795549e-15	619	95.8441091980799	100
53	WGN45	95.2441000603986	4.57276541109171	619	82.5602526724552	99.9921123519062
54	WGN45	100	1.31560156795549e-15	619	95.8441091980798	100
55	WGN45	99.7493718553308	0.759317632012331	619	96.0841909649823	100
56	WGN45	99.7493718553308	0.759317632012324	619	96.0841909649823	100
57	WGN45	100	1.31560156795549e-15	619	95.8441091980799	100
58	WGN45	100	3.44878758477516e-13	619	97.7929006848213	100
59	WGN45	100	3.41506710805266e-13	619	97.7929006848212	100
60	WGN45	69.4793874870278	9.89391419236699	619	48.9127234182095	86.629358403142
61	WGN45	100	1.31560156795549e-15	619	95.8441091980799	100
62	WGN45	100	1.31560156795548e-15	619	95.8441091980798	100
64	WGN45	100	2.63949614343414e-13	619	97.7929006848214	100
65	WGN45	100	1.31560156795549e-15	619	95.8441091980791	100
66	WGN45	100	3.51622853822027e-13	619	97.7929006848212	100
67	WGN45	100	1.31560156795549e-15	619	95.8441091980798	100
68	WGN45	100	3.61738996838789e-13	619	97.7929006848212	100
69	WGN45	100	3.38134663133008e-13	619	97.7929006848213	100
71	WGN45	100	3.44878758477517e-13	619	97.7929006848212	100
72	WGN45	100	1.31560156795549e-15	619	95.8441091980798	100
73	WGN45	99.9967891617134	0.121743496453754	619	95.3800102653177	100
74	WGN45	100	1.31560156795549e-15	619	95.8441091980799	100
75	WGN45	100	3.48250806149771e-13	619	97.7929006848212	100
76	WGN45	99.7493718553308	0.759317632012339	619	96.0841909649822	100
77	WGN45	100	3.51622853822026e-13	619	97.7929006848212	100
78	WGN45	95.2441000603988	4.57276541109159	619	82.5602526724556	99.9921123519062
80	WGN45	100	3.41506710805263e-13	619	97.7929006848212	100
81	WGN45	100	3.313905677885e-13	619	97.7929006848213	100
82	WGN45	100	1.31560156795549e-15	619	95.8441091980799	100
84	WGN45	100	4.05575616578095e-13	619	97.7929006848211	100
85	WGN45	99.9967891617134	0.121743496453749	619	95.3800102653178	100
86	WGN45	100	1.3156015679555e-15	619	95.8441091980798	100
87	WGN45	100	1.31560156795549e-15	619	95.8441091980799	100
88	WGN45	100	3.44878758477518e-13	619	97.7929006848212	100
89	WGN45	100	1.3156015679555e-15	619	95.8441091980798	100
90	WGN45	91.6898552677037	5.9307342445143	619	76.7293563695094	99.3379351729881
92	WGN45	100	3.3813466313301e-13	619	97.7929006848212	100
93	WGN45	99.7493718553308	0.759317632012335	619	96.0841909649822	100
94	WGN45	100	3.34762615460755e-13	619	97.7929006848212	100
95	WGN45	30.5206125129688	9.89391419236673	619	13.3706415968555	51.0872765817869
96	WGN45	100	1.31560156795549e-15	619	95.8441091980797	100
98	WGN45	100	3.41506710805263e-13	619	97.7929006848212	100
99	WGN45	100	1.31560156795549e-15	619	95.8441091980798	100
100	WGN45	100	3.41506710805263e-13	619	97.7929006848212	100
101	WGN45	95.6152593375717	3.10948910848276	619	87.5854018569017	99.6180205124167
102	WGN45	100	3.44878758477517e-13	619	97.7929006848212	100
103	WGN45	99.9967891617134	0.121743496453749	619	95.3800102653177	100
104	WGN45	100	3.34762615460754e-13	619	97.7929006848213	100
106	WGN45	100	3.38134663133009e-13	619	97.7929006848212	100
107	WGN45	98.7339717240443	1.69788584169334	619	93.2976497716597	100
108	WGN45	98.4767985741627	1.85994075112813	619	92.7382812789146	100
109	WGN45	100	3.38134663133009e-13	619	97.7929006848212	100
110	WGN45	100	3.41506710805263e-13	619	97.7929006848212	100
111	WGN45	100	1.31560156795549e-15	619	95.8441091980799	100
112	WGN45	100	1.31560156795549e-15	619	95.8441091980799	100
113	WGN45	69.4793874870278	9.89391419236698	619	48.9127234182095	86.6293584031419
114	WGN45	100	1.31560156795549e-15	619	95.8441091980799	100
116	WGN45	100	1.31560156795549e-15	619	95.8441091980798	100
117	WGN45	100	1.31560156795549e-15	619	95.8441091980799	100
118	WGN45	100	1.31560156795549e-15	619	95.8441091980799	100
119	WGN45	100	3.51622853822026e-13	619	97.7929006848212	100
120	WGN45	100	3.48250806149771e-13	619	97.7929006848212	100
121	WGN45	100	3.48250806149772e-13	619	97.7929006848212	100
122	WGN45	98.7339717240443	1.69788584169333	619	93.2976497716597	100
123	WGN45	100	3.48250806149772e-13	619	97.7929006848212	100
124	WGN45	100	3.48250806149772e-13	619	97.7929006848212	100
126	WGN45	100	3.48250806149772e-13	619	97.7929006848212	100
127	WGN45	100	1.31560156795549e-15	619	95.8441091980798	100
128	WGN45	100	1.31560156795549e-15	619	95.8441091980798	100
129	WGN45	100	3.48250806149772e-13	619	97.7929006848212	100
130	WGN45	100	1.31560156795549e-15	619	95.8441091980798	100
1	WGN46	99.7493718553307	0.759317632012439	619	96.084190964982	100
2	WGN46	96.0977222864635	2.94082454326445	619	88.3729039198159	99.7528506015222
3	WGN46	98.1314235093982	2.05642545012277	619	92.0279887492975	100
4	WGN46	100	1.3156015679555e-15	619	95.8441091980797	100
6	WGN46	98.1555749742197	2.89088965612355	619	88.4221336759654	100
7	WGN46	100	3.78599235200062e-13	619	97.7929006848212	100
8	WGN46	99.9967891617134	0.121743496453788	619	95.3800102653177	100
9	WGN46	100	3.6173899683879e-13	619	97.7929006848212	100
10	WGN46	100	3.88715378216823e-13	619	97.7929006848212	100
11	WGN46	100	3.81971282872314e-13	619	97.7929006848212	100
12	WGN46	99.9967891617134	0.121743496453807	619	95.3800102653176	100
13	WGN46	100	3.75227187527806e-13	619	97.7929006848212	100
14	WGN46	80.4513802940995	8.52056365275167	619	61.5401479354449	94.0214271246912
15	WGN46	93.3012701892207	3.79658816006029	619	84.0441421171054	98.7355901100972
16	WGN46	83.173497662464	5.6812367538475	619	70.716969181354	92.7013379846584
17	WGN46	100	3.75227187527805e-13	619	97.7929006848212	100
18	WGN46	98.4767985741627	1.85994075112812	619	92.7382812789146	100
19	WGN46	100	3.98831521233583e-13	619	97.7929006848212	100
20	WGN46	100	1.3156015679555e-15	619	95.8441091980798	100
21	WGN46	99.9967891617134	0.121743496453801	619	95.3800102653177	100
22	WGN46	100	3.7859923520006e-13	619	97.7929006848212	100
23	WGN46	100	3.75227187527806e-13	619	97.7929006848212	100
24	WGN46	100	9.29895907579639e-16	619	97.792900684822	100
25	WGN46	98.7339717240441	1.69788584169348	619	93.2976497716592	100
26	WGN46	97.4341649025247	2.40117318468397	619	90.6944828666996	99.9861704234534
27	WGN46	100	1.31560156795549e-15	619	95.8441091980799	100
28	WGN46	100	6.75339430358437e-13	619	97.7929006848206	100
29	WGN46	99.9967891617134	0.121743496453692	619	95.3800102653178	100
30	WGN46	97.3716556369829	2.42946636228706	619	90.5799906091599	99.9811627161963
31	WGN46	100	1.3156015679555e-15	619	95.8441091980797	100
32	WGN46	97.4341649025249	2.40117318468389	619	90.6944828666999	99.9861704234534
33	WGN46	100	1.29067707453242e-13	619	97.7929006848217	100
34	WGN46	98.7339717240444	1.69788584169332	619	93.2976497716598	100
36	WGN46	99.4974746830577	1.07383729334106	619	95.2348733332773	100
37	WGN46	99.7493718553308	0.759317632012345	619	96.0841909649822	100
38	WGN46	96.6630318022308	2.72746835507625	619	89.3260658929285	99.8803998901397
40	WGN46	100	1.31560156795549e-15	619	95.8441091980798	100
41	WGN46	100	2.97670091065958e-13	619	97.7929006848213	100
42	WGN46	100	1.3156015679555e-15	619	95.8441091980798	100
43	WGN46	100	4.0220356890584e-13	619	97.7929006848211	100
44	WGN46	100	1.31560156795549e-15	619	95.8441091980798	100
46	WGN46	97.4341649025249	2.40117318468386	619	90.6944828667	99.9861704234534
47	WGN46	100	1.3156015679555e-15	619	95.8441091980798	100
48	WGN46	100	3.78599235200061e-13	619	97.7929006848212	100
49	WGN46	100	3.8534333054457e-13	619	97.7929006848212	100
50	WGN46	99.497474683058	1.07383729334075	619	95.2348733332782	100
52	WGN46	100	3.71855139855552e-13	619	97.7929006848212	100
53	WGN46	100	1.3156015679555e-15	619	95.8441091980803	100
54	WGN46	100	3.68483092183298e-13	619	97.7929006848212	100
55	WGN46	90.337411427174	6.34781251580536	619	74.7005491709112	98.8990739363801
56	WGN46	89.9999999999986	4.55590579207226	619	79.4194517520613	97.0491893436511
57	WGN46	100	3.78599235200061e-13	619	97.7929006848212	100
58	WGN46	100	3.95459473561331e-13	619	97.7929006848212	100
59	WGN46	100	3.54994901494282e-13	619	97.7929006848212	100
60	WGN46	100	3.75227187527807e-13	619	97.7929006848212	100
61	WGN46	94.7213595499947	3.39577168338636	619	86.1770546292154	99.3174851893088
62	WGN46	97.0832090495546	2.55551358485905	619	90.0603976313494	99.9493277297735
63	WGN46	98.7339717240443	1.69788584169338	619	93.2976497716596	100
64	WGN46	100	3.81971282872314e-13	619	97.7929006848212	100
65	WGN46	100	3.81971282872312e-13	619	97.7929006848212	100
66	WGN46	98.7339717240443	1.69788584169336	619	93.2976497716596	100
67	WGN46	99.9967891617134	0.121743496453883	619	95.3800102653175	100
68	WGN46	100	3.85343330544569e-13	619	97.7929006848212	100
69	WGN46	100	3.61738996838791e-13	619	97.7929006848212	100
70	WGN46	92.6975711163334	3.95113006174891	619	83.1680803799381	98.4575506539035
71	WGN46	100	3.75227187527806e-13	619	97.7929006848212	100
72	WGN46	99.497474683058	1.07383729334078	619	95.2348733332781	100
73	WGN46	99.497474683058	1.07383729334077	619	95.2348733332782	100
74	WGN46	100	3.81971282872314e-13	619	97.7929006848212	100
75	WGN46	100	3.75227187527807e-13	619	97.7929006848212	100
76	WGN46	98.7339717240443	1.69788584169336	619	93.2976497716596	100
78	WGN46	100	3.88715378216824e-13	619	97.7929006848212	100
79	WGN46	100	3.684830921833e-13	619	97.7929006848212	100
80	WGN46	98.7339717240443	1.69788584169339	619	93.2976497716595	100
81	WGN46	94.7213595499946	3.39577168338637	619	86.1770546292154	99.3174851893088
82	WGN46	100	1.31560156795549e-15	619	95.8441091980798	100
83	WGN46	100	3.58366949166534e-13	619	97.7929006848212	100
84	WGN46	100	4.52784283989655e-13	619	97.792900684821	100
85	WGN46	100	3.6173899683879e-13	619	97.7929006848212	100
86	WGN46	100	3.75227187527806e-13	619	97.7929006848212	100
87	WGN46	94.7501204306834	4.79190370470755	619	81.6919061256655	99.9591438840882
88	WGN46	99.497474683058	1.07383729334076	619	95.2348733332782	100
89	WGN46	100	1.3156015679555e-15	619	95.8441091980797	100
90	WGN46	99.7493718553308	0.759317632012373	619	96.0841909649822	100
91	WGN46	98.7339717240443	1.69788584169338	619	93.2976497716596	100
92	WGN46	95.6152593375717	3.10948910848276	619	87.5854018569017	99.6180205124166
93	WGN46	100	3.85343330544569e-13	619	97.7929006848212	100
94	WGN46	99.497474683058	1.07383729334077	619	95.2348733332781	100
95	WGN46	100	3.71855139855553e-13	619	97.7929006848212	100
96	WGN46	90.6003748701049	4.43173460282622	619	80.2335740871766	97.3828132701618
98	WGN46	100	3.68483092183298e-13	619	97.7929006848212	100
101	WGN46	100	3.78599235200061e-13	619	97.7929006848212	100
102	WGN46	100	3.75227187527807e-13	619	97.7929006848212	100
103	WGN46	99.1096120205393	2.01832480879314	619	90.9556556610329	100
104	WGN46	98.7339717240443	1.69788584169337	619	93.2976497716596	100
106	WGN46	100	1.31560156795549e-15	619	95.8441091980798	100
107	WGN46	96.2191200987282	4.09798777079021	619	84.3547142321202	100
108	WGN46	100	1.3156015679555e-15	619	95.8441091980798	100
109	WGN46	95.6152593375716	3.10948910848276	619	87.5854018569016	99.6180205124166
110	WGN46	100	1.3156015679555e-15	619	95.8441091980798	100
111	WGN46	75.4891135833212	9.24198369458558	619	55.6380088088927	90.8694165983704
112	WGN46	100	3.75227187527807e-13	619	97.7929006848212	100
113	WGN46	99.7493718553308	0.759317632012374	619	96.0841909649821	100
114	WGN46	100	3.71855139855552e-13	619	97.7929006848212	100
115	WGN46	100	3.68483092183299e-13	619	97.7929006848212	100
116	WGN46	100	3.68483092183299e-13	619	97.7929006848212	100
117	WGN46	100	1.31560156795549e-15	619	95.8441091980798	100
118	WGN46	83.1734976624646	5.6812367538474	619	70.7169691813549	92.7013379846589
119	WGN46	100	3.78599235200061e-13	619	97.7929006848212	100
120	WGN46	100	1.3156015679555e-15	619	95.8441091980798	100
121	WGN46	99.7493718553308	0.759317632012374	619	96.0841909649822	100
122	WGN46	100	3.78599235200061e-13	619	97.7929006848212	100
123	WGN46	99.7493718553308	0.759317632012374	619	96.0841909649822	100
124	WGN46	100	1.3156015679555e-15	619	95.8441091980798	100
125	WGN46	100	3.75227187527807e-13	619	97.7929006848212	100
126	WGN46	98.4767985741627	1.85994075112817	619	92.7382812789144	100
127	WGN46	100	1.3156015679555e-15	619	95.8441091980798	100
128	WGN46	98.7339717240443	1.69788584169337	619	93.2976497716596	100
129	WGN46	100	3.75227187527807e-13	619	97.7929006848212	100
130	WGN46	100	3.75227187527807e-13	619	97.7929006848212	100
1	WGN55	98.7339717240442	1.69788584169345	619	93.2976497716594	100
2	WGN55	98.4767985741627	1.85994075112815	619	92.7382812789145	100
3	WGN55	90.3374114271738	6.34781251580546	619	74.7005491709108	98.8990739363801
4	WGN55	100	3.58366949166537e-13	619	97.7929006848212	100
5	WGN55	100	1.3156015679555e-15	619	95.8441091980799	100
6	WGN55	100	1.3156015679555e-15	619	95.8441091980798	100
7	WGN55	100	1.31560156795549e-15	619	95.8441091980798	100
8	WGN55	100	3.71855139855554e-13	619	97.7929006848212	100
9	WGN55	100	1.31560156795549e-15	619	95.8441091980798	100
10	WGN55	100	4.29179950283872e-13	619	97.7929006848211	100
11	WGN55	100	1.3156015679555e-15	619	95.8441091980797	100
12	WGN55	52.5031387529876	7.58365503215426	619	37.7196192451331	67.0656712277415
13	WGN55	98.7339717240443	1.69788584169336	619	93.2976497716596	100
14	WGN55	100	1.31560156795551e-15	619	95.8441091980797	100
15	WGN55	100	1.31560156795549e-15	619	95.8441091980797	100
16	WGN55	100	3.48250806149774e-13	619	97.7929006848212	100
17	WGN55	100	4.02203568905839e-13	619	97.7929006848211	100
18	WGN55	99.7493718553307	0.759317632012398	619	96.0841909649821	100
19	WGN55	98.4767985741626	1.85994075112819	619	92.7382812789144	100
20	WGN55	100	3.95459473561331e-13	619	97.7929006848212	100
21	WGN55	94.7213595499947	3.39577168338632	619	86.1770546292156	99.3174851893088
22	WGN55	100	3.75227187527805e-13	619	97.7929006848212	100
23	WGN55	98.7339717240442	1.69788584169339	619	93.2976497716595	100
24	WGN55	94.5107258321827	3.4590073984711	619	85.8533688210522	99.2384991432216
25	WGN55	99.4974746830578	1.07383729334099	619	95.2348733332775	100
26	WGN55	100	4.494122363174e-13	619	97.792900684821	100
27	WGN55	100	1.69532279520294e-13	619	97.7929006848216	100
28	WGN55	90.3374114271744	6.34781251580529	619	74.7005491709117	98.8990739363803
29	WGN55	100	3.81971282872315e-13	619	97.7929006848212	100
31	WGN55	100	4.93248856056707e-13	619	97.792900684821	100
32	WGN55	100	1.59416136503532e-13	619	97.7929006848216	100
33	WGN55	100	3.41506710805263e-13	619	97.7929006848212	100
35	WGN55	100	1.93136613226075e-13	619	97.7929006848215	100
36	WGN55	100	1.3156015679555e-15	619	95.8441091980804	100
37	WGN55	100	3.44878758477517e-13	619	97.7929006848212	100
38	WGN55	99.9967891617134	0.121743496453741	619	95.3800102653177	100
40	WGN55	100	1.31560156795549e-15	619	95.8441091980797	100
41	WGN55	98.7339717240441	1.69788584169347	619	93.2976497716593	100
42	WGN55	97.4341649025249	2.40117318468387	619	90.6944828667	99.9861704234534
43	WGN55	99.7493718553307	0.759317632012394	619	96.0841909649821	100
44	WGN55	99.9967891617134	0.121743496453826	619	95.3800102653176	100
47	WGN55	100	3.98831521233587e-13	619	97.7929006848211	100
48	WGN55	100	3.65111044511044e-13	619	97.7929006848212	100
49	WGN55	100	1.3156015679555e-15	619	95.8441091980797	100
50	WGN55	99.9967891617134	0.121743496453797	619	95.3800102653176	100
52	WGN55	100	1.3156015679555e-15	619	95.8441091980797	100
54	WGN55	100	3.75227187527807e-13	619	97.7929006848212	100
55	WGN55	99.7493718553307	0.759317632012388	619	96.0841909649821	100
56	WGN55	100	3.88715378216825e-13	619	97.7929006848211	100
57	WGN55	99.9967891617134	0.121743496453807	619	95.3800102653176	100
58	WGN55	100	1.31560156795549e-15	619	95.8441091980797	100
59	WGN55	96.0977222864634	2.9408245432645	619	88.3729039198157	99.7528506015222
60	WGN55	100	1.3156015679555e-15	619	95.8441091980797	100
62	WGN55	100	1.3156015679555e-15	619	95.8441091980797	100
65	WGN55	100	3.98831521233586e-13	619	97.7929006848211	100
66	WGN55	100	3.95459473561334e-13	619	97.7929006848211	100
69	WGN55	100	1.3156015679555e-15	619	95.8441091980798	100
70	WGN55	100	1.31560156795549e-15	619	95.8441091980797	100
72	WGN55	99.7493718553307	0.759317632012392	619	96.0841909649821	100
73	WGN55	100	3.8534333054457e-13	619	97.7929006848212	100
74	WGN55	100	1.31560156795549e-15	619	95.8441091980798	100
76	WGN55	100	3.85343330544569e-13	619	97.7929006848212	100
77	WGN55	100	1.31560156795549e-15	619	95.8441091980798	100
80	WGN55	100	3.98831521233587e-13	619	97.7929006848211	100
81	WGN55	100	1.3156015679555e-15	619	95.8441091980797	100
82	WGN55	99.497474683058	1.07383729334077	619	95.2348733332782	100
83	WGN55	100	1.31560156795549e-15	619	95.8441091980798	100
84	WGN55	100	1.3156015679555e-15	619	95.8441091980797	100
85	WGN55	100	3.81971282872316e-13	619	97.7929006848212	100
86	WGN55	100	1.31560156795549e-15	619	95.8441091980797	100
87	WGN55	100	1.31560156795549e-15	619	95.8441091980798	100
88	WGN55	25.4923244216073	9.36372719103825	619	9.79389961081269	45.4894063330502
89	WGN55	95.2441000603985	4.57276541109178	619	82.5602526724549	99.9921123519062
92	WGN55	92.6975711163332	3.95113006174896	619	83.1680803799379	98.4575506539034
93	WGN55	100	1.3156015679555e-15	619	95.8441091980798	100
95	WGN55	100	3.92087425889078e-13	619	97.7929006848211	100
97	WGN55	99.1096120205393	2.01832480879316	619	90.9556556610328	100
98	WGN55	100	3.88715378216824e-13	619	97.7929006848211	100
99	WGN55	100	1.31560156795549e-15	619	95.8441091980798	100
100	WGN55	100	3.81971282872316e-13	619	97.7929006848212	100
101	WGN55	100	3.8534333054457e-13	619	97.7929006848212	100
102	WGN55	100	3.88715378216824e-13	619	97.7929006848212	100
103	WGN55	100	3.85343330544569e-13	619	97.7929006848212	100
104	WGN55	100	1.31560156795549e-15	619	95.8441091980797	100
105	WGN55	100	3.71855139855553e-13	619	97.7929006848212	100
106	WGN55	99.7493718553307	0.759317632012389	619	96.0841909649821	100
107	WGN55	100	1.31560156795549e-15	619	95.8441091980797	100
108	WGN55	100	3.81971282872315e-13	619	97.7929006848212	100
109	WGN55	100	1.31560156795549e-15	619	95.8441091980797	100
111	WGN55	100	3.78599235200061e-13	619	97.7929006848212	100
112	WGN55	94.9999999999989	3.30978882398927	619	86.609756902765	99.4174643299123
113	WGN55	100	3.92087425889078e-13	619	97.7929006848212	100
114	WGN55	100	3.88715378216824e-13	619	97.7929006848212	100
115	WGN55	100	3.88715378216824e-13	619	97.7929006848212	100
116	WGN55	85.3553390593256	5.36918646670224	619	73.4062616655173	94.1831066681048
117	WGN55	50.5666334963385	10.7420121882793	619	30.0421030207454	70.9917762068738
118	WGN55	100	3.92087425889078e-13	619	97.7929006848211	100
119	WGN55	98.7339717240443	1.69788584169338	619	93.2976497716596	100
120	WGN55	95.2441000603986	4.57276541109173	619	82.5602526724551	99.9921123519062
121	WGN55	100	1.31560156795549e-15	619	95.8441091980798	100
122	WGN55	99.9967891617134	0.121743496453816	619	95.3800102653176	100
123	WGN55	100	1.31560156795549e-15	619	95.8441091980797	100
124	WGN55	100	3.8534333054457e-13	619	97.7929006848212	100
125	WGN55	99.497474683058	1.07383729334077	619	95.2348733332781	100
126	WGN55	99.7493718553307	0.759317632012387	619	96.0841909649821	100
128	WGN55	99.497474683058	1.07383729334077	619	95.2348733332781	100
129	WGN55	100	3.8534333054457e-13	619	97.7929006848212	100
130	WGN55	82.5708022183303	5.76110023563496	619	69.9863562539522	92.2797683718733
1	WGN63	100	3.71855139855553e-13	619	97.7929006848212	100
2	WGN63	100	1.31560156795549e-15	619	95.8441091980798	100
3	WGN63	99.1096120205393	2.0183248087931	619	90.955655661033	100
4	WGN63	100	1.31560156795549e-15	619	95.8441091980798	100
5	WGN63	100	3.65111044511046e-13	619	97.7929006848212	100
6	WGN63	97.4341649025249	2.40117318468383	619	90.6944828667002	99.9861704234535
8	WGN63	100	3.75227187527807e-13	619	97.7929006848212	100
9	WGN63	99.9967891617134	0.121743496453865	619	95.3800102653175	100
10	WGN63	93.3012701892206	3.79658816006035	619	84.0441421171052	98.7355901100972
12	WGN63	100	3.78599235200063e-13	619	97.7929006848212	100
13	WGN63	98.5422586969589	1.82014072170886	619	92.8778578522037	100
16	WGN63	100	1.3156015679555e-15	619	95.8441091980797	100
17	WGN63	100	1.3156015679555e-15	619	95.8441091980797	100
18	WGN63	100	2.74065757360178e-13	619	97.7929006848214	100
19	WGN63	100	3.88715378216825e-13	619	97.7929006848211	100
20	WGN63	100	3.44878758477519e-13	619	97.7929006848212	100
21	WGN63	100	3.81971282872315e-13	619	97.7929006848212	100
22	WGN63	100	1.31560156795549e-15	619	95.8441091980797	100
23	WGN63	100	3.81971282872316e-13	619	97.7929006848212	100
24	WGN63	100	1.31560156795549e-15	619	95.8441091980807	100
27	WGN63	93.930162881157	3.62613974183705	619	84.9750616621894	99.0069348036981
28	WGN63	99.4974746830581	1.07383729334064	619	95.2348733332785	100
29	WGN63	99.7493718553308	0.759317632012376	619	96.0841909649822	100
30	WGN63	100	1.31560156795549e-15	619	95.8441091980805	100
32	WGN63	99.9967891617134	0.121743496453616	619	95.380010265318	100
34	WGN63	99.1096120205394	2.01832480879305	619	90.9556556610331	100
36	WGN63	100	1.31560156795549e-15	619	95.8441091980804	100
39	WGN63	98.1555749742197	2.89088965612362	619	88.4221336759652	100
41	WGN63	94.7213595499946	3.39577168338639	619	86.1770546292153	99.3174851893088
42	WGN63	100	4.12319711922604e-13	619	97.7929006848211	100
44	WGN63	100	1.3156015679555e-15	619	95.8441091980797	100
45	WGN63	95.2441000603984	4.57276541109181	619	82.5602526724548	99.9921123519062
46	WGN63	100	1.31560156795549e-15	619	95.8441091980797	100
48	WGN63	100	1.3156015679555e-15	619	95.8441091980797	100
49	WGN63	97.0832090495546	2.55551358485907	619	90.0603976313493	99.9493277297735
50	WGN63	98.1555749742197	2.89088965612359	619	88.4221336759653	100
51	WGN63	100	3.88715378216824e-13	619	97.7929006848212	100
52	WGN63	100	3.95459473561331e-13	619	97.7929006848212	100
53	WGN63	97.4341649025249	2.40117318468386	619	90.6944828667001	99.9861704234534
54	WGN63	100	3.8534333054457e-13	619	97.7929006848212	100
56	WGN63	99.9967891617134	0.121743496453826	619	95.3800102653176	100
57	WGN63	100	3.8534333054457e-13	619	97.7929006848212	100
58	WGN63	100	3.95459473561332e-13	619	97.7929006848211	100
60	WGN63	100	1.31560156795549e-15	619	95.8441091980798	100
61	WGN63	99.4974746830579	1.07383729334079	619	95.2348733332781	100
62	WGN63	97.4341649025248	2.40117318468389	619	90.6944828666999	99.9861704234534
64	WGN63	100	1.31560156795549e-15	619	95.8441091980797	100
65	WGN63	100	3.95459473561332e-13	619	97.7929006848211	100
66	WGN63	100	4.08947664250349e-13	619	97.7929006848211	100
67	WGN63	100	1.31560156795549e-15	619	95.8441091980797	100
68	WGN63	97.4341649025249	2.40117318468386	619	90.6944828667	99.9861704234534
69	WGN63	100	1.31560156795549e-15	619	95.8441091980797	100
70	WGN63	100	3.88715378216825e-13	619	97.7929006848211	100
72	WGN63	100	3.95459473561333e-13	619	97.7929006848211	100
73	WGN63	100	3.95459473561333e-13	619	97.7929006848211	100
75	WGN63	100	3.92087425889078e-13	619	97.7929006848212	100
76	WGN63	100	1.31560156795549e-15	619	95.8441091980797	100
78	WGN63	100	1.3156015679555e-15	619	95.8441091980797	100
79	WGN63	100	1.31560156795549e-15	619	95.8441091980797	100
80	WGN63	100	3.78599235200061e-13	619	97.7929006848212	100
81	WGN63	99.9967891617134	0.121743496453831	619	95.3800102653176	100
82	WGN63	99.7493718553307	0.759317632012406	619	96.0841909649821	100
83	WGN63	97.3716556369831	2.42946636228693	619	90.5799906091604	99.9811627161963
84	WGN63	91.8330013267025	4.15895395364409	619	81.9395720869267	98.0332470232779
85	WGN63	99.4974746830579	1.07383729334083	619	95.234873333278	100
86	WGN63	100	1.3156015679555e-15	619	95.8441091980797	100
87	WGN63	100	3.92087425889078e-13	619	97.7929006848212	100
88	WGN63	100	1.31560156795549e-15	619	95.8441091980797	100
90	WGN63	100	1.31560156795549e-15	619	95.8441091980797	100
92	WGN63	100	1.31560156795549e-15	619	95.8441091980797	100
93	WGN63	100	3.92087425889078e-13	619	97.7929006848211	100
94	WGN63	100	3.92087425889078e-13	619	97.7929006848211	100
95	WGN63	100	1.31560156795549e-15	619	95.8441091980797	100
96	WGN63	100	3.98831521233587e-13	619	97.7929006848211	100
97	WGN63	100	3.88715378216825e-13	619	97.7929006848211	100
98	WGN63	99.9967891617134	0.121743496453812	619	95.3800102653176	100
99	WGN63	99.9967891617134	0.121743496453826	619	95.3800102653176	100
100	WGN63	99.497474683058	1.07383729334078	619	95.2348733332781	100
101	WGN63	99.9967891617134	0.121743496453821	619	95.3800102653176	100
102	WGN63	100	3.92087425889078e-13	619	97.7929006848212	100
103	WGN63	100	3.92087425889079e-13	619	97.7929006848211	100
105	WGN63	98.7339717240442	1.69788584169339	619	93.2976497716595	100
106	WGN63	100	1.31560156795549e-15	619	95.8441091980797	100
109	WGN63	100	1.31560156795549e-15	619	95.8441091980797	100
111	WGN63	99.7493718553307	0.75931763201239	619	96.0841909649821	100
112	WGN63	88.7298334620726	4.8023463693673	619	77.7285341270979	96.3119092406031
114	WGN63	100	3.95459473561332e-13	619	97.7929006848211	100
115	WGN63	100	3.92087425889078e-13	619	97.7929006848212	100
116	WGN63	99.9967891617134	0.121743496453816	619	95.3800102653176	100
117	WGN63	99.9967891617134	0.121743496453811	619	95.3800102653176	100
119	WGN63	99.7493718553307	0.759317632012383	619	96.0841909649821	100
122	WGN63	100	1.3156015679555e-15	619	95.8441091980797	100
123	WGN63	99.1096120205393	2.01832480879317	619	90.9556556610328	100
124	WGN63	100	1.3156015679555e-15	619	95.8441091980797	100
125	WGN63	100	1.31560156795549e-15	619	95.8441091980797	100
126	WGN63	100	3.92087425889078e-13	619	97.7929006848212	100
127	WGN63	100	1.31560156795549e-15	619	95.8441091980797	100
128	WGN63	100	1.31560156795549e-15	619	95.8441091980797	100
129	WGN63	100	3.92087425889078e-13	619	97.7929006848212	100
130	WGN63	100	3.92087425889078e-13	619	97.7929006848212	100
