plantID3	famID	emmean	SE	df	lower.CL	upper.CL
1	WGN07	37.8333333333393	2.12173225500543	1114	33.6702914546254	41.9963752120533
2	WGN07	38.4166666666684	2.12173225500775	1114	34.2536247879499	42.5797085453868
3	WGN07	33.5000000000101	2.12173225500757	1114	29.336958121292	37.6630418787283
4	WGN07	27.8333333333352	2.12173225500768	1114	23.6702914546169	31.9963752120536
5	WGN07	38.1666666666667	2.12173225500777	1114	34.0036247879482	42.3297085453853
6	WGN07	24.2500000000006	2.12173225500769	1114	20.0869581212822	28.4130418787189
7	WGN07	31.0000000000008	2.12173225500763	1114	26.8369581212825	35.163041878719
8	WGN07	38.0000000000006	2.12173225500768	1114	33.8369581212823	42.163041878719
9	WGN07	44.3333333333337	2.12173225500769	1114	40.1702914546154	48.4963752120521
10	WGN07	32.6666666666671	2.12173225500768	1114	28.5036247879487	36.8297085453854
11	WGN07	36.3333333333337	2.1217322550077	1114	32.1702914546153	40.4963752120521
12	WGN07	32.5000000000002	2.12173225500773	1114	28.3369581212818	36.6630418787186
13	WGN07	36.0000000000003	2.12173225500775	1114	31.8369581212818	40.1630418787188
14	WGN07	39.3333333333337	2.12173225500767	1114	35.1702914546154	43.496375212052
15	WGN07	40.3333333333338	2.12173225500772	1114	36.1702914546154	44.4963752120522
16	WGN07	32.0000000000003	2.12173225500763	1114	27.8369581212821	36.1630418787186
17	WGN07	43.4166666666671	2.1217322550077	1114	39.2536247879487	47.5797085453854
18	WGN07	37.5000000000004	2.12173225500774	1114	33.3369581212819	41.6630418787189
20	WGN07	30.5833333333336	2.12173225500767	1114	26.4202914546152	34.7463752120519
21	WGN07	38.8333333333339	2.12173225500773	1114	34.6702914546155	42.9963752120524
22	WGN07	34.5833333333339	2.12173225500771	1114	30.4202914546155	38.7463752120523
23	WGN07	43.6430194319886	3.0012552317022	1114	37.7542692426988	49.5317696212784
24	WGN07	34.5000000000009	2.12173225500766	1114	30.3369581212826	38.6630418787192
25	WGN07	36.0000000000004	2.1217322550077	1114	31.836958121282	40.1630418787187
26	WGN07	34.4166666666672	2.12173225500766	1114	30.2536247879489	38.5797085453854
27	WGN07	41.6666666666669	2.1217322550077	1114	37.5036247879485	45.8297085453853
28	WGN07	41.0000000000004	2.12173225500768	1114	36.8369581212821	45.1630418787188
29	WGN07	31.8333333333334	2.12173225500772	1114	27.6702914546149	35.9963752120518
30	WGN07	37.5000000000004	2.12173225500763	1114	33.3369581212822	41.6630418787187
31	WGN07	36.7499999999999	2.12173225500771	1114	32.5869581212815	40.9130418787183
32	WGN07	38.5833333333338	2.1217322550077	1114	34.4202914546154	42.7463752120522
33	WGN07	38.5833333333336	2.12173225500761	1114	34.4202914546154	42.7463752120518
34	WGN07	39.8333333333338	2.12173225500771	1114	35.6702914546154	43.9963752120522
35	WGN07	41.3333333333336	2.12173225500769	1114	37.1702914546153	45.496375212052
36	WGN07	36.8333333333337	2.1217322550077	1114	32.6702914546153	40.9963752120521
37	WGN07	35.666666666667	2.12173225500772	1114	31.5036247879486	39.8297085453854
38	WGN07	34.9166666666673	2.12173225500768	1114	30.753624787949	39.0797085453857
39	WGN07	28.8333333333334	2.12173225500774	1114	24.6702914546149	32.9963752120519
40	WGN07	29.666666666667	2.12173225500772	1114	25.5036247879486	33.8297085453854
41	WGN07	35.9166666666671	2.12173225500772	1114	31.7536247879486	40.0797085453855
42	WGN07	38.2500000000003	2.12173225500768	1114	34.0869581212819	42.4130418787186
44	WGN07	27.2500000000002	2.12173225500772	1114	23.0869581212817	31.4130418787186
46	WGN07	30.8333333333338	2.12173225500766	1114	26.6702914546155	34.9963752120521
47	WGN07	30.8333333333336	2.1217322550077	1114	26.6702914546152	34.9963752120519
48	WGN07	36.8333333333337	2.12173225500774	1114	32.6702914546153	40.9963752120522
49	WGN07	38.3333333333337	2.1217322550077	1114	34.1702914546154	42.4963752120521
50	WGN07	43.6666666666671	2.12173225500769	1114	39.5036247879488	47.8297085453855
51	WGN07	39.8333333333338	2.12173225500774	1114	35.6702914546154	43.9963752120523
52	WGN07	29.0000000000001	2.12173225500775	1114	24.8369581212816	33.1630418787186
53	WGN07	41.9166666666672	2.12173225500767	1114	37.7536247879489	46.0797085453856
54	WGN07	33.583333333334	2.12173225500763	1114	29.4202914546157	37.7463752120522
55	WGN07	39.1666666666673	2.12173225500771	1114	35.0036247879489	43.3297085453856
56	WGN07	30.8333333333338	2.1217322550077	1114	26.6702914546155	34.9963752120522
57	WGN07	36.5000000000003	2.12173225500771	1114	32.3369581212819	40.6630418787187
58	WGN07	38.6666666666672	2.1217322550077	1114	34.5036247879488	42.8297085453855
59	WGN07	35.0833333333339	2.12173225500772	1114	30.9202914546155	39.2463752120523
60	WGN07	39.6666666666673	2.12173225500767	1114	35.503624787949	43.8297085453856
61	WGN07	44.9166666666672	2.12173225500774	1114	40.7536247879487	49.0797085453856
63	WGN07	39.0000000000002	2.12173225500769	1114	34.8369581212819	43.1630418787186
64	WGN07	33.666666666667	2.12173225500771	1114	29.5036247879486	37.8297085453854
66	WGN07	37.8333333333332	2.12173225500767	1114	33.6702914546149	41.9963752120515
67	WGN07	26.5000000000004	2.12173225500768	1114	22.336958121282	30.6630418787187
68	WGN07	26.5000000000005	2.12173225500767	1114	22.3369581212822	30.6630418787188
69	WGN07	39.3096860986552	3.00125523170222	1114	33.4209359093654	45.1984362879451
71	WGN07	33.2500000000005	2.12173225500769	1114	29.0869581212821	37.4130418787188
73	WGN07	39.7500000000008	2.12173225500773	1114	35.5869581212824	43.9130418787193
74	WGN07	36.8333333333334	2.12173225500775	1114	32.670291454615	40.9963752120519
75	WGN07	33.166666666667	2.12173225500769	1114	29.0036247879487	37.3297085453854
76	WGN07	34.5000000000004	2.12173225500771	1114	30.336958121282	38.6630418787188
77	WGN07	35.8333333333337	2.12173225500769	1114	31.6702914546153	39.996375212052
78	WGN07	34.0000000000004	2.1217322550077	1114	29.836958121282	38.1630418787188
79	WGN07	39.5833333333337	2.12173225500766	1114	35.4202914546154	43.746375212052
80	WGN07	37.5833333333339	2.12173225500769	1114	33.4202914546156	41.7463752120523
81	WGN07	38.3333333333339	2.12173225500768	1114	34.1702914546155	42.4963752120522
82	WGN07	32.166666666667	2.1217322550077	1114	28.0036247879487	36.3297085453854
83	WGN07	29.666666666667	2.12173225500772	1114	25.5036247879486	33.8297085453854
84	WGN07	36.7500000000004	2.12173225500768	1114	32.586958121282	40.9130418787187
85	WGN07	34.7500000000005	2.12173225500769	1114	30.5869581212821	38.9130418787188
86	WGN07	35.4166666666672	2.12173225500766	1114	31.2536247879488	39.5797085453855
87	WGN07	35.6666666666669	2.12173225500774	1114	31.5036247879484	39.8297085453853
88	WGN07	42.2500000000003	2.12173225500768	1114	38.086958121282	46.4130418787186
89	WGN07	30.0833333333339	2.12173225500766	1114	25.9202914546156	34.2463752120522
90	WGN07	45.1666666666667	2.12173225500767	1114	41.0036247879484	49.329708545385
91	WGN07	33.8333333333337	2.12173225500767	1114	29.6702914546154	37.9963752120521
92	WGN07	36.8569805680123	3.00125523170201	1114	30.9682303787229	42.7457307573017
93	WGN07	34.2500000000004	2.12173225500769	1114	30.0869581212821	38.4130418787188
94	WGN07	30.7500000000003	2.12173225500771	1114	26.586958121282	34.9130418787187
95	WGN07	38.7500000000005	2.12173225500769	1114	34.5869581212821	42.9130418787189
96	WGN07	31.666666666667	2.12173225500772	1114	27.5036247879486	35.8297085453854
97	WGN07	37.143019431988	3.00125523170206	1114	31.2542692426985	43.0317696212775
98	WGN07	35.5833333333337	2.12173225500771	1114	31.4202914546153	39.7463752120521
99	WGN07	38.5000000000004	2.1217322550077	1114	34.336958121282	42.6630418787188
100	WGN07	39.8333333333339	2.12173225500771	1114	35.6702914546155	43.9963752120523
101	WGN07	39.3333333333337	2.12173225500769	1114	35.1702914546154	43.4963752120521
102	WGN07	40.6666666666673	2.1217322550077	1114	36.503624787949	44.8297085453857
103	WGN07	33.916666666667	2.1217322550077	1114	29.7536247879486	38.0797085453854
104	WGN07	36.3333333333337	2.12173225500771	1114	32.1702914546153	40.4963752120521
105	WGN07	34.0833333333337	2.12173225500772	1114	29.9202914546152	38.2463752120521
106	WGN07	37.4166666666672	2.1217322550077	1114	33.2536247879488	41.5797085453856
107	WGN07	38.833333333334	2.12173225500772	1114	34.6702914546156	42.9963752120524
108	WGN07	37.6666666666671	2.12173225500771	1114	33.5036247879487	41.8297085453855
109	WGN07	36.5236472346789	3.00125523170218	1114	30.6348970453892	42.4123974239687
110	WGN07	38.6666666666672	2.12173225500771	1114	34.5036247879488	42.8297085453856
112	WGN07	31.833333333334	2.12173225500767	1114	27.6702914546156	35.9963752120523
113	WGN07	32.166666666667	2.12173225500768	1114	28.0036247879487	36.3297085453854
114	WGN07	30.4166666666669	2.12173225500768	1114	26.2536247879486	34.5797085453853
115	WGN07	45.5833333333337	2.1217322550077	1114	41.4202914546153	49.7463752120521
116	WGN07	37.8333333333338	2.12173225500774	1114	33.6702914546153	41.9963752120522
117	WGN07	41.166666666667	2.12173225500767	1114	37.0036247879487	45.3297085453854
118	WGN07	38.6666666666671	2.12173225500768	1114	34.5036247879488	42.8297085453855
119	WGN07	36.8333333333337	2.1217322550077	1114	32.6702914546154	40.9963752120521
120	WGN07	41.5833333333336	2.1217322550077	1114	37.4202914546153	45.746375212052
121	WGN07	37.8333333333347	2.12173225500777	1114	33.6702914546162	41.9963752120532
122	WGN07	41.809686098655	3.00125523170205	1114	35.9209359093655	47.6984362879445
123	WGN07	39.666666666667	2.12173225500767	1114	35.5036247879487	43.8297085453853
124	WGN07	40.6666666666671	2.12173225500767	1114	36.5036247879487	44.8297085453854
125	WGN07	28.3333333333338	2.12173225500765	1114	24.1702914546155	32.4963752120521
126	WGN07	36.5000000000001	2.1217322550077	1114	32.3369581212818	40.6630418787185
127	WGN07	39.1666666666675	2.12173225500769	1114	35.0036247879492	43.3297085453859
128	WGN07	34.7500000000004	2.12173225500773	1114	30.5869581212819	38.9130418787188
129	WGN07	38.0833333333337	2.12173225500771	1114	33.9202914546153	42.2463752120521
130	WGN07	32.0000000000004	2.12173225500772	1114	27.8369581212819	36.1630418787188
1	WGN15	40.8333333333295	2.1217322550074	1114	36.6702914546118	44.9963752120473
2	WGN15	39.2499999999999	2.12173225500766	1114	35.0869581212816	43.4130418787182
3	WGN15	39.4999999999997	2.1217322550077	1114	35.3369581212813	43.6630418787181
4	WGN15	34.7499999999995	2.12173225500773	1114	30.586958121281	38.9130418787179
5	WGN15	36.7499999999997	2.12173225500771	1114	32.5869581212813	40.913041878718
7	WGN15	40.1666666666664	2.12173225500765	1114	36.0036247879481	44.3297085453846
8	WGN15	42.4999999999998	2.12173225500773	1114	38.3369581212813	46.6630418787182
9	WGN15	36.833333333333	2.12173225500771	1114	32.6702914546146	40.9963752120514
10	WGN15	38.2499999999997	2.1217322550077	1114	34.0869581212813	42.4130418787181
11	WGN15	40.4999999999998	2.1217322550077	1114	36.3369581212815	44.6630418787182
12	WGN15	37.4666666666663	2.12173225500771	1114	33.303624787948	41.6297085453847
13	WGN15	38.7499999999998	2.12173225500768	1114	34.5869581212814	42.9130418787181
14	WGN15	41.4166666666664	2.1217322550077	1114	37.253624787948	45.5797085453848
15	WGN15	34.3333333333329	2.12173225500773	1114	30.1702914546144	38.4963752120513
16	WGN15	42.4999999999998	2.12173225500776	1114	38.3369581212813	46.6630418787183
17	WGN15	44.4999999999998	2.12173225500771	1114	40.3369581212814	48.6630418787182
18	WGN15	39.1666666666663	2.12173225500775	1114	35.0036247879478	43.3297085453848
19	WGN15	36.4166666666664	2.12173225500768	1114	32.2536247879481	40.5797085453848
20	WGN15	44.4166666666664	2.1217322550077	1114	40.253624787948	48.5797085453848
21	WGN15	38.4999999999996	2.12173225500771	1114	34.3369581212812	42.663041878718
22	WGN15	35.0833333333331	2.1217322550077	1114	30.9202914546147	39.2463752120514
23	WGN15	42.9999999999997	2.12173225500767	1114	38.8369581212813	47.163041878718
24	WGN15	24.0000000000009	2.12173225500762	1114	19.8369581212826	28.1630418787191
25	WGN15	37.3333333333332	2.12173225500766	1114	33.1702914546149	41.4963752120515
26	WGN15	39.4999999999997	2.12173225500765	1114	35.3369581212814	43.663041878718
27	WGN15	37.4999999999998	2.12173225500767	1114	33.3369581212815	41.6630418787181
28	WGN15	44.833333333333	2.1217322550077	1114	40.6702914546147	48.9963752120514
29	WGN15	38.9999999999997	2.12173225500769	1114	34.8369581212814	43.1630418787181
30	WGN15	41.4999999999996	2.12173225500768	1114	37.3369581212813	45.663041878718
31	WGN15	36.4999999999997	2.1217322550077	1114	32.3369581212813	40.6630418787181
32	WGN15	40.9999999999997	2.12173225500769	1114	36.8369581212813	45.163041878718
33	WGN15	44.4999999999998	2.12173225500768	1114	40.3369581212815	48.6630418787181
34	WGN15	46.9999999999996	2.12173225500768	1114	42.8369581212812	51.1630418787179
35	WGN15	49.3333333333331	2.12173225500774	1114	45.1702914546147	53.4963752120516
36	WGN15	47.1666666666662	2.12173225500768	1114	43.0036247879478	51.3297085453845
37	WGN15	37.083333333333	2.12173225500768	1114	32.9202914546147	41.2463752120514
38	WGN15	31.4999999999996	2.1217322550077	1114	27.3369581212813	35.663041878718
39	WGN15	40.1666666666663	2.12173225500764	1114	36.0036247879481	44.3297085453846
40	WGN15	37.4166666666663	2.12173225500769	1114	33.253624787948	41.5797085453847
41	WGN15	35.9999999999997	2.12173225500767	1114	31.8369581212814	40.1630418787181
43	WGN15	38.1666666666663	2.12173225500771	1114	34.0036247879479	42.3297085453847
44	WGN15	37.9999999999997	2.12173225500769	1114	33.8369581212814	42.1630418787181
45	WGN15	37.3333333333331	2.12173225500766	1114	33.1702914546148	41.4963752120514
46	WGN15	43.2499999999996	2.12173225500765	1114	39.0869581212813	47.4130418787179
47	WGN15	37.5000000000003	2.12173225500767	1114	33.336958121282	41.6630418787186
48	WGN15	33.8333333333331	2.12173225500768	1114	29.6702914546147	37.9963752120514
50	WGN15	39.4999999999997	2.12173225500774	1114	35.3369581212813	43.6630418787182
51	WGN15	36.9999999999997	2.12173225500772	1114	32.8369581212812	41.1630418787181
52	WGN15	36.0833333333329	2.12173225500772	1114	31.9202914546145	40.2463752120514
53	WGN15	33.4999999999997	2.1217322550077	1114	29.3369581212813	37.663041878718
54	WGN15	41.1666666666663	2.1217322550077	1114	37.0036247879479	45.3297085453847
55	WGN15	38.7499999999996	2.12173225500773	1114	34.5869581212812	42.913041878718
56	WGN15	33.6666666666662	2.1217322550077	1114	29.5036247879479	37.8297085453846
57	WGN15	32.5833333333331	2.12173225500768	1114	28.4202914546148	36.7463752120514
58	WGN15	42.4166666666664	2.12173225500769	1114	38.253624787948	46.5797085453847
59	WGN15	36.4999999999996	2.1217322550077	1114	32.3369581212813	40.663041878718
60	WGN15	41.333333333333	2.12173225500767	1114	37.1702914546147	45.4963752120513
61	WGN15	37.7499999999997	2.12173225500771	1114	33.5869581212813	41.913041878718
62	WGN15	37.833333333333	2.12173225500768	1114	33.6702914546146	41.9963752120513
63	WGN15	41.083333333333	2.12173225500773	1114	36.9202914546146	45.2463752120514
64	WGN15	35.4999999999998	2.12173225500768	1114	31.3369581212815	39.6630418787182
65	WGN15	33.833333333333	2.12173225500772	1114	29.6702914546145	37.9963752120514
66	WGN15	36.4999999999996	2.1217322550077	1114	32.3369581212812	40.663041878718
67	WGN15	41.9999999999997	2.12173225500767	1114	37.8369581212813	46.163041878718
68	WGN15	36.9999999999997	2.12173225500772	1114	32.8369581212813	41.1630418787181
69	WGN15	38.0833333333333	2.12173225500772	1114	33.9202914546149	42.2463752120517
70	WGN15	39.1666666666663	2.12173225500768	1114	35.003624787948	43.3297085453847
71	WGN15	42.0833333333329	2.1217322550077	1114	37.9202914546145	46.2463752120513
72	WGN15	41.6666666666664	2.12173225500769	1114	37.503624787948	45.8297085453847
73	WGN15	49.4166666666664	2.1217322550077	1114	45.253624787948	53.5797085453847
74	WGN15	39.8333333333331	2.12173225500771	1114	35.6702914546147	43.9963752120515
75	WGN15	41.333333333333	2.12173225500767	1114	37.1702914546146	45.4963752120513
77	WGN15	39.5833333333331	2.12173225500772	1114	35.4202914546147	43.7463752120515
78	WGN15	38.583333333333	2.12173225500768	1114	34.4202914546147	42.7463752120514
79	WGN15	48.2499999999999	2.12173225500772	1114	44.0869581212814	52.4130418787183
80	WGN15	40.6666666666665	2.12173225500766	1114	36.5036247879482	44.8297085453848
81	WGN15	36.9166666666665	2.1217322550077	1114	32.7536247879482	41.0797085453849
82	WGN15	45.9999999999997	2.12173225500773	1114	41.8369581212813	50.1630418787182
83	WGN15	41.1666666666664	2.12173225500768	1114	37.0036247879481	45.3297085453847
84	WGN15	42.083333333333	2.1217322550077	1114	37.9202914546146	46.2463752120514
85	WGN15	45.4166666666662	2.1217322550077	1114	41.2536247879478	49.5797085453846
86	WGN15	39.4999999999996	2.1217322550077	1114	35.3369581212813	43.663041878718
87	WGN15	36.7499999999997	2.12173225500769	1114	32.5869581212813	40.913041878718
88	WGN15	40.4999999999997	2.1217322550077	1114	36.3369581212813	44.663041878718
89	WGN15	39.1666666666663	2.12173225500773	1114	35.0036247879478	43.3297085453847
90	WGN15	34.7499999999995	2.1217322550077	1114	30.5869581212811	38.9130418787178
91	WGN15	35.1666666666663	2.12173225500772	1114	31.0036247879479	39.3297085453847
92	WGN15	31.583333333333	2.12173225500771	1114	27.4202914546146	35.7463752120514
93	WGN15	39.4999999999996	2.12173225500768	1114	35.3369581212813	43.663041878718
94	WGN15	37.2499999999996	2.12173225500771	1114	33.0869581212812	41.413041878718
95	WGN15	34.3333333333331	2.1217322550077	1114	30.1702914546147	38.4963752120515
96	WGN15	36.8096860986545	3.00125523170212	1114	30.9209359093648	42.6984362879441
97	WGN15	43.4166666666662	2.12173225500771	1114	39.2536247879478	47.5797085453846
98	WGN15	38.9999999999997	2.12173225500773	1114	34.8369581212813	43.1630418787182
99	WGN15	39.9999999999996	2.12173225500765	1114	35.8369581212813	44.1630418787179
100	WGN15	41.9999999999997	2.12173225500769	1114	37.8369581212813	46.163041878718
101	WGN15	41.1666666666662	2.12173225500767	1114	37.0036247879479	45.3297085453845
102	WGN15	41.4166666666664	2.12173225500772	1114	37.2536247879479	45.5797085453848
103	WGN15	32.4999999999995	2.12173225500774	1114	28.336958121281	36.6630418787179
104	WGN15	36.9999999999997	2.12173225500768	1114	32.8369581212813	41.163041878718
106	WGN15	34.9999999999995	2.12173225500772	1114	30.8369581212811	39.1630418787179
107	WGN15	37.4999999999998	2.12173225500773	1114	33.3369581212813	41.6630418787182
108	WGN15	46.6666666666662	2.12173225500766	1114	42.5036247879479	50.8297085453845
109	WGN15	37.4166666666663	2.1217322550077	1114	33.2536247879479	41.5797085453846
110	WGN15	39.8333333333331	2.1217322550077	1114	35.6702914546148	43.9963752120515
111	WGN15	36.833333333333	2.12173225500772	1114	32.6702914546146	40.9963752120514
112	WGN15	30.8333333333331	2.12173225500767	1114	26.6702914546148	34.9963752120515
113	WGN15	47.9999999999998	2.1217322550077	1114	43.8369581212814	52.1630418787181
114	WGN15	41.7499999999999	2.12173225500769	1114	37.5869581212815	45.9130418787182
115	WGN15	38.9999999999995	2.1217322550077	1114	34.8369581212811	43.1630418787179
116	WGN15	38.0833333333329	2.12173225500773	1114	33.9202914546145	42.2463752120514
117	WGN15	42.333333333333	2.12173225500769	1114	38.1702914546147	46.4963752120514
118	WGN15	37.4166666666664	2.1217322550077	1114	33.253624787948	41.5797085453848
119	WGN15	38.7499999999997	2.12173225500769	1114	34.5869581212813	42.913041878718
120	WGN15	42.6666666666663	2.1217322550077	1114	38.5036247879479	46.8297085453847
121	WGN15	39.9999999999996	2.12173225500769	1114	35.8369581212813	44.163041878718
122	WGN15	36.6666666666663	2.12173225500769	1114	32.503624787948	40.8297085453847
123	WGN15	40.7499999999997	2.12173225500774	1114	36.5869581212812	44.9130418787181
124	WGN15	36.833333333333	2.1217322550077	1114	32.6702914546146	40.9963752120514
125	WGN15	38.2499999999999	2.12173225500769	1114	34.0869581212815	42.4130418787182
126	WGN15	42.4999999999997	2.12173225500769	1114	38.3369581212813	46.663041878718
127	WGN15	40.6666666666663	2.12173225500767	1114	36.503624787948	44.8297085453846
128	WGN15	43.4999999999997	2.12173225500771	1114	39.3369581212813	47.6630418787181
129	WGN15	35.4166666666663	2.12173225500773	1114	31.2536247879479	39.5797085453847
130	WGN15	36.9999999999997	2.12173225500772	1114	32.8369581212813	41.1630418787181
1	WGN26	44.0000000000002	2.12173225500757	1114	39.8369581212821	48.1630418787184
3	WGN26	40.6666666666668	2.1217322550077	1114	36.5036247879484	44.8297085453852
4	WGN26	43.0833333333333	2.12173225500778	1114	38.9202914546147	47.2463752120518
5	WGN26	39.0000000000002	2.12173225500765	1114	34.8369581212819	43.1630418787185
6	WGN26	41.05	2.12173225500771	1114	36.8869581212816	45.2130418787184
7	WGN26	38.4166666666665	2.12173225500771	1114	34.2536247879481	42.5797085453849
8	WGN26	34	2.12173225500769	1114	29.8369581212816	38.1630418787184
9	WGN26	42.3333333333334	2.12173225500767	1114	38.1702914546151	46.4963752120517
10	WGN26	39.8333333333334	2.12173225500765	1114	35.6702914546151	43.9963752120517
11	WGN26	44.9166666666668	2.12173225500771	1114	40.7536247879484	49.0797085453852
12	WGN26	39.8333333333333	2.12173225500769	1114	35.6702914546149	43.9963752120516
13	WGN26	40.6666666666665	2.12173225500767	1114	36.5036247879482	44.8297085453849
14	WGN26	37.4166666666667	2.12173225500769	1114	33.2536247879484	41.5797085453851
15	WGN26	36.6666666666668	2.12173225500767	1114	32.5036247879485	40.8297085453851
17	WGN26	37.3333333333333	2.12173225500768	1114	33.1702914546149	41.4963752120516
18	WGN26	35.6666666666665	2.12173225500771	1114	31.5036247879481	39.8297085453849
19	WGN26	41.5	2.1217322550077	1114	37.3369581212816	45.6630418787184
20	WGN26	37.4763527653211	3.00125523170209	1114	31.5876025760315	43.3651029546107
21	WGN26	36.5833333333331	2.12173225500772	1114	32.4202914546147	40.7463752120515
22	WGN26	33.9999999999996	2.12173225500772	1114	29.8369581212812	38.163041878718
23	WGN26	39.8333333333333	2.12173225500771	1114	35.6702914546149	43.9963752120517
24	WGN26	38.0000000000002	2.12173225500764	1114	33.836958121282	42.1630418787185
25	WGN26	38	2.12173225500769	1114	33.8369581212817	42.1630418787184
26	WGN26	35.8333333333333	2.1217322550077	1114	31.6702914546149	39.9963752120517
27	WGN26	33.8333333333338	2.12173225500764	1114	29.6702914546155	37.9963752120521
28	WGN26	45.8333333333334	2.12173225500769	1114	41.670291454615	49.9963752120517
29	WGN26	36.4166666666667	2.12173225500769	1114	32.2536247879483	40.5797085453851
30	WGN26	46.4166666666668	2.12173225500774	1114	42.2536247879483	50.5797085453852
31	WGN26	43.8333333333333	2.12173225500768	1114	39.670291454615	47.9963752120517
32	WGN26	41.1666666666667	2.1217322550077	1114	37.0036247879483	45.3297085453851
33	WGN26	36.5236472346788	3.00125523170203	1114	30.6348970453893	42.4123974239683
34	WGN26	40.6666666666667	2.12173225500769	1114	36.5036247879483	44.829708545385
35	WGN26	42	2.12173225500767	1114	37.8369581212817	46.1630418787184
36	WGN26	35.6666666666667	2.12173225500769	1114	31.5036247879484	39.8297085453851
38	WGN26	42.4999999999999	2.12173225500772	1114	38.3369581212815	46.6630418787183
39	WGN26	44.6666666666667	2.1217322550077	1114	40.5036247879483	48.8297085453851
40	WGN26	37.6666666666668	2.12173225500766	1114	33.5036247879485	41.8297085453851
41	WGN26	35.7500000000001	2.12173225500769	1114	31.5869581212818	39.9130418787185
42	WGN26	35.6666666666665	2.1217322550077	1114	31.5036247879481	39.8297085453848
43	WGN26	48.0833333333334	2.1217322550077	1114	43.920291454615	52.2463752120518
44	WGN26	41.4166666666667	2.12173225500768	1114	37.2536247879484	45.5797085453851
45	WGN26	47.3333333333333	2.12173225500768	1114	43.1702914546149	51.4963752120516
46	WGN26	42.8333333333334	2.12173225500767	1114	38.6702914546151	46.9963752120517
47	WGN26	39.7499999999999	2.1217322550077	1114	35.5869581212815	43.9130418787183
48	WGN26	43.3333333333333	2.12173225500769	1114	39.170291454615	47.4963752120517
49	WGN26	38.9166666666666	2.12173225500771	1114	34.7536247879482	43.079708545385
50	WGN26	40.6666666666667	2.1217322550077	1114	36.5036247879483	44.829708545385
51	WGN26	35.5	2.1217322550077	1114	31.3369581212817	39.6630418787184
52	WGN26	41	2.12173225500772	1114	36.8369581212816	45.1630418787184
53	WGN26	34.0833333333335	2.12173225500768	1114	29.9202914546152	38.2463752120519
54	WGN26	38.4999999999999	2.12173225500772	1114	34.3369581212815	42.6630418787183
55	WGN26	39.5833333333334	2.12173225500769	1114	35.420291454615	43.7463752120517
56	WGN26	42.1666666666667	2.12173225500771	1114	38.0036247879484	46.3297085453851
57	WGN26	37.8333333333333	2.12173225500769	1114	33.670291454615	41.9963752120517
58	WGN26	42.3333333333334	2.12173225500768	1114	38.1702914546151	46.4963752120517
59	WGN26	38.1903139013452	3.00125523170204	1114	32.3015637120557	44.0790640906347
60	WGN26	39.0833333333334	2.1217322550077	1114	34.920291454615	43.2463752120517
61	WGN26	42.8096860986548	3.00125523170212	1114	36.9209359093651	48.6984362879444
62	WGN26	43	2.1217322550077	1114	38.8369581212816	47.1630418787183
64	WGN26	40	2.12173225500769	1114	35.8369581212816	44.1630418787183
65	WGN26	41.8569805680119	3.00125523170208	1114	35.9682303787223	47.7457307573014
66	WGN26	37.0000000000001	2.1217322550077	1114	32.8369581212817	41.1630418787184
67	WGN26	40.8333333333334	2.1217322550077	1114	36.670291454615	44.9963752120517
68	WGN26	43.8333333333333	2.1217322550077	1114	39.6702914546149	47.9963752120516
69	WGN26	38.9166666666668	2.12173225500773	1114	34.7536247879484	43.0797085453852
70	WGN26	39.0833333333333	2.12173225500771	1114	34.9202914546149	43.2463752120517
71	WGN26	39.6666666666666	2.12173225500769	1114	35.5036247879483	43.829708545385
72	WGN26	43.6666666666667	2.1217322550077	1114	39.5036247879483	47.829708545385
73	WGN26	40.7499999999999	2.12173225500773	1114	36.5869581212815	44.9130418787183
74	WGN26	43.25	2.12173225500769	1114	39.0869581212816	47.4130418787184
75	WGN26	39.9166666666666	2.12173225500769	1114	35.7536247879482	44.0797085453849
76	WGN26	42.1430194319882	3.00125523170204	1114	36.2542692426987	48.0317696212776
77	WGN26	40.3333333333334	2.12173225500767	1114	36.1702914546151	44.4963752120517
78	WGN26	44.1666666666666	2.12173225500771	1114	40.0036247879482	48.329708545385
79	WGN26	35.6666666666667	2.1217322550077	1114	31.5036247879483	39.8297085453851
80	WGN26	47.6666666666667	2.12173225500771	1114	43.5036247879484	51.8297085453851
81	WGN26	41.0000000000001	2.12173225500769	1114	36.8369581212817	45.1630418787184
82	WGN26	44.0833333333333	2.1217322550077	1114	39.9202914546149	48.2463752120517
83	WGN26	41.5	2.12173225500772	1114	37.3369581212816	45.6630418787185
85	WGN26	38.6666666666668	2.12173225500768	1114	34.5036247879485	42.8297085453851
86	WGN26	31.1666666666667	2.12173225500769	1114	27.0036247879483	35.329708545385
87	WGN26	37.5833333333333	2.12173225500769	1114	33.4202914546149	41.7463752120516
88	WGN26	37.6666666666665	2.12173225500772	1114	33.5036247879481	41.829708545385
89	WGN26	50.3333333333332	2.1217322550077	1114	46.1702914546148	54.4963752120516
90	WGN26	40.3333333333333	2.12173225500771	1114	36.170291454615	44.4963752120517
91	WGN26	40.9166666666666	2.12173225500771	1114	36.7536247879482	45.079708545385
92	WGN26	35.1666666666667	2.12173225500768	1114	31.0036247879483	39.329708545385
93	WGN26	42.8333333333333	2.1217322550077	1114	38.670291454615	46.9963752120517
94	WGN26	35.5	2.12173225500772	1114	31.3369581212816	39.6630418787184
95	WGN26	41.3333333333333	2.1217322550077	1114	37.170291454615	45.4963752120517
96	WGN26	43.9166666666667	2.12173225500771	1114	39.7536247879483	48.0797085453851
97	WGN26	40.6666666666667	2.12173225500771	1114	36.5036247879483	44.8297085453851
98	WGN26	36.9166666666666	2.12173225500769	1114	32.7536247879482	41.079708545385
99	WGN26	41.4166666666667	2.1217322550077	1114	37.2536247879483	45.579708545385
100	WGN26	36.3333333333333	2.12173225500769	1114	32.1702914546149	40.4963752120517
101	WGN26	38.6666666666667	2.1217322550077	1114	34.5036247879483	42.8297085453851
102	WGN26	33.2499999999999	2.12173225500769	1114	29.0869581212816	37.4130418787183
103	WGN26	33.4166666666666	2.1217322550077	1114	29.2536247879483	37.579708545385
104	WGN26	36.5833333333332	2.12173225500771	1114	32.4202914546148	40.7463752120516
105	WGN26	40.4763527653214	3.00125523170208	1114	34.5876025760318	46.365102954611
106	WGN26	37.1903139013453	3.00125523170202	1114	31.3015637120559	43.0790640906348
108	WGN26	41.1430194319881	3.0012552317021	1114	35.2542692426985	47.0317696212777
109	WGN26	41.0833333333333	2.1217322550077	1114	36.9202914546149	45.2463752120516
111	WGN26	45.9999999999998	2.1217322550077	1114	41.8369581212814	50.1630418787181
112	WGN26	40	2.1217322550077	1114	35.8369581212816	44.1630418787184
113	WGN26	35.3333333333333	2.12173225500769	1114	31.170291454615	39.4963752120517
114	WGN26	41.8569805680119	3.00125523170207	1114	35.9682303787224	47.7457307573015
115	WGN26	45.1666666666667	2.12173225500772	1114	41.0036247879483	49.3297085453851
116	WGN26	32.0236472346786	3.00125523170206	1114	26.1348970453891	37.9123974239681
117	WGN26	39	2.12173225500769	1114	34.8369581212817	43.1630418787184
118	WGN26	36	2.1217322550077	1114	31.8369581212817	40.1630418787184
119	WGN26	47.5	2.12173225500772	1114	43.3369581212816	51.6630418787184
120	WGN26	29.9166666666665	2.12173225500771	1114	25.7536247879481	34.0797085453849
121	WGN26	38.4999999999999	2.12173225500768	1114	34.3369581212816	42.6630418787183
122	WGN26	41.5	2.1217322550077	1114	37.3369581212816	45.6630418787184
123	WGN26	41.6666666666666	2.1217322550077	1114	37.5036247879483	45.829708545385
124	WGN26	34.8096860986547	3.00125523170208	1114	28.9209359093651	40.6984362879443
125	WGN26	41.25	2.12173225500771	1114	37.0869581212816	45.4130418787184
126	WGN26	23.8569805680116	3.00125523170209	1114	17.968230378722	29.7457307573012
127	WGN26	38.3333333333332	2.12173225500768	1114	34.1702914546149	42.4963752120516
128	WGN26	41.5236472346787	3.00125523170206	1114	35.6348970453891	47.4123974239682
129	WGN26	40.8333333333333	2.12173225500771	1114	36.6702914546149	44.9963752120517
130	WGN26	42.8333333333334	2.12173225500771	1114	38.670291454615	46.9963752120518
1	WGN36	41.523647234679	3.00125523170188	1114	35.6348970453898	47.4123974239682
2	WGN36	40.8333333333334	2.12173225500773	1114	36.670291454615	44.9963752120519
4	WGN36	41.5000000000001	2.12173225500766	1114	37.3369581212819	45.6630418787184
5	WGN36	36.8096860986548	3.00125523170205	1114	30.9209359093652	42.6984362879443
6	WGN36	39.3333333333336	2.12173225500763	1114	35.1702914546154	43.4963752120519
7	WGN36	41.3333333333336	2.12173225500764	1114	37.1702914546153	45.4963752120518
8	WGN36	37.8333333333334	2.12173225500774	1114	33.6702914546149	41.9963752120518
9	WGN36	44.8096860986548	3.00125523170205	1114	38.9209359093653	50.6984362879444
10	WGN36	37.9166666666667	2.12173225500773	1114	33.7536247879483	42.0797085453851
11	WGN36	35.4763527653214	3.00125523170208	1114	29.5876025760319	41.365102954611
12	WGN36	45.2500000000002	2.12173225500769	1114	41.0869581212818	49.4130418787185
13	WGN36	41.5000000000003	2.12173225500764	1114	37.336958121282	45.6630418787185
14	WGN36	32.7500000000006	2.12173225500765	1114	28.5869581212823	36.9130418787189
15	WGN36	40.0833333333335	2.12173225500768	1114	35.9202914546151	44.2463752120518
16	WGN36	38.8333333333334	2.12173225500772	1114	34.670291454615	42.9963752120519
17	WGN36	35.6666666666668	2.1217322550077	1114	31.5036247879484	39.8297085453852
18	WGN36	35.8096860986546	3.00125523170214	1114	29.9209359093649	41.6984362879443
19	WGN36	37.5000000000001	2.12173225500769	1114	33.3369581212818	41.6630418787185
20	WGN36	39.9166666666668	2.12173225500769	1114	35.7536247879485	44.0797085453852
21	WGN36	42.3333333333335	2.1217322550077	1114	38.1702914546151	46.4963752120519
22	WGN36	42.6666666666668	2.12173225500771	1114	38.5036247879484	46.8297085453852
23	WGN36	39.1666666666668	2.12173225500771	1114	35.0036247879484	43.3297085453852
24	WGN36	40.6666666666668	2.1217322550077	1114	36.5036247879484	44.8297085453852
26	WGN36	40.4166666666668	2.12173225500772	1114	36.2536247879484	44.5797085453852
27	WGN36	39.6666666666669	2.12173225500769	1114	35.5036247879485	43.8297085453852
28	WGN36	46.8333333333335	2.1217322550077	1114	42.6702914546151	50.9963752120519
30	WGN36	36.6666666666669	2.12173225500769	1114	32.5036247879485	40.8297085453852
31	WGN36	42.3333333333335	2.12173225500772	1114	38.1702914546151	46.4963752120519
32	WGN36	45.4763527653216	3.00125523170208	1114	39.587602576032	51.3651029546112
33	WGN36	36.1666666666669	2.1217322550077	1114	32.0036247879485	40.3297085453852
34	WGN36	40.5833333333334	2.12173225500769	1114	36.4202914546151	44.7463752120518
35	WGN36	43.3333333333335	2.12173225500773	1114	39.1702914546151	47.496375212052
36	WGN36	35.8333333333336	2.12173225500767	1114	31.6702914546153	39.996375212052
37	WGN36	40.1903139013455	3.00125523170205	1114	34.3015637120559	46.079064090635
38	WGN36	37.8569805680121	3.00125523170208	1114	31.9682303787225	43.7457307573016
39	WGN36	38.0000000000001	2.12173225500769	1114	33.8369581212818	42.1630418787185
40	WGN36	41.6666666666668	2.1217322550077	1114	37.5036247879484	45.8297085453851
41	WGN36	38.2500000000001	2.12173225500773	1114	34.0869581212816	42.4130418787185
42	WGN36	37.8333333333334	2.12173225500772	1114	33.670291454615	41.9963752120518
43	WGN36	41.7500000000001	2.12173225500769	1114	37.5869581212818	45.9130418787185
44	WGN36	35.4166666666668	2.1217322550077	1114	31.2536247879484	39.5797085453852
45	WGN36	38.8333333333335	2.12173225500769	1114	34.6702914546152	42.9963752120519
46	WGN36	43.5000000000001	2.1217322550077	1114	39.3369581212818	47.6630418787185
47	WGN36	47.3333333333335	2.12173225500769	1114	43.1702914546152	51.4963752120519
48	WGN36	35.7500000000002	2.12173225500768	1114	31.5869581212819	39.9130418787186
49	WGN36	38.3333333333334	2.12173225500772	1114	34.170291454615	42.4963752120518
51	WGN36	39.6666666666668	2.12173225500769	1114	35.5036247879484	43.8297085453852
52	WGN36	41.3333333333335	2.12173225500771	1114	37.1702914546151	45.4963752120519
53	WGN36	35.0000000000002	2.1217322550077	1114	30.8369581212818	39.1630418787186
54	WGN36	41.2500000000001	2.12173225500771	1114	37.0869581212817	45.4130418787185
55	WGN36	38.6666666666668	2.1217322550077	1114	34.5036247879484	42.8297085453852
56	WGN36	43.6666666666668	2.12173225500771	1114	39.5036247879484	47.8297085453852
57	WGN36	38.0833333333335	2.12173225500769	1114	33.9202914546152	42.2463752120519
58	WGN36	41.8333333333335	2.12173225500772	1114	37.670291454615	45.9963752120519
59	WGN36	38.7500000000002	2.12173225500768	1114	34.5869581212818	42.9130418787185
60	WGN36	32.166666666667	2.12173225500768	1114	28.0036247879487	36.3297085453853
62	WGN36	40.3333333333335	2.12173225500769	1114	36.1702914546151	44.4963752120518
64	WGN36	35.5000000000002	2.12173225500769	1114	31.3369581212818	39.6630418787185
65	WGN36	41.1666666666668	2.12173225500771	1114	37.0036247879484	45.3297085453852
66	WGN36	37.1666666666667	2.1217322550077	1114	33.0036247879483	41.3297085453851
68	WGN36	39.6666666666668	2.12173225500771	1114	35.5036247879484	43.8297085453852
69	WGN36	37.1430194319883	3.00125523170206	1114	31.2542692426987	43.0317696212778
70	WGN36	47.0000000000001	2.1217322550077	1114	42.8369581212818	51.1630418787185
71	WGN36	39.0000000000001	2.1217322550077	1114	34.8369581212817	43.1630418787185
72	WGN36	38.8333333333335	2.1217322550077	1114	34.6702914546151	42.9963752120519
74	WGN36	45.0000000000002	2.1217322550077	1114	40.8369581212818	49.1630418787186
75	WGN36	36.4763527653214	3.0012552317021	1114	30.5876025760317	42.365102954611
76	WGN36	43.8333333333334	2.1217322550077	1114	39.670291454615	47.9963752120518
77	WGN36	38.3333333333334	2.12173225500769	1114	34.170291454615	42.4963752120518
78	WGN36	34.5236472346787	3.00125523170209	1114	28.6348970453891	40.4123974239683
79	WGN36	35.5833333333336	2.12173225500768	1114	31.4202914546152	39.7463752120519
80	WGN36	34.3569805680121	3.00125523170207	1114	28.4682303787225	40.2457307573017
81	WGN36	41.5000000000001	2.12173225500768	1114	37.3369581212818	45.6630418787185
82	WGN36	40.0000000000001	2.1217322550077	1114	35.8369581212818	44.1630418787185
83	WGN36	40.8333333333335	2.12173225500772	1114	36.6702914546151	44.9963752120519
84	WGN36	43.9166666666668	2.1217322550077	1114	39.7536247879484	48.0797085453852
85	WGN36	35.5833333333334	2.12173225500771	1114	31.420291454615	39.7463752120518
86	WGN36	40.3333333333335	2.12173225500769	1114	36.1702914546151	44.4963752120519
87	WGN36	35.5833333333335	2.1217322550077	1114	31.4202914546151	39.7463752120519
88	WGN36	42.0000000000002	2.1217322550077	1114	37.8369581212818	46.1630418787185
89	WGN36	41.6666666666668	2.1217322550077	1114	37.5036247879484	45.8297085453852
90	WGN36	37.8333333333335	2.12173225500769	1114	33.6702914546151	41.9963752120519
92	WGN36	37.5000000000001	2.12173225500771	1114	33.3369581212817	41.6630418787185
93	WGN36	42.1430194319882	3.00125523170208	1114	36.2542692426986	48.0317696212778
94	WGN36	41.3333333333335	2.1217322550077	1114	37.1702914546151	45.4963752120519
95	WGN36	34.8333333333335	2.12173225500769	1114	30.6702914546152	38.9963752120519
96	WGN36	42.8333333333335	2.12173225500769	1114	38.6702914546151	46.9963752120519
97	WGN36	37.3333333333335	2.1217322550077	1114	33.1702914546151	41.4963752120518
98	WGN36	35.3333333333335	2.1217322550077	1114	31.1702914546151	39.4963752120518
99	WGN36	33.5000000000001	2.1217322550077	1114	29.3369581212818	37.6630418787185
100	WGN36	38.1666666666668	2.1217322550077	1114	34.0036247879485	42.3297085453852
102	WGN36	41.5236472346788	3.00125523170207	1114	35.6348970453892	47.4123974239683
104	WGN36	40.1666666666668	2.1217322550077	1114	36.0036247879484	44.3297085453851
105	WGN36	36.8096860986549	3.00125523170209	1114	30.9209359093653	42.6984362879445
106	WGN36	39.3333333333335	2.1217322550077	1114	35.1702914546151	43.4963752120519
107	WGN36	38.3333333333335	2.12173225500769	1114	34.1702914546152	42.4963752120519
108	WGN36	39.1666666666668	2.1217322550077	1114	35.0036247879484	43.3297085453851
109	WGN36	47.5000000000002	2.1217322550077	1114	43.3369581212818	51.6630418787186
110	WGN36	42.5000000000001	2.12173225500771	1114	38.3369581212817	46.6630418787185
112	WGN36	37.5000000000001	2.1217322550077	1114	33.3369581212818	41.6630418787185
114	WGN36	42.3333333333335	2.12173225500769	1114	38.1702914546151	46.4963752120518
116	WGN36	32.5236472346789	3.00125523170205	1114	26.6348970453893	38.4123974239684
117	WGN36	42.3096860986549	3.00125523170208	1114	36.4209359093654	48.1984362879445
118	WGN36	41.0000000000002	2.12173225500769	1114	36.8369581212818	45.1630418787185
119	WGN36	41.8096860986549	3.00125523170207	1114	35.9209359093653	47.6984362879444
120	WGN36	39.3333333333335	2.1217322550077	1114	35.1702914546151	43.4963752120519
121	WGN36	39.0000000000002	2.12173225500769	1114	34.8369581212819	43.1630418787186
122	WGN36	43.8333333333334	2.1217322550077	1114	39.6702914546151	47.9963752120518
123	WGN36	43.1666666666668	2.1217322550077	1114	39.0036247879485	47.3297085453852
124	WGN36	39.5833333333334	2.1217322550077	1114	35.4202914546151	43.7463752120518
125	WGN36	40.9166666666669	2.12173225500769	1114	36.7536247879485	45.0797085453852
126	WGN36	41.9166666666668	2.1217322550077	1114	37.7536247879485	46.0797085453852
127	WGN36	41.4166666666668	2.1217322550077	1114	37.2536247879484	45.5797085453852
128	WGN36	41.2500000000001	2.1217322550077	1114	37.0869581212818	45.4130418787185
129	WGN36	35.1666666666667	2.1217322550077	1114	31.0036247879484	39.3297085453851
130	WGN36	42.4166666666668	2.1217322550077	1114	38.2536247879484	46.5797085453852
1	WGN38	36.9166666666674	2.12173225500761	1114	32.7536247879492	41.0797085453856
2	WGN38	37.2500000000003	2.1217322550077	1114	33.0869581212819	41.4130418787187
3	WGN38	42.143019431988	3.00125523170202	1114	36.2542692426985	48.0317696212775
4	WGN38	39.0833333333336	2.1217322550077	1114	34.9202914546153	43.246375212052
5	WGN38	44.8333333333339	2.12173225500773	1114	40.6702914546155	48.9963752120523
6	WGN38	37.0000000000003	2.12173225500765	1114	32.836958121282	41.1630418787186
7	WGN38	37.5000000000003	2.12173225500773	1114	33.3369581212818	41.6630418787187
8	WGN38	41.0000000000003	2.12173225500769	1114	36.8369581212819	45.1630418787186
10	WGN38	41.2500000000003	2.12173225500768	1114	37.0869581212819	45.4130418787186
11	WGN38	35.8333333333334	2.1217322550077	1114	31.6702914546151	39.9963752120518
12	WGN38	39.0833333333336	2.12173225500768	1114	34.9202914546152	43.2463752120519
13	WGN38	43.5000000000001	2.12173225500766	1114	39.3369581212818	47.6630418787184
14	WGN38	42.8333333333334	2.12173225500767	1114	38.6702914546151	46.9963752120518
16	WGN38	40.6666666666669	2.12173225500768	1114	36.5036247879486	44.8297085453853
18	WGN38	42.0000000000005	2.12173225500774	1114	37.8369581212821	46.163041878719
19	WGN38	39.5000000000002	2.12173225500768	1114	35.3369581212819	43.6630418787186
20	WGN38	36.3333333333336	2.12173225500769	1114	32.1702914546152	40.496375212052
21	WGN38	35.1666666666669	2.1217322550077	1114	31.0036247879485	39.3297085453853
22	WGN38	45.3333333333337	2.1217322550077	1114	41.1702914546153	49.4963752120521
23	WGN38	31.9166666666669	2.12173225500767	1114	27.7536247879486	36.0797085453852
24	WGN38	37.5000000000001	2.12173225500767	1114	33.3369581212818	41.6630418787185
26	WGN38	37.5833333333336	2.12173225500772	1114	33.4202914546152	41.746375212052
27	WGN38	39.3333333333336	2.12173225500769	1114	35.1702914546152	43.4963752120519
28	WGN38	39.8333333333336	2.12173225500768	1114	35.6702914546152	43.9963752120519
29	WGN38	45.7500000000004	2.12173225500771	1114	41.586958121282	49.9130418787188
30	WGN38	44.0000000000002	2.12173225500769	1114	39.8369581212819	48.1630418787186
32	WGN38	38.5000000000003	2.12173225500773	1114	34.3369581212819	42.6630418787188
33	WGN38	41.8333333333337	2.1217322550077	1114	37.6702914546153	45.996375212052
34	WGN38	39.6666666666668	2.12173225500768	1114	35.5036247879485	43.8297085453852
35	WGN38	32.5000000000002	2.1217322550077	1114	28.3369581212818	36.6630418787186
36	WGN38	39.6666666666669	2.12173225500768	1114	35.5036247879486	43.8297085453853
37	WGN38	37.416666666667	2.12173225500773	1114	33.2536247879486	41.5797085453855
38	WGN38	36.8333333333336	2.12173225500768	1114	32.6702914546152	40.9963752120519
39	WGN38	35.4166666666669	2.12173225500772	1114	31.2536247879485	39.5797085453853
40	WGN38	38.8333333333337	2.12173225500772	1114	34.6702914546153	42.9963752120521
41	WGN38	36.6666666666669	2.12173225500769	1114	32.5036247879485	40.8297085453853
42	WGN38	29.3333333333336	2.12173225500769	1114	25.1702914546152	33.496375212052
45	WGN38	33.8333333333336	2.12173225500767	1114	29.6702914546153	37.9963752120519
46	WGN38	44.2500000000004	2.12173225500772	1114	40.086958121282	48.4130418787188
47	WGN38	33.3333333333336	2.1217322550077	1114	29.1702914546152	37.496375212052
48	WGN38	40.0000000000002	2.12173225500769	1114	35.8369581212819	44.1630418787186
49	WGN38	37.166666666667	2.12173225500769	1114	33.0036247879486	41.3297085453853
50	WGN38	40.9166666666671	2.12173225500771	1114	36.7536247879487	45.0797085453855
51	WGN38	43.6666666666669	2.1217322550077	1114	39.5036247879486	47.8297085453853
52	WGN38	45.0000000000001	2.12173225500768	1114	40.8369581212818	49.1630418787185
53	WGN38	43.0833333333336	2.12173225500769	1114	38.9202914546152	47.246375212052
54	WGN38	41.5000000000003	2.12173225500769	1114	37.3369581212819	45.6630418787186
55	WGN38	36.3096860986549	3.00125523170209	1114	30.4209359093653	42.1984362879445
56	WGN38	31.5833333333335	2.12173225500772	1114	27.420291454615	35.7463752120519
59	WGN38	42.5000000000002	2.12173225500768	1114	38.3369581212819	46.6630418787186
61	WGN38	40.5000000000002	2.12173225500769	1114	36.3369581212819	44.6630418787186
63	WGN38	42.6666666666669	2.12173225500771	1114	38.5036247879485	46.8297085453853
64	WGN38	28.8333333333338	2.12173225500766	1114	24.6702914546155	32.9963752120521
65	WGN38	41.1666666666669	2.12173225500769	1114	37.0036247879486	45.3297085453853
66	WGN38	44.6666666666666	2.12173225500767	1114	40.5036247879483	48.829708545385
67	WGN38	36.416666666667	2.12173225500768	1114	32.2536247879486	40.5797085453853
68	WGN38	38.0833333333337	2.12173225500769	1114	33.9202914546153	42.246375212052
69	WGN38	39.0000000000003	2.12173225500771	1114	34.8369581212819	43.1630418787187
70	WGN38	33.6666666666671	2.12173225500768	1114	29.5036247879487	37.8297085453854
72	WGN38	36.5000000000002	2.1217322550077	1114	32.3369581212819	40.6630418787186
73	WGN38	41.3333333333337	2.12173225500771	1114	37.1702914546153	45.4963752120521
74	WGN38	40.5833333333334	2.12173225500768	1114	36.4202914546151	44.7463752120518
76	WGN38	39.2500000000002	2.12173225500769	1114	35.0869581212819	43.4130418787186
77	WGN38	43.0000000000004	2.12173225500772	1114	38.836958121282	47.1630418787188
78	WGN38	42.9166666666669	2.1217322550077	1114	38.7536247879486	47.0797085453853
80	WGN38	35.4166666666669	2.12173225500771	1114	31.2536247879485	39.5797085453853
81	WGN38	33.8333333333336	2.1217322550077	1114	29.6702914546152	37.996375212052
82	WGN38	43.2500000000003	2.1217322550077	1114	39.0869581212819	47.4130418787187
83	WGN38	41.0000000000003	2.1217322550077	1114	36.8369581212819	45.1630418787187
84	WGN38	37.6666666666669	2.12173225500768	1114	33.5036247879486	41.8297085453853
85	WGN38	34.1430194319883	3.00125523170209	1114	28.2542692426987	40.0317696212779
86	WGN38	42.5833333333335	2.12173225500769	1114	38.4202914546152	46.7463752120519
87	WGN38	37.9166666666669	2.1217322550077	1114	33.7536247879485	42.0797085453853
88	WGN38	43.3333333333336	2.12173225500769	1114	39.1702914546152	47.496375212052
89	WGN38	38.0000000000003	2.1217322550077	1114	33.8369581212819	42.1630418787186
90	WGN38	40.3333333333336	2.12173225500769	1114	36.1702914546152	44.4963752120519
91	WGN38	42.5000000000003	2.1217322550077	1114	38.3369581212819	46.6630418787187
92	WGN38	40.6666666666669	2.1217322550077	1114	36.5036247879485	44.8297085453853
93	WGN38	42.6666666666669	2.1217322550077	1114	38.5036247879485	46.8297085453853
94	WGN38	37.0000000000003	2.12173225500769	1114	32.8369581212819	41.1630418787186
95	WGN38	40.1666666666669	2.1217322550077	1114	36.0036247879486	44.3297085453853
96	WGN38	38.6666666666669	2.1217322550077	1114	34.5036247879485	42.8297085453853
97	WGN38	35.4166666666669	2.1217322550077	1114	31.2536247879485	39.5797085453853
98	WGN38	35.6666666666669	2.12173225500769	1114	31.5036247879485	39.8297085453853
99	WGN38	30.0000000000003	2.1217322550077	1114	25.8369581212819	34.1630418787187
100	WGN38	40.1666666666669	2.1217322550077	1114	36.0036247879485	44.3297085453853
101	WGN38	37.7500000000003	2.12173225500771	1114	33.5869581212819	41.9130418787187
102	WGN38	44.8333333333336	2.12173225500769	1114	40.6702914546152	48.996375212052
103	WGN38	44.1666666666669	2.1217322550077	1114	40.0036247879485	48.3297085453853
104	WGN38	47.2500000000002	2.12173225500769	1114	43.0869581212819	51.4130418787186
106	WGN38	41.1666666666669	2.12173225500769	1114	37.0036247879485	45.3297085453853
107	WGN38	39.3333333333336	2.1217322550077	1114	35.1702914546152	43.496375212052
108	WGN38	39.5000000000003	2.1217322550077	1114	35.3369581212819	43.6630418787186
109	WGN38	42.4166666666669	2.1217322550077	1114	38.2536247879485	46.5797085453853
110	WGN38	36.1666666666669	2.12173225500769	1114	32.0036247879485	40.3297085453853
111	WGN38	37.2500000000003	2.1217322550077	1114	33.0869581212819	41.4130418787186
113	WGN38	36.916666666667	2.12173225500769	1114	32.7536247879486	41.0797085453853
114	WGN38	39.8333333333336	2.1217322550077	1114	35.6702914546152	43.996375212052
115	WGN38	40.1666666666669	2.12173225500769	1114	36.0036247879485	44.3297085453853
1	WGN39	50.9999999999992	2.12173225500747	1114	46.8369581212813	55.1630418787172
2	WGN39	36.9999999999992	2.12173225500768	1114	32.8369581212809	41.1630418787176
3	WGN39	37.4999999999991	2.1217322550077	1114	33.3369581212807	41.6630418787175
4	WGN39	50.6666666666655	2.12173225500768	1114	46.5036247879472	54.8297085453839
5	WGN39	39.3333333333325	2.12173225500768	1114	35.1702914546141	43.4963752120508
6	WGN39	43.249999999999	2.12173225500769	1114	39.0869581212807	47.4130418787174
7	WGN39	44.9999999999987	2.12173225500773	1114	40.8369581212803	49.1630418787171
8	WGN39	38.3333333333326	2.1217322550077	1114	34.1702914546142	42.4963752120509
9	WGN39	46.1666666666661	2.12173225500766	1114	42.0036247879478	50.3297085453844
10	WGN39	36.6666666666655	2.12173225500772	1114	32.5036247879471	40.8297085453839
11	WGN39	45.9999999999988	2.12173225500772	1114	41.8369581212803	50.1630418787172
12	WGN39	44.6666666666657	2.12173225500766	1114	40.5036247879475	48.829708545384
13	WGN39	34.9166666666649	2.12173225500773	1114	30.7536247879465	39.0797085453834
14	WGN39	43.3333333333327	2.12173225500765	1114	39.1702914546145	47.496375212051
15	WGN39	42.8333333333323	2.12173225500771	1114	38.6702914546139	46.9963752120507
16	WGN39	43.3333333333321	2.12173225500772	1114	39.1702914546137	47.4963752120505
17	WGN39	38.5833333333326	2.12173225500767	1114	34.4202914546142	42.7463752120509
18	WGN39	47.9999999999989	2.12173225500772	1114	43.8369581212805	52.1630418787174
19	WGN39	36.8333333333327	2.12173225500768	1114	32.6702914546143	40.996375212051
20	WGN39	36.916666666666	2.12173225500768	1114	32.7536247879477	41.0797085453844
21	WGN39	39.0833333333325	2.12173225500767	1114	34.9202914546142	43.2463752120508
22	WGN39	41.3333333333322	2.12173225500769	1114	37.1702914546139	45.4963752120506
24	WGN39	43.999999999999	2.12173225500771	1114	39.8369581212806	48.1630418787174
25	WGN39	34.1666666666661	2.12173225500767	1114	30.0036247879478	38.3297085453844
26	WGN39	31.4763527653203	3.00125523170207	1114	25.5876025760308	37.3651029546099
27	WGN39	48.3333333333324	2.12173225500771	1114	44.170291454614	52.4963752120508
28	WGN39	32.5833333333325	2.12173225500769	1114	28.4202914546141	36.7463752120508
29	WGN39	40.1666666666657	2.12173225500769	1114	36.0036247879474	44.3297085453841
30	WGN39	45.0833333333323	2.12173225500768	1114	40.9202914546139	49.2463752120506
31	WGN39	46.499999999999	2.12173225500768	1114	42.3369581212806	50.6630418787173
32	WGN39	40.499999999999	2.12173225500767	1114	36.3369581212807	44.6630418787174
34	WGN39	38.3333333333322	2.12173225500771	1114	34.1702914546138	42.4963752120506
35	WGN39	37.7499999999986	2.12173225500772	1114	33.5869581212801	41.913041878717
36	WGN39	40.8333333333321	2.1217322550077	1114	36.6702914546138	44.9963752120505
37	WGN39	37.3333333333325	2.12173225500768	1114	33.1702914546142	41.4963752120508
38	WGN39	43.4999999999991	2.12173225500768	1114	39.3369581212808	47.6630418787174
39	WGN39	39.499999999999	2.12173225500769	1114	35.3369581212807	43.6630418787174
40	WGN39	47.3333333333324	2.12173225500767	1114	43.1702914546141	51.4963752120507
41	WGN39	51.2499999999988	2.12173225500768	1114	47.0869581212805	55.4130418787172
42	WGN39	46.0833333333324	2.12173225500772	1114	41.920291454614	50.2463752120508
43	WGN39	44.47635276532	3.00125523170211	1114	38.5876025760304	50.3651029546096
44	WGN39	41.4166666666658	2.12173225500768	1114	37.2536247879474	45.5797085453841
45	WGN39	36.6666666666654	2.12173225500771	1114	32.5036247879471	40.8297085453838
46	WGN39	41.856980568011	3.00125523170207	1114	35.9682303787214	47.7457307573005
47	WGN39	39.4166666666658	2.12173225500768	1114	35.2536247879474	43.5797085453841
48	WGN39	38.1666666666657	2.12173225500769	1114	34.0036247879474	42.3297085453841
49	WGN39	40.6666666666653	2.12173225500771	1114	36.5036247879469	44.8297085453837
50	WGN39	36.8333333333323	2.12173225500768	1114	32.670291454614	40.9963752120507
51	WGN39	41.333333333332	2.12173225500771	1114	37.1702914546136	45.4963752120504
52	WGN39	41.1666666666657	2.12173225500769	1114	37.0036247879474	45.3297085453841
53	WGN39	32.3333333333328	2.12173225500768	1114	28.1702914546145	36.4963752120512
54	WGN39	42.6666666666658	2.12173225500767	1114	38.5036247879474	46.8297085453841
55	WGN39	43.4999999999989	2.1217322550077	1114	39.3369581212806	47.6630418787173
56	WGN39	41.8333333333322	2.1217322550077	1114	37.6702914546138	45.9963752120506
57	WGN39	38.9166666666659	2.12173225500767	1114	34.7536247879476	43.0797085453842
58	WGN39	40.4999999999987	2.12173225500772	1114	36.3369581212803	44.6630418787171
59	WGN39	40.1666666666659	2.12173225500767	1114	36.0036247879476	44.3297085453842
60	WGN39	44.4166666666656	2.12173225500771	1114	40.2536247879472	48.579708545384
61	WGN39	43.1666666666655	2.12173225500771	1114	39.0036247879471	47.3297085453839
62	WGN39	41.9999999999991	2.12173225500769	1114	37.8369581212807	46.1630418787175
63	WGN39	41.0833333333322	2.1217322550077	1114	36.9202914546138	45.2463752120506
64	WGN39	41.4999999999985	2.12173225500774	1114	37.33695812128	45.6630418787169
65	WGN39	34.499999999999	2.12173225500769	1114	30.3369581212806	38.6630418787173
66	WGN39	41.5833333333323	2.12173225500769	1114	37.420291454614	45.7463752120507
67	WGN39	40.1666666666656	2.12173225500769	1114	36.0036247879472	44.3297085453839
68	WGN39	44.5236472346776	3.00125523170208	1114	38.634897045388	50.4123974239672
69	WGN39	39.4999999999989	2.1217322550077	1114	35.3369581212805	43.6630418787173
70	WGN39	43.1903139013442	3.00125523170205	1114	37.3015637120547	49.0790640906338
71	WGN39	40.3333333333324	2.12173225500768	1114	36.1702914546141	44.4963752120508
72	WGN39	43.2499999999988	2.12173225500771	1114	39.0869581212804	47.4130418787172
73	WGN39	37.9166666666656	2.12173225500769	1114	33.7536247879473	42.079708545384
74	WGN39	41.3333333333322	2.1217322550077	1114	37.1702914546138	45.4963752120505
75	WGN39	47.1666666666656	2.1217322550077	1114	43.0036247879473	51.329708545384
76	WGN39	39.8333333333322	2.12173225500771	1114	35.6702914546138	43.9963752120506
77	WGN39	34.4999999999986	2.12173225500771	1114	30.3369581212802	38.663041878717
78	WGN39	40.7499999999989	2.1217322550077	1114	36.5869581212805	44.9130418787173
79	WGN39	41.1666666666656	2.1217322550077	1114	37.0036247879472	45.329708545384
80	WGN39	40.8333333333322	2.1217322550077	1114	36.6702914546138	44.9963752120506
81	WGN39	37.6666666666656	2.12173225500769	1114	33.5036247879473	41.829708545384
82	WGN39	41.9999999999989	2.1217322550077	1114	37.8369581212806	46.1630418787173
83	WGN39	47.0833333333322	2.12173225500772	1114	42.9202914546138	51.2463752120506
84	WGN39	46.5833333333322	2.12173225500769	1114	42.4202914546139	50.7463752120506
85	WGN39	39.8333333333322	2.1217322550077	1114	35.6702914546138	43.9963752120506
86	WGN39	47.5833333333323	2.12173225500771	1114	43.4202914546139	51.7463752120507
87	WGN39	42.3333333333323	2.12173225500771	1114	38.1702914546139	46.4963752120507
88	WGN39	40.5236472346776	3.00125523170207	1114	34.6348970453881	46.4123974239672
89	WGN39	38.1666666666656	2.1217322550077	1114	34.0036247879472	42.3297085453839
90	WGN39	37.3333333333323	2.1217322550077	1114	33.1702914546139	41.4963752120507
91	WGN39	26.3333333333322	2.1217322550077	1114	22.1702914546138	30.4963752120505
92	WGN39	40.9999999999989	2.1217322550077	1114	36.8369581212805	45.1630418787173
93	WGN39	51.3333333333323	2.1217322550077	1114	47.1702914546139	55.4963752120507
94	WGN39	38.249999999999	2.12173225500769	1114	34.0869581212806	42.4130418787174
95	WGN39	43.4999999999989	2.1217322550077	1114	39.3369581212805	47.6630418787173
96	WGN39	42.6666666666656	2.1217322550077	1114	38.5036247879472	46.829708545384
97	WGN39	43.5833333333323	2.12173225500769	1114	39.4202914546139	47.7463752120506
98	WGN39	39.6666666666655	2.1217322550077	1114	35.5036247879471	43.8297085453839
99	WGN39	36.6666666666655	2.1217322550077	1114	32.5036247879472	40.8297085453839
100	WGN39	50.9166666666656	2.12173225500769	1114	46.7536247879472	55.079708545384
101	WGN39	38.4999999999989	2.1217322550077	1114	34.3369581212805	42.6630418787173
102	WGN39	42.499999999999	2.12173225500769	1114	38.3369581212806	46.6630418787173
104	WGN39	38.3333333333322	2.1217322550077	1114	34.1702914546139	42.4963752120506
105	WGN39	40.999999999999	2.1217322550077	1114	36.8369581212806	45.1630418787173
106	WGN39	42.3333333333323	2.1217322550077	1114	38.1702914546139	46.4963752120507
107	WGN39	42.6666666666656	2.1217322550077	1114	38.5036247879472	46.829708545384
108	WGN39	43.8333333333322	2.1217322550077	1114	39.6702914546138	47.9963752120506
109	WGN39	36.8333333333322	2.1217322550077	1114	32.6702914546139	40.9963752120506
110	WGN39	44.6666666666656	2.1217322550077	1114	40.5036247879472	48.829708545384
111	WGN39	47.6666666666656	2.12173225500769	1114	43.5036247879472	51.829708545384
112	WGN39	45.4166666666656	2.1217322550077	1114	41.2536247879473	49.579708545384
113	WGN39	49.3333333333322	2.1217322550077	1114	45.1702914546139	53.4963752120506
114	WGN39	41.9999999999989	2.1217322550077	1114	37.8369581212806	46.1630418787173
115	WGN39	44.499999999999	2.12173225500769	1114	40.3369581212806	48.6630418787173
116	WGN39	49.9999999999989	2.1217322550077	1114	45.8369581212806	54.1630418787173
117	WGN39	33.499999999999	2.1217322550077	1114	29.3369581212806	37.6630418787174
118	WGN39	41.4999999999989	2.1217322550077	1114	37.3369581212806	45.6630418787173
120	WGN39	39.3333333333323	2.1217322550077	1114	35.1702914546139	43.4963752120506
121	WGN39	46.7499999999989	2.1217322550077	1114	42.5869581212806	50.9130418787173
122	WGN39	41.4166666666656	2.1217322550077	1114	37.2536247879472	45.579708545384
123	WGN39	40.7499999999989	2.1217322550077	1114	36.5869581212806	44.9130418787173
124	WGN39	45.4999999999989	2.1217322550077	1114	41.3369581212806	49.6630418787173
125	WGN39	41.1666666666656	2.12173225500769	1114	37.0036247879473	45.329708545384
126	WGN39	48.8333333333322	2.12173225500769	1114	44.6702914546139	52.9963752120506
127	WGN39	40.249999999999	2.1217322550077	1114	36.0869581212806	44.4130418787173
128	WGN39	44.6666666666656	2.1217322550077	1114	40.5036247879472	48.829708545384
129	WGN39	46.8333333333323	2.1217322550077	1114	42.6702914546139	50.9963752120507
130	WGN39	44.6666666666656	2.1217322550077	1114	40.5036247879473	48.829708545384
1	WGN45	40.916666666667	2.12173225500769	1114	36.7536247879486	45.0797085453854
2	WGN45	38.0000000000003	2.12173225500769	1114	33.8369581212819	42.1630418787187
3	WGN45	30.1903139013456	3.00125523170208	1114	24.301563712056	36.0790640906352
4	WGN45	41.666666666667	2.12173225500769	1114	37.5036247879486	45.8297085453854
5	WGN45	42.9166666666671	2.1217322550077	1114	38.7536247879487	47.0797085453854
6	WGN45	41.0000000000003	2.1217322550077	1114	36.8369581212819	45.1630418787187
7	WGN45	39.8333333333337	2.12173225500767	1114	35.6702914546153	43.996375212052
8	WGN45	43.8333333333336	2.12173225500772	1114	39.6702914546152	47.996375212052
9	WGN45	39.8333333333336	2.12173225500772	1114	35.6702914546152	43.996375212052
10	WGN45	43.0000000000004	2.12173225500769	1114	38.836958121282	47.1630418787187
11	WGN45	42.0000000000004	2.12173225500768	1114	37.836958121282	46.1630418787187
12	WGN45	43.1666666666669	2.12173225500767	1114	39.0036247879486	47.3297085453852
13	WGN45	36.9166666666668	2.1217322550077	1114	32.7536247879485	41.0797085453852
14	WGN45	41.8333333333336	2.12173225500768	1114	37.6702914546153	45.996375212052
15	WGN45	34.1430194319884	3.00125523170207	1114	28.2542692426989	40.031769621278
16	WGN45	36.5833333333337	2.12173225500771	1114	32.4202914546153	40.7463752120521
17	WGN45	33.666666666667	2.12173225500769	1114	29.5036247879486	37.8297085453853
18	WGN45	38.166666666667	2.12173225500769	1114	34.0036247879486	42.3297085453853
19	WGN45	37.8333333333336	2.12173225500772	1114	33.6702914546152	41.996375212052
20	WGN45	40.2500000000003	2.12173225500768	1114	36.086958121282	44.4130418787186
22	WGN45	45.5833333333339	2.12173225500772	1114	41.4202914546155	49.7463752120523
23	WGN45	32.1903139013455	3.00125523170209	1114	26.3015637120559	38.0790640906351
24	WGN45	35.7500000000004	2.12173225500768	1114	31.5869581212821	39.9130418787188
25	WGN45	38.666666666667	2.12173225500768	1114	34.5036247879487	42.8297085453854
26	WGN45	40.2500000000003	2.12173225500767	1114	36.086958121282	44.4130418787186
28	WGN45	42.2500000000004	2.12173225500769	1114	38.086958121282	46.4130418787187
29	WGN45	31.5000000000001	2.12173225500772	1114	27.3369581212817	35.6630418787185
31	WGN45	39.1666666666671	2.12173225500769	1114	35.0036247879487	43.3297085453854
32	WGN45	39.0833333333337	2.12173225500768	1114	34.9202914546154	43.246375212052
33	WGN45	32.9166666666668	2.12173225500772	1114	28.7536247879484	37.0797085453852
34	WGN45	33.4166666666669	2.12173225500769	1114	29.2536247879486	37.5797085453853
35	WGN45	39.3333333333338	2.12173225500766	1114	35.1702914546155	43.4963752120521
36	WGN45	36.416666666667	2.12173225500767	1114	32.2536247879487	40.5797085453853
37	WGN45	42.7500000000004	2.12173225500769	1114	38.5869581212821	46.9130418787188
38	WGN45	32.0833333333338	2.12173225500769	1114	27.9202914546155	36.2463752120522
40	WGN45	39.0000000000003	2.1217322550077	1114	34.8369581212819	43.1630418787187
41	WGN45	42.8333333333337	2.12173225500769	1114	38.6702914546153	46.9963752120521
42	WGN45	39.916666666667	2.12173225500771	1114	35.7536247879486	44.0797085453854
43	WGN45	36.6666666666671	2.12173225500769	1114	32.5036247879487	40.8297085453854
44	WGN45	37.5833333333335	2.12173225500771	1114	33.4202914546151	41.746375212052
45	WGN45	41.166666666667	2.12173225500768	1114	37.0036247879486	45.3297085453853
46	WGN45	32.166666666667	2.12173225500769	1114	28.0036247879487	36.3297085453854
47	WGN45	31.1430194319883	3.00125523170208	1114	25.2542692426987	37.0317696212779
48	WGN45	36.666666666667	2.12173225500768	1114	32.5036247879487	40.8297085453854
49	WGN45	38.1666666666671	2.12173225500768	1114	34.0036247879487	42.3297085453854
50	WGN45	36.666666666667	2.1217322550077	1114	32.5036247879486	40.8297085453854
52	WGN45	39.6666666666671	2.12173225500768	1114	35.5036247879487	43.8297085453854
53	WGN45	38.666666666667	2.12173225500767	1114	34.5036247879487	42.8297085453854
54	WGN45	26.0000000000005	2.12173225500768	1114	21.8369581212822	30.1630418787189
55	WGN45	36.666666666667	2.12173225500768	1114	32.5036247879487	40.8297085453854
56	WGN45	38.2500000000003	2.1217322550077	1114	34.0869581212819	42.4130418787187
57	WGN45	35.9166666666671	2.12173225500768	1114	31.7536247879487	40.0797085453854
58	WGN45	39.916666666667	2.12173225500768	1114	35.7536247879486	44.0797085453853
59	WGN45	34.416666666667	2.12173225500769	1114	30.2536247879487	38.5797085453854
60	WGN45	36.6903139013456	3.00125523170206	1114	30.8015637120561	42.5790640906351
61	WGN45	36.3333333333337	2.12173225500769	1114	32.1702914546153	40.496375212052
62	WGN45	42.3333333333337	2.1217322550077	1114	38.1702914546153	46.4963752120521
64	WGN45	38.666666666667	2.1217322550077	1114	34.5036247879487	42.8297085453854
65	WGN45	33.5000000000001	2.12173225500772	1114	29.3369581212817	37.6630418787186
66	WGN45	43.0000000000004	2.12173225500768	1114	38.836958121282	47.1630418787187
68	WGN45	34.0000000000003	2.1217322550077	1114	29.8369581212819	38.1630418787186
69	WGN45	45.3333333333336	2.12173225500769	1114	41.1702914546153	49.496375212052
70	WGN45	40.1903139013456	3.00125523170206	1114	34.3015637120561	46.0790640906352
71	WGN45	40.3333333333337	2.12173225500769	1114	36.1702914546153	44.496375212052
72	WGN45	40.3333333333337	2.12173225500769	1114	36.1702914546153	44.4963752120521
73	WGN45	35.5236472346789	3.00125523170208	1114	29.6348970453894	41.4123974239685
74	WGN45	41.5000000000003	2.12173225500769	1114	37.336958121282	45.6630418787187
75	WGN45	44.8333333333337	2.1217322550077	1114	40.6702914546153	48.9963752120521
76	WGN45	44.5833333333336	2.1217322550077	1114	40.4202914546153	48.746375212052
77	WGN45	40.166666666667	2.1217322550077	1114	36.0036247879486	44.3297085453854
78	WGN45	36.0000000000004	2.12173225500769	1114	31.836958121282	40.1630418787187
80	WGN45	40.8333333333337	2.12173225500769	1114	36.6702914546153	44.996375212052
81	WGN45	41.8333333333337	2.12173225500769	1114	37.6702914546153	45.996375212052
82	WGN45	35.5000000000003	2.1217322550077	1114	31.3369581212819	39.6630418787187
84	WGN45	41.3333333333336	2.1217322550077	1114	37.1702914546153	45.496375212052
85	WGN45	37.523647234679	3.00125523170206	1114	31.6348970453895	43.4123974239685
86	WGN45	46.3333333333337	2.12173225500769	1114	42.1702914546153	50.496375212052
87	WGN45	33.666666666667	2.1217322550077	1114	29.5036247879487	37.8297085453854
88	WGN45	43.666666666667	2.12173225500769	1114	39.5036247879486	47.8297085453853
89	WGN45	38.0000000000003	2.1217322550077	1114	33.8369581212819	42.1630418787187
90	WGN45	36.666666666667	2.12173225500769	1114	32.5036247879487	40.8297085453854
92	WGN45	37.3333333333337	2.12173225500769	1114	33.1702914546153	41.4963752120521
93	WGN45	38.0000000000003	2.12173225500769	1114	33.836958121282	42.1630418787187
94	WGN45	32.0833333333336	2.1217322550077	1114	27.9202914546153	36.246375212052
95	WGN45	40.0000000000003	2.12173225500769	1114	35.836958121282	44.1630418787187
96	WGN45	36.8333333333336	2.1217322550077	1114	32.6702914546152	40.996375212052
98	WGN45	37.666666666667	2.1217322550077	1114	33.5036247879487	41.8297085453854
99	WGN45	29.4763527653216	3.00125523170208	1114	23.5876025760321	35.3651029546112
100	WGN45	39.2500000000003	2.12173225500769	1114	35.086958121282	43.4130418787187
101	WGN45	35.3333333333337	2.1217322550077	1114	31.1702914546153	39.496375212052
102	WGN45	38.166666666667	2.12173225500769	1114	34.0036247879486	42.3297085453854
103	WGN45	43.1903139013456	3.00125523170207	1114	37.301563712056	49.0790640906351
104	WGN45	37.5000000000004	2.12173225500769	1114	33.336958121282	41.6630418787187
105	WGN45	40.166666666667	2.1217322550077	1114	36.0036247879486	44.3297085453854
106	WGN45	38.666666666667	2.1217322550077	1114	34.5036247879487	42.8297085453854
107	WGN45	34.0000000000003	2.12173225500769	1114	29.836958121282	38.1630418787187
108	WGN45	46.0000000000003	2.12173225500769	1114	41.8369581212819	50.1630418787187
109	WGN45	42.166666666667	2.1217322550077	1114	38.0036247879487	46.3297085453854
110	WGN45	37.666666666667	2.1217322550077	1114	33.5036247879487	41.8297085453854
111	WGN45	43.3333333333336	2.12173225500769	1114	39.1702914546153	47.496375212052
112	WGN45	37.0833333333337	2.12173225500769	1114	32.9202914546153	41.246375212052
113	WGN45	30.1903139013456	3.00125523170207	1114	24.301563712056	36.0790640906351
114	WGN45	36.916666666667	2.12173225500769	1114	32.7536247879486	41.0797085453854
115	WGN45	30.7500000000003	2.1217322550077	1114	26.5869581212819	34.9130418787187
116	WGN45	37.8333333333336	2.1217322550077	1114	33.6702914546153	41.996375212052
117	WGN45	27.166666666667	2.12173225500769	1114	23.0036247879487	31.3297085453854
118	WGN45	42.8096860986551	3.00125523170207	1114	36.9209359093655	48.6984362879447
119	WGN45	38.0833333333337	2.1217322550077	1114	33.9202914546153	42.2463752120521
120	WGN45	43.0000000000003	2.1217322550077	1114	38.836958121282	47.1630418787187
121	WGN45	39.666666666667	2.12173225500769	1114	35.5036247879486	43.8297085453853
122	WGN45	40.5000000000003	2.12173225500769	1114	36.336958121282	44.6630418787187
123	WGN45	37.1666666666671	2.12173225500769	1114	33.0036247879487	41.3297085453854
124	WGN45	38.416666666667	2.12173225500769	1114	34.2536247879486	42.5797085453854
126	WGN45	40.7500000000003	2.1217322550077	1114	36.586958121282	44.9130418787187
127	WGN45	36.8333333333337	2.1217322550077	1114	32.6702914546153	40.9963752120521
128	WGN45	39.666666666667	2.12173225500769	1114	35.5036247879486	43.8297085453854
129	WGN45	39.3333333333337	2.12173225500769	1114	35.1702914546153	43.4963752120521
130	WGN45	37.8096860986551	3.00125523170207	1114	31.9209359093655	43.6984362879446
1	WGN46	42.000000000001	2.12173225500763	1114	37.8369581212827	46.1630418787192
2	WGN46	42.166666666667	2.1217322550077	1114	38.0036247879486	46.3297085453853
3	WGN46	42.8333333333336	2.1217322550077	1114	38.6702914546152	46.996375212052
4	WGN46	32.5	2.12173225500773	1114	28.3369581212815	36.6630418787184
6	WGN46	36.4763527653212	3.00125523170211	1114	30.5876025760316	42.3651029546109
7	WGN46	38.8333333333336	2.1217322550077	1114	34.6702914546152	42.996375212052
8	WGN46	36.1903139013461	3.00125523170203	1114	30.3015637120566	42.0790640906356
9	WGN46	39.3333333333335	2.12173225500773	1114	35.1702914546151	43.496375212052
10	WGN46	42.5000000000003	2.12173225500768	1114	38.336958121282	46.6630418787187
11	WGN46	42.0833333333337	2.12173225500768	1114	37.9202914546154	46.246375212052
12	WGN46	39.1666666666669	2.12173225500772	1114	35.0036247879485	43.3297085453854
13	WGN46	41.166666666667	2.12173225500771	1114	37.0036247879486	45.3297085453854
14	WGN46	33.2500000000002	2.1217322550077	1114	29.0869581212818	37.4130418787186
15	WGN46	44.416666666667	2.12173225500771	1114	40.2536247879486	48.5797085453854
16	WGN46	47.5833333333336	2.12173225500768	1114	43.4202914546152	51.7463752120519
17	WGN46	45.5000000000002	2.12173225500767	1114	41.3369581212819	49.6630418787185
18	WGN46	42.8333333333336	2.12173225500769	1114	38.6702914546152	46.996375212052
19	WGN46	43.0000000000003	2.1217322550077	1114	38.8369581212819	47.1630418787187
20	WGN46	36.4763527653215	3.00125523170209	1114	30.5876025760319	42.3651029546111
21	WGN46	43.0236472346789	3.00125523170207	1114	37.1348970453894	48.9123974239685
22	WGN46	41.5000000000003	2.12173225500774	1114	37.3369581212818	45.6630418787187
23	WGN46	41.7500000000003	2.1217322550077	1114	37.5869581212819	45.9130418787187
24	WGN46	39.6666666666669	2.12173225500771	1114	35.5036247879485	43.8297085453853
25	WGN46	37.0000000000002	2.12173225500771	1114	32.8369581212818	41.1630418787186
26	WGN46	42.2500000000003	2.12173225500772	1114	38.0869581212819	46.4130418787187
27	WGN46	40.8096860986551	3.00125523170203	1114	34.9209359093656	46.6984362879446
28	WGN46	39.1666666666669	2.1217322550077	1114	35.0036247879485	43.3297085453853
29	WGN46	37.6666666666669	2.1217322550077	1114	33.5036247879485	41.8297085453853
30	WGN46	39.9166666666669	2.1217322550077	1114	35.7536247879485	44.0797085453853
31	WGN46	42.6666666666669	2.12173225500769	1114	38.5036247879486	46.8297085453853
32	WGN46	42.0000000000003	2.1217322550077	1114	37.8369581212819	46.1630418787187
33	WGN46	39.5000000000003	2.1217322550077	1114	35.3369581212819	43.6630418787187
34	WGN46	44.3333333333336	2.12173225500771	1114	40.1702914546152	48.496375212052
36	WGN46	36.8333333333337	2.12173225500769	1114	32.6702914546153	40.996375212052
37	WGN46	42.2500000000003	2.12173225500769	1114	38.0869581212819	46.4130418787187
38	WGN46	41.416666666667	2.12173225500768	1114	37.2536247879487	45.5797085453854
39	WGN46	34.5000000000003	2.1217322550077	1114	30.3369581212819	38.6630418787186
40	WGN46	40.0000000000003	2.12173225500768	1114	35.836958121282	44.1630418787187
41	WGN46	44.6666666666669	2.12173225500768	1114	40.5036247879486	48.8297085453852
42	WGN46	42.2500000000002	2.12173225500769	1114	38.0869581212818	46.4130418787186
43	WGN46	42.3333333333336	2.12173225500768	1114	38.1702914546152	46.4963752120519
44	WGN46	34.1666666666669	2.12173225500769	1114	30.0036247879485	38.3297085453853
45	WGN46	33.0000000000002	2.1217322550077	1114	28.8369581212819	37.1630418787186
46	WGN46	45.5000000000003	2.12173225500771	1114	41.336958121282	49.6630418787187
47	WGN46	41.5833333333336	2.12173225500769	1114	37.4202914546153	45.746375212052
48	WGN46	46.5000000000003	2.1217322550077	1114	42.336958121282	50.6630418787187
49	WGN46	45.0000000000003	2.12173225500769	1114	40.8369581212819	49.1630418787186
50	WGN46	42.0000000000003	2.12173225500769	1114	37.8369581212819	46.1630418787186
52	WGN46	41.3333333333337	2.12173225500769	1114	37.1702914546153	45.496375212052
53	WGN46	39.5833333333337	2.12173225500769	1114	35.4202914546153	43.746375212052
54	WGN46	42.0000000000003	2.12173225500769	1114	37.8369581212819	46.1630418787186
55	WGN46	37.4763527653216	3.00125523170209	1114	31.587602576032	43.3651029546112
56	WGN46	43.166666666667	2.12173225500769	1114	39.0036247879486	47.3297085453853
57	WGN46	40.916666666667	2.12173225500769	1114	36.7536247879486	45.0797085453853
58	WGN46	36.8333333333336	2.1217322550077	1114	32.6702914546152	40.996375212052
59	WGN46	41.166666666667	2.12173225500769	1114	37.0036247879487	45.3297085453854
60	WGN46	39.9166666666669	2.12173225500771	1114	35.7536247879485	44.0797085453853
61	WGN46	45.5000000000003	2.1217322550077	1114	41.3369581212819	49.6630418787187
62	WGN46	41.8333333333336	2.1217322550077	1114	37.6702914546152	45.996375212052
63	WGN46	39.3333333333336	2.1217322550077	1114	35.1702914546152	43.496375212052
64	WGN46	37.0000000000003	2.12173225500769	1114	32.836958121282	41.1630418787187
65	WGN46	40.5000000000003	2.12173225500769	1114	36.336958121282	44.6630418787187
66	WGN46	41.9166666666669	2.12173225500769	1114	37.7536247879486	46.0797085453853
67	WGN46	39.7500000000003	2.12173225500771	1114	35.5869581212819	43.9130418787187
68	WGN46	36.0833333333336	2.1217322550077	1114	31.9202914546152	40.246375212052
69	WGN46	45.1666666666671	2.12173225500771	1114	41.0036247879487	49.3297085453855
70	WGN46	35.8333333333336	2.1217322550077	1114	31.6702914546152	39.996375212052
71	WGN46	45.3333333333337	2.1217322550077	1114	41.1702914546153	49.4963752120521
72	WGN46	36.0833333333336	2.1217322550077	1114	31.9202914546152	40.246375212052
73	WGN46	40.0000000000003	2.12173225500769	1114	35.836958121282	44.1630418787187
74	WGN46	39.666666666667	2.1217322550077	1114	35.5036247879486	43.8297085453854
75	WGN46	35.916666666667	2.12173225500769	1114	31.7536247879486	40.0797085453853
76	WGN46	40.0000000000003	2.1217322550077	1114	35.8369581212819	44.1630418787187
78	WGN46	31.8333333333336	2.1217322550077	1114	27.6702914546153	35.996375212052
79	WGN46	44.5000000000003	2.1217322550077	1114	40.3369581212819	48.6630418787187
80	WGN46	56.8333333333336	2.1217322550077	1114	52.6702914546152	60.9963752120519
81	WGN46	42.8333333333337	2.1217322550077	1114	38.6702914546153	46.996375212052
82	WGN46	52.3096860986551	3.00125523170207	1114	46.4209359093655	58.1984362879446
83	WGN46	38.3333333333337	2.12173225500769	1114	34.1702914546153	42.496375212052
84	WGN46	45.3333333333336	2.1217322550077	1114	41.1702914546153	49.496375212052
85	WGN46	38.166666666667	2.1217322550077	1114	34.0036247879486	42.3297085453854
86	WGN46	46.4166666666669	2.1217322550077	1114	42.2536247879486	50.5797085453853
87	WGN46	42.6666666666669	2.1217322550077	1114	38.5036247879486	46.8297085453853
88	WGN46	39.8333333333336	2.12173225500771	1114	35.6702914546152	43.996375212052
89	WGN46	45.916666666667	2.1217322550077	1114	41.7536247879486	50.0797085453854
90	WGN46	43.7500000000003	2.1217322550077	1114	39.5869581212819	47.9130418787187
91	WGN46	48.1666666666669	2.12173225500769	1114	44.0036247879486	52.3297085453853
92	WGN46	43.5000000000003	2.1217322550077	1114	39.3369581212819	47.6630418787187
93	WGN46	37.5000000000003	2.12173225500769	1114	33.336958121282	41.6630418787187
94	WGN46	42.0000000000003	2.1217322550077	1114	37.8369581212819	46.1630418787187
95	WGN46	36.666666666667	2.1217322550077	1114	32.5036247879486	40.8297085453854
96	WGN46	44.2500000000003	2.12173225500769	1114	40.0869581212819	48.4130418787187
98	WGN46	38.8333333333336	2.1217322550077	1114	34.6702914546152	42.996375212052
100	WGN46	44.8569805680122	3.00125523170206	1114	38.9682303787227	50.7457307573018
101	WGN46	36.8333333333336	2.1217322550077	1114	32.6702914546152	40.996375212052
102	WGN46	44.0000000000003	2.12173225500769	1114	39.8369581212819	48.1630418787186
103	WGN46	41.5000000000003	2.1217322550077	1114	37.3369581212819	45.6630418787187
104	WGN46	35.3333333333336	2.1217322550077	1114	31.1702914546153	39.496375212052
106	WGN46	37.8333333333336	2.1217322550077	1114	33.6702914546152	41.996375212052
107	WGN46	44.5833333333336	2.12173225500769	1114	40.4202914546153	48.746375212052
108	WGN46	47.3333333333336	2.1217322550077	1114	43.1702914546152	51.496375212052
109	WGN46	45.666666666667	2.1217322550077	1114	41.5036247879486	49.8297085453854
110	WGN46	42.0000000000003	2.1217322550077	1114	37.8369581212819	46.1630418787187
111	WGN46	37.5000000000003	2.1217322550077	1114	33.3369581212819	41.6630418787187
112	WGN46	44.6666666666669	2.1217322550077	1114	40.5036247879486	48.8297085453853
113	WGN46	48.0000000000003	2.1217322550077	1114	43.8369581212819	52.1630418787187
114	WGN46	40.3333333333336	2.1217322550077	1114	36.1702914546153	44.496375212052
115	WGN46	48.0000000000003	2.1217322550077	1114	43.8369581212819	52.1630418787186
116	WGN46	40.5000000000003	2.1217322550077	1114	36.3369581212819	44.6630418787187
117	WGN46	43.0833333333336	2.1217322550077	1114	38.9202914546153	47.246375212052
118	WGN46	39.166666666667	2.1217322550077	1114	35.0036247879486	43.3297085453854
119	WGN46	50.6666666666669	2.1217322550077	1114	46.5036247879486	54.8297085453853
120	WGN46	48.1666666666669	2.1217322550077	1114	44.0036247879486	52.3297085453853
121	WGN46	35.8333333333336	2.1217322550077	1114	31.6702914546153	39.996375212052
122	WGN46	35.3333333333336	2.1217322550077	1114	31.1702914546153	39.496375212052
123	WGN46	39.666666666667	2.1217322550077	1114	35.5036247879486	43.8297085453854
124	WGN46	32.0000000000003	2.1217322550077	1114	27.8369581212819	36.1630418787187
125	WGN46	40.3333333333336	2.1217322550077	1114	36.1702914546152	44.496375212052
126	WGN46	41.4166666666669	2.1217322550077	1114	37.2536247879486	45.5797085453853
127	WGN46	44.2500000000003	2.1217322550077	1114	40.0869581212819	48.4130418787187
128	WGN46	39.666666666667	2.1217322550077	1114	35.5036247879486	43.8297085453854
129	WGN46	42.3333333333336	2.1217322550077	1114	38.1702914546153	46.496375212052
130	WGN46	29.5833333333336	2.1217322550077	1114	25.4202914546153	33.746375212052
1	WGN55	40.2500000000007	2.1217322550077	1114	36.0869581212823	44.4130418787191
2	WGN55	33.8333333333337	2.1217322550077	1114	29.6702914546153	37.9963752120521
3	WGN55	38.0000000000004	2.1217322550077	1114	33.8369581212821	42.1630418787188
4	WGN55	37.8333333333336	2.1217322550077	1114	33.6702914546153	41.996375212052
5	WGN55	38.5833333333338	2.12173225500769	1114	34.4202914546155	42.7463752120522
6	WGN55	40.2500000000005	2.12173225500771	1114	36.0869581212821	44.4130418787189
7	WGN55	42.5000000000004	2.12173225500771	1114	38.336958121282	46.6630418787188
8	WGN55	31.5000000000005	2.12173225500769	1114	27.3369581212822	35.6630418787189
9	WGN55	35.8333333333339	2.12173225500767	1114	31.6702914546156	39.9963752120522
10	WGN55	40.6666666666671	2.12173225500769	1114	36.5036247879487	44.8297085453854
11	WGN55	48.3333333333337	2.12173225500769	1114	44.1702914546154	52.4963752120521
12	WGN55	37.5833333333339	2.12173225500767	1114	33.4202914546156	41.7463752120522
13	WGN55	36.333333333334	2.12173225500769	1114	32.1702914546157	40.4963752120524
14	WGN55	36.2500000000003	2.12173225500771	1114	32.0869581212819	40.4130418787187
15	WGN55	41.0000000000004	2.12173225500768	1114	36.8369581212821	45.1630418787188
16	WGN55	37.5000000000004	2.12173225500771	1114	33.336958121282	41.6630418787188
17	WGN55	42.6666666666673	2.12173225500772	1114	38.5036247879488	46.8297085453857
18	WGN55	40.3333333333337	2.1217322550077	1114	36.1702914546153	44.4963752120521
19	WGN55	43.6666666666671	2.12173225500768	1114	39.5036247879488	47.8297085453855
20	WGN55	44.0833333333337	2.12173225500769	1114	39.9202914546154	48.2463752120521
21	WGN55	41.0833333333338	2.1217322550077	1114	36.9202914546154	45.2463752120521
22	WGN55	37.7500000000004	2.12173225500771	1114	33.586958121282	41.9130418787188
23	WGN55	41.0000000000004	2.12173225500768	1114	36.8369581212821	45.1630418787188
24	WGN55	36.4166666666672	2.12173225500773	1114	32.2536247879487	40.5797085453856
25	WGN55	43.5000000000005	2.12173225500769	1114	39.3369581212821	47.6630418787188
26	WGN55	39.0000000000005	2.12173225500771	1114	34.8369581212821	43.1630418787189
27	WGN55	41.9166666666672	2.1217322550077	1114	37.7536247879488	46.0797085453856
28	WGN55	39.3333333333338	2.12173225500768	1114	35.1702914546155	43.4963752120522
29	WGN55	38.3333333333338	2.12173225500767	1114	34.1702914546155	42.4963752120521
30	WGN55	41.7500000000004	2.12173225500768	1114	37.5869581212821	45.9130418787188
31	WGN55	46.0000000000005	2.12173225500769	1114	41.8369581212821	50.1630418787188
32	WGN55	39.8333333333338	2.12173225500771	1114	35.6702914546154	43.9963752120522
33	WGN55	34.0000000000005	2.12173225500769	1114	29.8369581212822	38.1630418787189
34	WGN55	36.3333333333338	2.12173225500769	1114	32.1702914546154	40.4963752120521
35	WGN55	40.0000000000005	2.12173225500769	1114	35.8369581212821	44.1630418787188
36	WGN55	47.0833333333339	2.1217322550077	1114	42.9202914546155	51.2463752120522
37	WGN55	40.7500000000004	2.12173225500768	1114	36.5869581212821	44.9130418787188
38	WGN55	40.5833333333338	2.12173225500769	1114	36.4202914546154	44.7463752120522
40	WGN55	34.416666666667	2.12173225500771	1114	30.2536247879486	38.5797085453854
41	WGN55	38.1666666666671	2.12173225500769	1114	34.0036247879487	42.3297085453854
42	WGN55	34.2500000000005	2.12173225500769	1114	30.0869581212821	38.4130418787188
43	WGN55	40.7500000000004	2.12173225500769	1114	36.5869581212821	44.9130418787188
44	WGN55	33.3333333333338	2.12173225500769	1114	29.1702914546155	37.4963752120522
45	WGN55	39.2500000000005	2.12173225500767	1114	35.0869581212822	43.4130418787188
46	WGN55	25.4763527653216	3.00125523170209	1114	19.587602576032	31.3651029546112
47	WGN55	48.7500000000004	2.12173225500767	1114	44.586958121282	52.9130418787187
48	WGN55	38.916666666667	2.12173225500771	1114	34.7536247879486	43.0797085453854
49	WGN55	37.1666666666671	2.12173225500771	1114	33.0036247879487	41.3297085453855
50	WGN55	39.9166666666671	2.12173225500769	1114	35.7536247879488	44.0797085453855
52	WGN55	40.3333333333337	2.12173225500769	1114	36.1702914546154	44.4963752120521
53	WGN55	43.0000000000004	2.1217322550077	1114	38.8369581212821	47.1630418787188
54	WGN55	36.2500000000005	2.12173225500769	1114	32.0869581212821	40.4130418787188
55	WGN55	44.7500000000005	2.12173225500769	1114	40.5869581212821	48.9130418787188
56	WGN55	38.6666666666672	2.12173225500769	1114	34.5036247879488	42.8297085453855
57	WGN55	29.0236472346793	3.00125523170205	1114	23.1348970453898	34.9123974239688
58	WGN55	42.3333333333338	2.12173225500769	1114	38.1702914546154	46.4963752120521
59	WGN55	40.7500000000005	2.12173225500769	1114	36.5869581212821	44.9130418787188
60	WGN55	38.8333333333338	2.1217322550077	1114	34.6702914546154	42.9963752120522
61	WGN55	30.0000000000005	2.1217322550077	1114	25.8369581212821	34.1630418787188
62	WGN55	38.3333333333338	2.12173225500771	1114	34.1702914546154	42.4963752120522
63	WGN55	41.7500000000005	2.1217322550077	1114	37.5869581212821	45.9130418787188
64	WGN55	34.1666666666671	2.1217322550077	1114	30.0036247879487	38.3297085453855
65	WGN55	40.0000000000005	2.12173225500769	1114	35.8369581212822	44.1630418787189
66	WGN55	42.5000000000005	2.1217322550077	1114	38.3369581212821	46.6630418787188
67	WGN55	40.1430194319885	3.00125523170209	1114	34.2542692426989	46.0317696212781
68	WGN55	36.0000000000005	2.12173225500768	1114	31.8369581212822	40.1630418787189
69	WGN55	37.416666666667	2.12173225500772	1114	33.2536247879486	41.5797085453854
70	WGN55	43.0833333333337	2.12173225500768	1114	38.9202914546154	47.2463752120521
71	WGN55	35.1666666666672	2.1217322550077	1114	31.0036247879488	39.3297085453856
72	WGN55	35.3333333333338	2.1217322550077	1114	31.1702914546155	39.4963752120522
73	WGN55	40.7500000000005	2.1217322550077	1114	36.5869581212821	44.9130418787189
74	WGN55	43.5833333333338	2.12173225500771	1114	39.4202914546154	47.7463752120522
75	WGN55	46.5833333333338	2.12173225500769	1114	42.4202914546154	50.7463752120522
76	WGN55	45.1666666666671	2.12173225500769	1114	41.0036247879487	49.3297085453855
77	WGN55	37.3096860986552	3.00125523170206	1114	31.4209359093657	43.1984362879448
78	WGN55	39.9166666666672	2.1217322550077	1114	35.7536247879488	44.0797085453856
80	WGN55	37.8333333333338	2.12173225500769	1114	33.6702914546155	41.9963752120522
81	WGN55	43.5833333333338	2.1217322550077	1114	39.4202914546154	47.7463752120522
82	WGN55	43.0833333333338	2.12173225500769	1114	38.9202914546155	47.2463752120522
83	WGN55	33.0833333333338	2.1217322550077	1114	28.9202914546154	37.2463752120522
84	WGN55	42.1666666666671	2.12173225500769	1114	38.0036247879488	46.3297085453855
85	WGN55	38.0000000000005	2.1217322550077	1114	33.8369581212821	42.1630418787188
86	WGN55	39.4166666666672	2.1217322550077	1114	35.2536247879488	43.5797085453855
87	WGN55	46.4166666666671	2.12173225500769	1114	42.2536247879487	50.5797085453855
88	WGN55	41.1666666666671	2.1217322550077	1114	37.0036247879487	45.3297085453855
89	WGN55	39.9166666666671	2.1217322550077	1114	35.7536247879487	44.0797085453855
90	WGN55	33.1666666666671	2.12173225500769	1114	29.0036247879488	37.3297085453855
91	WGN55	39.9166666666672	2.1217322550077	1114	35.7536247879488	44.0797085453855
92	WGN55	42.8333333333339	2.12173225500771	1114	38.6702914546155	46.9963752120522
93	WGN55	44.9166666666671	2.1217322550077	1114	40.7536247879487	49.0797085453855
94	WGN55	40.2500000000005	2.1217322550077	1114	36.0869581212821	44.4130418787188
95	WGN55	39.0000000000005	2.12173225500769	1114	34.8369581212821	43.1630418787188
96	WGN55	36.0000000000005	2.12173225500769	1114	31.8369581212821	40.1630418787188
97	WGN55	39.2500000000004	2.1217322550077	1114	35.0869581212821	43.4130418787188
98	WGN55	42.5833333333338	2.1217322550077	1114	38.4202914546155	46.7463752120522
99	WGN55	36.4166666666671	2.12173225500769	1114	32.2536247879488	40.5797085453855
100	WGN55	43.0833333333338	2.12173225500769	1114	38.9202914546154	47.2463752120521
101	WGN55	34.8333333333338	2.12173225500769	1114	30.6702914546154	38.9963752120521
102	WGN55	38.5833333333338	2.1217322550077	1114	34.4202914546154	42.7463752120522
103	WGN55	36.0000000000004	2.1217322550077	1114	31.8369581212821	40.1630418787188
104	WGN55	43.9763527653218	3.00125523170207	1114	38.0876025760323	49.8651029546114
105	WGN55	33.7500000000005	2.1217322550077	1114	29.5869581212821	37.9130418787188
106	WGN55	37.3333333333338	2.1217322550077	1114	33.1702914546154	41.4963752120522
107	WGN55	37.2500000000004	2.1217322550077	1114	33.0869581212821	41.4130418787188
108	WGN55	36.1666666666671	2.1217322550077	1114	32.0036247879488	40.3297085453855
109	WGN55	38.5000000000005	2.1217322550077	1114	34.3369581212821	42.6630418787188
110	WGN55	36.4166666666671	2.1217322550077	1114	32.2536247879487	40.5797085453855
111	WGN55	42.3333333333338	2.1217322550077	1114	38.1702914546155	46.4963752120522
112	WGN55	44.5000000000005	2.12173225500769	1114	40.3369581212821	48.6630418787188
113	WGN55	42.3333333333338	2.12173225500769	1114	38.1702914546154	46.4963752120521
114	WGN55	38.6666666666672	2.1217322550077	1114	34.5036247879488	42.8297085453855
115	WGN55	37.3333333333338	2.1217322550077	1114	33.1702914546154	41.4963752120522
116	WGN55	35.5833333333338	2.1217322550077	1114	31.4202914546154	39.7463752120521
117	WGN55	34.0833333333338	2.1217322550077	1114	29.9202914546154	38.2463752120522
118	WGN55	33.9166666666672	2.1217322550077	1114	29.7536247879488	38.0797085453856
119	WGN55	39.2500000000005	2.1217322550077	1114	35.0869581212821	43.4130418787188
120	WGN55	42.9763527653218	3.00125523170207	1114	37.0876025760323	48.8651029546114
121	WGN55	37.5000000000005	2.1217322550077	1114	33.3369581212821	41.6630418787188
122	WGN55	38.2500000000005	2.1217322550077	1114	34.0869581212821	42.4130418787188
123	WGN55	39.5833333333338	2.1217322550077	1114	35.4202914546154	43.7463752120522
124	WGN55	36.5000000000005	2.1217322550077	1114	32.3369581212821	40.6630418787188
125	WGN55	34.3333333333338	2.1217322550077	1114	30.1702914546154	38.4963752120522
126	WGN55	35.1666666666672	2.1217322550077	1114	31.0036247879488	39.3297085453855
128	WGN55	41.0000000000005	2.1217322550077	1114	36.8369581212821	45.1630418787188
129	WGN55	45.5000000000005	2.1217322550077	1114	41.3369581212821	49.6630418787188
130	WGN55	35.5833333333338	2.1217322550077	1114	31.4202914546154	39.7463752120521
1	WGN63	38.5000000000005	2.12173225500768	1114	34.3369581212822	42.6630418787189
2	WGN63	43.9183333333337	2.12173225500769	1114	39.7552914546154	48.0813752120521
3	WGN63	35.3333333333338	2.12173225500768	1114	31.1702914546155	39.4963752120522
4	WGN63	40.166666666667	2.12173225500769	1114	36.0036247879487	44.3297085453854
5	WGN63	34.8333333333338	2.12173225500769	1114	30.6702914546154	38.9963752120522
6	WGN63	36.166666666667	2.12173225500771	1114	32.0036247879486	40.3297085453854
7	WGN63	43.1666666666671	2.12173225500771	1114	39.0036247879488	47.3297085453855
8	WGN63	40.6666666666673	2.12173225500769	1114	36.5036247879489	44.8297085453857
9	WGN63	50.166666666667	2.1217322550077	1114	46.0036247879487	54.3297085453854
10	WGN63	41.5833333333337	2.12173225500767	1114	37.4202914546153	45.746375212052
12	WGN63	43.166666666667	2.12173225500769	1114	39.0036247879487	47.3297085453854
13	WGN63	40.1666666666671	2.12173225500772	1114	36.0036247879487	44.3297085453855
14	WGN63	43.9763527653217	3.00125523170205	1114	38.0876025760322	49.8651029546112
16	WGN63	32.5833333333338	2.12173225500768	1114	28.4202914546155	36.7463752120521
17	WGN63	42.1666666666672	2.12173225500771	1114	38.0036247879488	46.3297085453856
18	WGN63	40.6666666666671	2.1217322550077	1114	36.5036247879488	44.8297085453855
19	WGN63	36.3333333333338	2.12173225500768	1114	32.1702914546154	40.4963752120521
20	WGN63	37.5000000000004	2.12173225500768	1114	33.3369581212821	41.6630418787188
21	WGN63	45.5000000000005	2.1217322550077	1114	41.3369581212821	49.6630418787189
22	WGN63	41.3333333333337	2.12173225500769	1114	37.1702914546154	45.4963752120521
23	WGN63	40.666666666667	2.12173225500768	1114	36.5036247879487	44.8297085453854
24	WGN63	41.8333333333337	2.1217322550077	1114	37.6702914546154	45.9963752120521
25	WGN63	38.5000000000004	2.1217322550077	1114	34.3369581212821	42.6630418787188
26	WGN63	37.5000000000004	2.1217322550077	1114	33.336958121282	41.6630418787188
27	WGN63	36.416666666667	2.12173225500771	1114	32.2536247879486	40.5797085453854
28	WGN63	36.5833333333337	2.1217322550077	1114	32.4202914546154	40.7463752120521
29	WGN63	41.666666666667	2.12173225500769	1114	37.5036247879487	45.8297085453854
30	WGN63	41.6666666666671	2.1217322550077	1114	37.5036247879487	45.8297085453855
31	WGN63	42.1666666666671	2.1217322550077	1114	38.0036247879487	46.3297085453855
32	WGN63	40.5000000000004	2.12173225500769	1114	36.3369581212821	44.6630418787188
33	WGN63	34.431666666667	2.1217322550077	1114	30.2686247879487	38.5947085453854
34	WGN63	41.0000000000004	2.1217322550077	1114	36.836958121282	45.1630418787188
35	WGN63	39.166666666667	2.1217322550077	1114	35.0036247879486	43.3297085453854
36	WGN63	32.5000000000005	2.12173225500769	1114	28.3369581212821	36.6630418787188
37	WGN63	39.5000000000005	2.1217322550077	1114	35.3369581212821	43.6630418787188
38	WGN63	39.1430194319884	3.00125523170206	1114	33.2542692426989	45.031769621278
39	WGN63	41.1430194319885	3.00125523170208	1114	35.254269242699	47.0317696212781
40	WGN63	30.1666666666672	2.12173225500768	1114	26.0036247879489	34.3297085453855
41	WGN63	37.5000000000004	2.12173225500769	1114	33.336958121282	41.6630418787187
42	WGN63	36.8333333333337	2.12173225500771	1114	32.6702914546153	40.9963752120521
43	WGN63	37.3333333333337	2.1217322550077	1114	33.1702914546153	41.4963752120521
44	WGN63	33.8096860986552	3.00125523170206	1114	27.9209359093656	39.6984362879447
45	WGN63	40.166666666667	2.12173225500769	1114	36.0036247879487	44.3297085453854
46	WGN63	51.2500000000003	2.12173225500769	1114	47.086958121282	55.4130418787187
47	WGN63	39.6666666666672	2.12173225500771	1114	35.5036247879488	43.8297085453856
48	WGN63	49.5000000000003	2.12173225500768	1114	45.3369581212819	53.6630418787186
49	WGN63	39.6666666666671	2.12173225500769	1114	35.5036247879487	43.8297085453854
50	WGN63	38.5000000000004	2.12173225500769	1114	34.336958121282	42.6630418787188
51	WGN63	44.5000000000004	2.1217322550077	1114	40.336958121282	48.6630418787188
52	WGN63	45.3333333333337	2.12173225500769	1114	41.1702914546154	49.4963752120521
53	WGN63	37.2500000000004	2.1217322550077	1114	33.086958121282	41.4130418787188
54	WGN63	37.166666666667	2.1217322550077	1114	33.0036247879487	41.3297085453854
55	WGN63	39.0000000000004	2.1217322550077	1114	34.8369581212821	43.1630418787188
56	WGN63	41.8333333333337	2.12173225500769	1114	37.6702914546154	45.9963752120521
57	WGN63	45.0833333333338	2.12173225500769	1114	40.9202914546154	49.2463752120521
58	WGN63	34.8333333333337	2.1217322550077	1114	30.6702914546153	38.9963752120521
59	WGN63	42.0000000000004	2.12173225500769	1114	37.836958121282	46.1630418787188
60	WGN63	44.0000000000004	2.12173225500768	1114	39.836958121282	48.1630418787187
61	WGN63	40.8333333333337	2.1217322550077	1114	36.6702914546153	44.9963752120521
62	WGN63	39.4166666666671	2.12173225500769	1114	35.2536247879488	43.5797085453855
63	WGN63	43.5236472346791	3.00125523170208	1114	37.6348970453895	49.4123974239687
64	WGN63	33.3333333333337	2.12173225500771	1114	29.1702914546153	37.4963752120521
65	WGN63	41.6666666666671	2.1217322550077	1114	37.5036247879487	45.8297085453855
66	WGN63	46.9166666666672	2.12173225500771	1114	42.7536247879488	51.0797085453856
67	WGN63	34.0000000000004	2.1217322550077	1114	29.836958121282	38.1630418787188
68	WGN63	37.9166666666671	2.1217322550077	1114	33.7536247879487	42.0797085453855
69	WGN63	29.8333333333337	2.1217322550077	1114	25.6702914546153	33.9963752120521
70	WGN63	37.7500000000004	2.12173225500769	1114	33.5869581212821	41.9130418787188
72	WGN63	45.3333333333338	2.12173225500769	1114	41.1702914546154	49.4963752120521
73	WGN63	32.3333333333338	2.12173225500769	1114	28.1702914546155	36.4963752120522
74	WGN63	42.8333333333337	2.1217322550077	1114	38.6702914546154	46.9963752120521
75	WGN63	36.0000000000004	2.1217322550077	1114	31.8369581212821	40.1630418787188
76	WGN63	40.2500000000004	2.1217322550077	1114	36.0869581212821	44.4130418787188
77	WGN63	40.6666666666671	2.12173225500769	1114	36.5036247879487	44.8297085453854
78	WGN63	43.8333333333338	2.1217322550077	1114	39.6702914546154	47.9963752120522
79	WGN63	41.0833333333338	2.12173225500769	1114	36.9202914546154	45.2463752120521
80	WGN63	38.3333333333338	2.12173225500769	1114	34.1702914546154	42.4963752120521
81	WGN63	37.9166666666671	2.12173225500769	1114	33.7536247879488	42.0797085453855
82	WGN63	39.6666666666671	2.1217322550077	1114	35.5036247879488	43.8297085453855
83	WGN63	43.5000000000004	2.1217322550077	1114	39.3369581212821	47.6630418787188
84	WGN63	40.0833333333337	2.1217322550077	1114	35.9202914546153	44.2463752120521
85	WGN63	42.4166666666671	2.1217322550077	1114	38.2536247879488	46.5797085453855
86	WGN63	40.6666666666671	2.12173225500769	1114	36.5036247879487	44.8297085453854
87	WGN63	44.7500000000004	2.12173225500769	1114	40.586958121282	48.9130418787187
88	WGN63	38.8333333333338	2.12173225500769	1114	34.6702914546154	42.9963752120521
89	WGN63	39.6666666666671	2.12173225500769	1114	35.5036247879487	43.8297085453854
90	WGN63	41.4763527653218	3.00125523170207	1114	35.5876025760323	47.3651029546113
91	WGN63	43.166666666667	2.12173225500769	1114	39.0036247879487	47.3297085453854
92	WGN63	43.3333333333338	2.12173225500769	1114	39.1702914546154	47.4963752120521
93	WGN63	36.1666666666671	2.1217322550077	1114	32.0036247879487	40.3297085453854
94	WGN63	43.6666666666671	2.1217322550077	1114	39.5036247879487	47.8297085453855
95	WGN63	47.5833333333338	2.12173225500769	1114	43.4202914546154	51.7463752120521
96	WGN63	39.9166666666671	2.1217322550077	1114	35.7536247879487	44.0797085453855
97	WGN63	43.916666666667	2.12173225500769	1114	39.7536247879487	48.0797085453854
98	WGN63	39.1903139013457	3.00125523170207	1114	33.3015637120561	45.0790640906352
99	WGN63	48.8569805680124	3.00125523170206	1114	42.9682303787228	54.7457307573019
100	WGN63	43.3333333333338	2.1217322550077	1114	39.1702914546154	47.4963752120521
101	WGN63	37.5236472346791	3.00125523170207	1114	31.6348970453895	43.4123974239686
102	WGN63	41.1666666666671	2.12173225500769	1114	37.0036247879488	45.3297085453855
103	WGN63	38.8333333333337	2.1217322550077	1114	34.6702914546154	42.9963752120521
105	WGN63	42.1666666666671	2.1217322550077	1114	38.0036247879488	46.3297085453855
106	WGN63	37.1666666666671	2.1217322550077	1114	33.0036247879488	41.3297085453855
107	WGN63	38.5833333333338	2.1217322550077	1114	34.4202914546154	42.7463752120521
109	WGN63	38.0833333333338	2.1217322550077	1114	33.9202914546154	42.2463752120521
110	WGN63	32.8096860986552	3.00125523170207	1114	26.9209359093656	38.6984362879447
111	WGN63	34.6666666666671	2.12173225500769	1114	30.5036247879488	38.8297085453855
112	WGN63	41.0000000000004	2.12173225500769	1114	36.836958121282	45.1630418787188
114	WGN63	38.8333333333338	2.1217322550077	1114	34.6702914546154	42.9963752120521
115	WGN63	42.1666666666671	2.1217322550077	1114	38.0036247879487	46.3297085453854
116	WGN63	43.5000000000004	2.1217322550077	1114	39.3369581212821	47.6630418787188
117	WGN63	45.3333333333338	2.1217322550077	1114	41.1702914546154	49.4963752120521
118	WGN63	42.8333333333337	2.1217322550077	1114	38.6702914546154	46.9963752120521
119	WGN63	42.4166666666671	2.12173225500769	1114	38.2536247879488	46.5797085453855
121	WGN63	42.7500000000004	2.1217322550077	1114	38.586958121282	46.9130418787188
122	WGN63	38.2500000000004	2.1217322550077	1114	34.0869581212821	42.4130418787188
123	WGN63	30.6666666666671	2.1217322550077	1114	26.5036247879488	34.8297085453855
124	WGN63	42.2500000000004	2.12173225500769	1114	38.0869581212821	46.4130418787188
125	WGN63	43.4763527653218	3.00125523170207	1114	37.5876025760322	49.3651029546113
126	WGN63	38.0000000000004	2.12173225500769	1114	33.8369581212821	42.1630418787188
127	WGN63	41.3333333333338	2.12173225500769	1114	37.1702914546154	45.4963752120521
128	WGN63	37.0000000000004	2.12173225500769	1114	32.8369581212821	41.1630418787188
129	WGN63	40.9166666666671	2.12173225500769	1114	36.7536247879487	45.0797085453854
130	WGN63	41.6666666666671	2.12173225500769	1114	37.5036247879488	45.8297085453855
