plantID3	famID	emmean	SE	df	lower.CL	upper.CL
1	WGN07	25.1666666666677	2.01566150732518	962	21.2110659761999	29.1222673571355
2	WGN07	27.1666666666676	2.01566150732527	962	23.2110659761996	31.1222673571355
3	WGN07	24.3333333333345	2.01566150732503	962	20.377732642867	28.2889340238019
4	WGN07	18.1666666666672	2.01566150732499	962	14.2110659761997	22.1222673571346
5	WGN07	25.0000000000001	2.01566150732523	962	21.0443993095322	28.955600690468
6	WGN07	16.8333333333333	2.01566150732524	962	12.8777326428654	20.7889340238012
7	WGN07	23.1666666666667	2.01566150732519	962	19.2110659761989	27.1222673571345
8	WGN07	25.8333333333337	2.01566150732518	962	21.8777326428659	29.7889340238015
9	WGN07	30.3333333333335	2.01566150732521	962	26.3777326428657	34.2889340238013
10	WGN07	20.3333333333333	2.01566150732521	962	16.3777326428655	24.2889340238012
11	WGN07	23.889840775355	2.85131576966108	962	18.2943245707617	29.4853569799484
12	WGN07	23.8898407753553	2.85131576966128	962	18.2943245707616	29.485356979949
13	WGN07	26.6666666666669	2.01566150732519	962	22.7110659761991	30.6222673571347
14	WGN07	22.6666666666668	2.01566150732517	962	18.711065976199	26.6222673571346
15	WGN07	29.0000000000001	2.01566150732522	962	25.0443993095322	32.9556006904679
16	WGN07	22.1666666666667	2.01566150732519	962	18.2110659761989	26.1222673571345
17	WGN07	29.8333333333333	2.01566150732524	962	25.8777326428654	33.7889340238012
18	WGN07	26.4999999999999	2.01566150732519	962	22.5443993095321	30.4556006904677
20	WGN07	15.889840775355	2.8513157696612	962	10.2943245707614	21.4853569799485
21	WGN07	21.6666666666668	2.01566150732515	962	17.7110659761991	25.6222673571345
22	WGN07	21.0000000000002	2.0156615073252	962	17.0443993095323	24.955600690468
23	WGN07	23.2231741086884	2.85131576966123	962	17.6276579040948	28.818690313282
24	WGN07	26.2231741086879	2.85131576966107	962	20.6276579040946	31.8186903132812
25	WGN07	24.223174108688	2.85131576966114	962	18.6276579040946	29.8186903132815
26	WGN07	23.5000000000001	2.01566150732523	962	19.5443993095322	27.4556006904679
27	WGN07	24.6666666666667	2.0156615073252	962	20.7110659761989	28.6222673571345
28	WGN07	27.3333333333334	2.0156615073252	962	23.3777326428656	31.2889340238012
29	WGN07	24	2.01566150732518	962	20.0443993095322	27.9556006904678
30	WGN07	20.6666666666668	2.0156615073252	962	16.711065976199	24.6222673571346
31	WGN07	24.8333333333334	2.01566150732514	962	20.8777326428656	28.7889340238011
32	WGN07	25.9166666666669	2.0156615073252	962	21.9610659761991	29.8722673571347
33	WGN07	26.3333333333333	2.0156615073252	962	22.3777326428655	30.2889340238012
34	WGN07	26.5000000000002	2.01566150732519	962	22.5443993095324	30.455600690468
35	WGN07	26.5000000000002	2.0156615073252	962	22.5443993095324	30.455600690468
36	WGN07	20.1666666666666	2.01566150732522	962	16.2110659761988	24.1222673571345
37	WGN07	26.6666666666669	2.01566150732523	962	22.711065976199	30.6222673571348
38	WGN07	25.5000000000002	2.01566150732524	962	21.5443993095323	29.4556006904681
39	WGN07	18.5000000000004	2.01566150732515	962	14.5443993095327	22.4556006904681
40	WGN07	17.5	2.0156615073252	962	13.5443993095322	21.4556006904679
41	WGN07	22.8898407753549	2.85131576966116	962	17.2943245707615	28.4853569799484
42	WGN07	23.1666666666667	2.0156615073252	962	19.2110659761989	27.1222673571345
44	WGN07	16.8333333333334	2.0156615073252	962	12.8777326428656	20.7889340238012
46	WGN07	19.5000000000001	2.01566150732519	962	15.5443993095323	23.4556006904679
47	WGN07	24.2231741086881	2.85131576966111	962	18.6276579040948	29.8186903132815
48	WGN07	28.3333333333334	2.01566150732516	962	24.3777326428656	32.2889340238011
49	WGN07	22.2231741086883	2.8513157696611	962	16.627657904095	27.8186903132817
50	WGN07	27	2.01566150732519	962	23.0443993095322	30.9556006904678
51	WGN07	26.3333333333335	2.0156615073252	962	22.3777326428656	30.2889340238013
52	WGN07	18.9999999999999	2.01566150732513	962	15.0443993095322	22.9556006904676
53	WGN07	23.4166666666667	2.01566150732517	962	19.461065976199	27.3722673571345
54	WGN07	24.0000000000001	2.01566150732519	962	20.0443993095323	27.9556006904679
55	WGN07	26.0000000000002	2.0156615073252	962	22.0443993095324	29.955600690468
56	WGN07	26.1666666666667	2.0156615073252	962	22.2110659761989	30.1222673571345
57	WGN07	24.5	2.01566150732514	962	20.5443993095323	28.4556006904677
58	WGN07	28.1666666666669	2.01566150732524	962	24.211065976199	32.1222673571348
59	WGN07	20.7500000000002	2.01566150732519	962	16.7943993095324	24.705600690468
60	WGN07	24.5000000000001	2.01566150732517	962	20.5443993095323	28.4556006904678
61	WGN07	27.0000000000001	2.01566150732528	962	23.0443993095322	30.9556006904681
63	WGN07	20.8333333333334	2.01566150732522	962	16.8777326428656	24.7889340238013
64	WGN07	24.8898407753551	2.85131576966112	962	19.2943245707617	30.4853569799485
66	WGN07	25.5000000000002	2.01566150732524	962	21.5443993095323	29.4556006904681
67	WGN07	15.0000000000002	2.01566150732519	962	11.0443993095324	18.955600690468
68	WGN07	16.4999999999999	2.01566150732525	962	12.5443993095319	20.4556006904678
69	WGN07	26.5565074420216	2.85131576966115	962	20.9609912374281	32.152023646615
71	WGN07	23.5000000000002	2.01566150732522	962	19.5443993095323	27.455600690468
73	WGN07	24.3333333333336	2.0156615073252	962	20.3777326428658	28.2889340238015
74	WGN07	27.8333333333334	2.01566150732518	962	23.8777326428656	31.7889340238012
75	WGN07	23.8333333333334	2.0156615073252	962	19.8777326428656	27.7889340238012
76	WGN07	23.3333333333333	2.01566150732519	962	19.3777326428655	27.2889340238011
77	WGN07	21.8333333333334	2.01566150732523	962	17.8777326428655	25.7889340238012
78	WGN07	21.3333333333335	2.01566150732521	962	17.3777326428656	25.2889340238013
79	WGN07	24.5000000000001	2.01566150732522	962	20.5443993095322	28.455600690468
80	WGN07	23.1666666666669	2.01566150732519	962	19.2110659761991	27.1222673571347
81	WGN07	21.5000000000001	2.01566150732522	962	17.5443993095322	25.4556006904679
82	WGN07	22.6666666666668	2.0156615073252	962	18.711065976199	26.6222673571346
83	WGN07	18.2231741086881	2.85131576966125	962	12.6276579040944	23.8186903132817
84	WGN07	22.5000000000001	2.0156615073252	962	18.5443993095323	26.4556006904679
85	WGN07	27.1666666666667	2.01566150732521	962	23.2110659761989	31.1222673571345
86	WGN07	22.5	2.01566150732522	962	18.5443993095322	26.4556006904679
87	WGN07	23.3333333333334	2.01566150732524	962	19.3777326428655	27.2889340238013
88	WGN07	27.8333333333336	2.01566150732521	962	23.8777326428657	31.7889340238014
89	WGN07	21.6666666666669	2.01566150732521	962	17.711065976199	25.6222673571347
90	WGN07	25.0000000000001	2.01566150732523	962	21.0443993095322	28.955600690468
91	WGN07	22.8333333333333	2.01566150732519	962	18.8777326428655	26.7889340238011
92	WGN07	25.1101592246453	2.85131576966113	962	19.5146430200519	30.7056754292387
93	WGN07	22.2231741086882	2.85131576966119	962	16.6276579040946	27.8186903132817
94	WGN07	20	2.01566150732522	962	16.0443993095322	23.9556006904679
95	WGN07	22.8333333333335	2.01566150732523	962	18.8777326428656	26.7889340238013
96	WGN07	15.9166666666667	2.0156615073252	962	11.9610659761989	19.8722673571345
97	WGN07	26.2231741086883	2.8513157696612	962	20.6276579040948	31.8186903132819
98	WGN07	22.3333333333335	2.01566150732518	962	18.3777326428657	26.2889340238012
99	WGN07	25.5000000000001	2.01566150732521	962	21.5443993095322	29.4556006904679
100	WGN07	27.1666666666669	2.01566150732523	962	23.211065976199	31.1222673571348
101	WGN07	22.2231741086884	2.8513157696612	962	16.6276579040949	27.818690313282
102	WGN07	27.8333333333335	2.01566150732522	962	23.8777326428656	31.7889340238013
103	WGN07	21.0000000000001	2.01566150732519	962	17.0443993095323	24.9556006904679
104	WGN07	25.5000000000002	2.01566150732521	962	21.5443993095323	29.455600690468
105	WGN07	21.1666666666668	2.0156615073252	962	17.2110659761989	25.1222673571346
106	WGN07	24.5565074420215	2.85131576966119	962	18.960991237428	30.152023646615
107	WGN07	23.6666666666668	2.0156615073252	962	19.711065976199	27.6222673571346
108	WGN07	26.5000000000003	2.01566150732523	962	22.5443993095324	30.4556006904682
109	WGN07	26.7768258913121	2.85131576966122	962	21.1813096867185	32.3723420959057
110	WGN07	26.3333333333334	2.01566150732521	962	22.3777326428656	30.2889340238012
112	WGN07	24.8333333333334	2.01566150732522	962	20.8777326428656	28.7889340238013
113	WGN07	20.8333333333337	2.01566150732518	962	16.8777326428659	24.7889340238014
114	WGN07	22.6666666666667	2.0156615073252	962	18.7110659761989	26.6222673571345
115	WGN07	28.1666666666667	2.01566150732521	962	24.2110659761989	32.1222673571346
116	WGN07	25.8333333333334	2.01566150732522	962	21.8777326428655	29.7889340238013
117	WGN07	23.0000000000002	2.0156615073252	962	19.0443993095324	26.955600690468
118	WGN07	27.1101592246452	2.85131576966114	962	21.5146430200518	32.7056754292387
119	WGN07	26.0000000000002	2.01566150732521	962	22.0443993095324	29.9556006904681
120	WGN07	27.6666666666667	2.0156615073252	962	23.7110659761989	31.6222673571346
121	WGN07	23.6666666666667	2.0156615073252	962	19.7110659761989	27.6222673571345
122	WGN07	27.2231741086882	2.85131576966119	962	21.6276579040947	32.8186903132818
123	WGN07	21.4999999999998	2.01566150732528	962	17.5443993095318	25.4556006904678
124	WGN07	24.2231741086882	2.8513157696612	962	18.6276579040946	29.8186903132817
125	WGN07	21.1666666666669	2.01566150732519	962	17.2110659761991	25.1222673571347
126	WGN07	28.0000000000001	2.01566150732521	962	24.0443993095323	31.9556006904679
127	WGN07	28.6666666666668	2.01566150732519	962	24.711065976199	32.6222673571346
128	WGN07	24.7768258913122	2.85131576966128	962	19.1813096867185	30.3723420959059
129	WGN07	26.0833333333333	2.01566150732519	962	22.1277326428654	30.0389340238011
130	WGN07	19.0000000000001	2.01566150732521	962	15.0443993095323	22.955600690468
1	WGN15	30	2.01566150732516	962	26.0443993095323	33.9556006904677
2	WGN15	23.5565074420213	2.85131576966121	962	17.9609912374277	29.1520236466149
3	WGN15	24.666666666667	2.01566150732515	962	20.7110659761993	28.6222673571347
4	WGN15	22.2231741086885	2.85131576966111	962	16.6276579040952	27.8186903132819
5	WGN15	26.9999999999998	2.01566150732522	962	23.044399309532	30.9556006904677
7	WGN15	28.5000000000001	2.0156615073252	962	24.5443993095322	32.4556006904679
8	WGN15	31.1666666666669	2.01566150732519	962	27.2110659761991	35.1222673571347
9	WGN15	26.5	2.01566150732524	962	22.5443993095321	30.4556006904679
10	WGN15	20.4999999999997	2.01566150732525	962	16.5443993095318	24.4556006904676
11	WGN15	24.8333333333334	2.01566150732519	962	20.8777326428657	28.7889340238012
12	WGN15	25.3333333333334	2.01566150732518	962	21.3777326428656	29.2889340238012
13	WGN15	30.5565074420214	2.85131576966124	962	24.9609912374278	36.152023646615
14	WGN15	25.5000000000001	2.01566150732521	962	21.5443993095322	29.4556006904679
15	WGN15	27.3333333333335	2.01566150732517	962	23.3777326428657	31.2889340238012
16	WGN15	27.5000000000001	2.01566150732516	962	23.5443993095324	31.4556006904679
17	WGN15	29.5565074420215	2.8513157696612	962	23.9609912374279	35.152023646615
18	WGN15	27.8898407753549	2.85131576966116	962	22.2943245707615	33.4853569799484
19	WGN15	23.1666666666665	2.01566150732522	962	19.2110659761986	27.1222673571343
20	WGN15	29	2.01566150732521	962	25.0443993095322	32.9556006904678
21	WGN15	26.6666666666667	2.01566150732519	962	22.7110659761989	30.6222673571345
22	WGN15	20.1666666666664	2.01566150732522	962	16.2110659761985	24.1222673571343
23	WGN15	18.6666666666669	2.01566150732518	962	14.7110659761991	22.6222673571347
24	WGN15	18.333333333333	2.01566150732523	962	14.3777326428652	22.2889340238009
25	WGN15	28.8333333333333	2.0156615073252	962	24.8777326428655	32.7889340238011
26	WGN15	24.6666666666666	2.01566150732519	962	20.7110659761988	28.6222673571344
27	WGN15	29.0833333333333	2.01566150732525	962	25.1277326428654	33.0389340238012
28	WGN15	27.8333333333333	2.0156615073252	962	23.8777326428655	31.7889340238011
29	WGN15	24.0000000000001	2.01566150732519	962	20.0443993095323	27.9556006904679
30	WGN15	22.889840775355	2.85131576966117	962	17.2943245707615	28.4853569799484
31	WGN15	26.1666666666667	2.0156615073252	962	22.2110659761989	30.1222673571346
32	WGN15	27.1666666666667	2.0156615073252	962	23.2110659761989	31.1222673571346
33	WGN15	33.1666666666668	2.01566150732518	962	29.211065976199	37.1222673571346
34	WGN15	28.1666666666668	2.01566150732519	962	24.211065976199	32.1222673571345
35	WGN15	23	2.01566150732525	962	19.0443993095321	26.9556006904679
36	WGN15	23.5000000000003	2.01566150732517	962	19.5443993095325	27.455600690468
37	WGN15	28.8333333333335	2.0156615073252	962	24.8777326428657	32.7889340238013
38	WGN15	23.8898407753548	2.85131576966114	962	18.2943245707614	29.4853569799482
39	WGN15	27.6666666666666	2.01566150732522	962	23.7110659761987	31.6222673571344
40	WGN15	25.3333333333334	2.01566150732522	962	21.3777326428655	29.2889340238012
41	WGN15	27.3333333333333	2.01566150732521	962	23.3777326428655	31.2889340238012
43	WGN15	21.6666666666667	2.0156615073252	962	17.7110659761989	25.6222673571345
44	WGN15	25	2.01566150732524	962	21.0443993095321	28.9556006904679
45	WGN15	20.8333333333336	2.01566150732518	962	16.8777326428658	24.7889340238013
46	WGN15	31.5	2.01566150732517	962	27.5443993095323	35.4556006904678
47	WGN15	24.9999999999998	2.01566150732519	962	21.044399309532	28.9556006904676
48	WGN15	25.223174108688	2.85131576966127	962	19.6276579040943	30.8186903132817
50	WGN15	24.0000000000001	2.01566150732518	962	20.0443993095323	27.9556006904679
51	WGN15	28.6666666666667	2.01566150732518	962	24.7110659761989	32.6222673571345
52	WGN15	27	2.01566150732521	962	23.0443993095321	30.9556006904678
53	WGN15	25.223174108688	2.85131576966123	962	19.6276579040944	30.8186903132816
54	WGN15	31.7768258913119	2.85131576966122	962	26.1813096867183	37.3723420959055
55	WGN15	26.5	2.0156615073252	962	22.5443993095322	30.4556006904678
56	WGN15	23.6666666666666	2.01566150732522	962	19.7110659761987	27.6222673571345
58	WGN15	26	2.01566150732521	962	22.0443993095322	29.9556006904678
59	WGN15	25.3333333333334	2.0156615073252	962	21.3777326428655	29.2889340238012
60	WGN15	26.25	2.0156615073252	962	22.2943993095322	30.2056006904678
61	WGN15	27.0000000000002	2.01566150732521	962	23.0443993095324	30.9556006904681
62	WGN15	25.5	2.01566150732518	962	21.5443993095323	29.4556006904678
63	WGN15	27.3333333333337	2.0156615073252	962	23.3777326428658	31.2889340238015
64	WGN15	25.6666666666668	2.0156615073252	962	21.711065976199	29.6222673571346
66	WGN15	18.6666666666669	2.01566150732518	962	14.7110659761991	22.6222673571347
67	WGN15	29.6666666666666	2.01566150732521	962	25.7110659761988	33.6222673571345
68	WGN15	27.5000000000001	2.01566150732518	962	23.5443993095323	31.4556006904679
69	WGN15	21.4999999999999	2.01566150732522	962	17.5443993095321	25.4556006904678
70	WGN15	24.1666666666669	2.0156615073252	962	20.2110659761991	28.1222673571347
71	WGN15	24.2231741086883	2.85131576966115	962	18.6276579040948	29.8186903132817
72	WGN15	29.5565074420215	2.85131576966118	962	23.960991237428	35.152023646615
73	WGN15	32.3333333333334	2.01566150732522	962	28.3777326428656	36.2889340238013
74	WGN15	26.2231741086882	2.85131576966122	962	20.6276579040946	31.8186903132818
75	WGN15	26.6666666666668	2.01566150732518	962	22.711065976199	30.6222673571346
77	WGN15	24.8333333333334	2.01566150732518	962	20.8777326428657	28.7889340238012
78	WGN15	20.6666666666664	2.01566150732522	962	16.7110659761986	24.6222673571343
79	WGN15	33.5000000000001	2.0156615073252	962	29.5443993095322	37.4556006904679
80	WGN15	29.5	2.01566150732521	962	25.5443993095322	33.4556006904678
81	WGN15	28.1666666666668	2.01566150732522	962	24.2110659761989	32.1222673571346
82	WGN15	27.1101592246451	2.85131576966111	962	21.5146430200517	32.7056754292385
83	WGN15	22.5565074420215	2.85131576966117	962	16.960991237428	28.152023646615
84	WGN15	25.6666666666667	2.01566150732519	962	21.7110659761989	29.6222673571345
85	WGN15	26.8333333333334	2.01566150732522	962	22.8777326428656	30.7889340238013
86	WGN15	24.75	2.01566150732522	962	20.7943993095321	28.7056006904678
87	WGN15	22.6666666666667	2.0156615073252	962	18.7110659761988	26.6222673571345
88	WGN15	29.7768258913119	2.85131576966118	962	24.1813096867184	35.3723420959054
89	WGN15	25.5	2.0156615073252	962	21.5443993095322	29.4556006904679
90	WGN15	27.0000000000001	2.01566150732518	962	23.0443993095323	30.9556006904679
91	WGN15	22	2.01566150732522	962	18.0443993095322	25.9556006904679
92	WGN15	24.3333333333333	2.01566150732518	962	20.3777326428655	28.2889340238011
93	WGN15	24.6666666666666	2.01566150732523	962	20.7110659761988	28.6222673571345
94	WGN15	27.1666666666667	2.01566150732521	962	23.2110659761989	31.1222673571346
95	WGN15	25.3333333333334	2.0156615073252	962	21.3777326428655	29.2889340238012
96	WGN15	21.5565074420215	2.85131576966118	962	15.960991237428	27.152023646615
97	WGN15	32.3333333333334	2.01566150732517	962	28.3777326428656	36.2889340238011
98	WGN15	30.6666666666665	2.01566150732523	962	26.7110659761987	34.6222673571344
99	WGN15	24.1666666666666	2.01566150732519	962	20.2110659761987	28.1222673571344
100	WGN15	27.1666666666667	2.01566150732516	962	23.2110659761989	31.1222673571344
101	WGN15	24.0000000000002	2.01566150732517	962	20.0443993095325	27.955600690468
102	WGN15	25.0000000000002	2.0156615073252	962	21.0443993095324	28.955600690468
103	WGN15	21.8898407753548	2.85131576966125	962	16.2943245707611	27.4853569799484
104	WGN15	23.0000000000001	2.01566150732518	962	19.0443993095323	26.9556006904678
106	WGN15	24.5565074420213	2.85131576966124	962	18.9609912374277	30.152023646615
107	WGN15	27.2231741086881	2.85131576966126	962	21.6276579040944	32.8186903132817
108	WGN15	29.1666666666668	2.0156615073252	962	25.211065976199	33.1222673571346
109	WGN15	20.8333333333336	2.01566150732518	962	16.8777326428658	24.7889340238014
110	WGN15	27.6666666666667	2.0156615073252	962	23.7110659761989	31.6222673571345
111	WGN15	27.8898407753548	2.85131576966123	962	22.2943245707612	33.4853569799484
112	WGN15	22.3333333333333	2.01566150732523	962	18.3777326428654	26.2889340238012
113	WGN15	29.6666666666667	2.01566150732518	962	25.7110659761989	33.6222673571345
114	WGN15	23.3333333333333	2.01566150732522	962	19.3777326428654	27.2889340238012
115	WGN15	25.3333333333334	2.0156615073252	962	21.3777326428655	29.2889340238012
116	WGN15	25.2231741086883	2.85131576966116	962	19.6276579040948	30.8186903132817
117	WGN15	25.6666666666667	2.01566150732519	962	21.7110659761989	29.6222673571345
118	WGN15	24.8333333333336	2.01566150732517	962	20.8777326428658	28.7889340238013
119	WGN15	21.8333333333334	2.01566150732518	962	17.8777326428656	25.7889340238012
120	WGN15	33.7768258913119	2.85131576966122	962	28.1813096867183	39.3723420959054
121	WGN15	26.8333333333334	2.01566150732521	962	22.8777326428655	30.7889340238012
122	WGN15	20.4434925579786	2.85131576966121	962	14.847976353385	26.0390087625721
123	WGN15	22	2.01566150732522	962	18.0443993095321	25.9556006904678
124	WGN15	22.8333333333334	2.01566150732519	962	18.8777326428656	26.7889340238012
125	WGN15	30.1666666666665	2.01566150732519	962	26.2110659761987	34.1222673571343
126	WGN15	25.6666666666666	2.01566150732523	962	21.7110659761987	29.6222673571345
127	WGN15	27	2.0156615073252	962	23.0443993095322	30.9556006904678
128	WGN15	29.1666666666666	2.01566150732522	962	25.2110659761988	33.1222673571345
129	WGN15	21.6666666666668	2.01566150732518	962	17.711065976199	25.6222673571346
130	WGN15	26.1666666666666	2.01566150732519	962	22.2110659761988	30.1222673571344
1	WGN26	29.0000000000003	2.0156615073252	962	25.0443993095325	32.9556006904681
3	WGN26	31.2231741086881	2.85131576966123	962	25.6276579040945	36.8186903132817
4	WGN26	23.8333333333331	2.01566150732521	962	19.8777326428653	27.7889340238009
5	WGN26	25.8333333333332	2.01566150732523	962	21.8777326428653	29.788934023801
6	WGN26	22.4999999999999	2.01566150732518	962	18.5443993095322	26.4556006904677
7	WGN26	26.4999999999999	2.01566150732521	962	22.544399309532	30.4556006904677
8	WGN26	22.6666666666665	2.0156615073252	962	18.7110659761987	26.6222673571344
9	WGN26	29.5565074420214	2.85131576966125	962	23.9609912374277	35.152023646615
10	WGN26	27.4999999999999	2.01566150732518	962	23.5443993095321	31.4556006904677
11	WGN26	29.4999999999999	2.01566150732522	962	25.544399309532	33.4556006904677
12	WGN26	26.3333333333333	2.01566150732519	962	22.3777326428655	30.2889340238011
13	WGN26	25.3333333333332	2.01566150732519	962	21.3777326428654	29.288934023801
14	WGN26	36.4999999999998	2.01566150732519	962	32.544399309532	40.4556006904676
15	WGN26	24.9999999999999	2.01566150732519	962	21.0443993095321	28.9556006904677
17	WGN26	26.6666666666666	2.01566150732518	962	22.7110659761988	30.6222673571344
18	WGN26	24	2.01566150732522	962	20.0443993095321	27.9556006904678
19	WGN26	30.4999999999999	2.01566150732521	962	26.5443993095321	34.4556006904678
20	WGN26	22.5565074420213	2.85131576966119	962	16.9609912374278	28.1520236466148
21	WGN26	27.4999999999999	2.01566150732522	962	23.544399309532	31.4556006904677
22	WGN26	26.8333333333332	2.01566150732521	962	22.8777326428654	30.788934023801
23	WGN26	28.2231741086881	2.85131576966119	962	22.6276579040945	33.8186903132816
24	WGN26	27.5565074420214	2.85131576966114	962	21.9609912374279	33.1520236466148
25	WGN26	23.1666666666667	2.01566150732517	962	19.2110659761989	27.1222673571345
26	WGN26	27.5565074420212	2.85131576966126	962	21.9609912374275	33.1520236466149
27	WGN26	22.6666666666666	2.01566150732519	962	18.7110659761988	26.6222673571344
28	WGN26	26.6666666666666	2.01566150732518	962	22.7110659761988	30.6222673571344
29	WGN26	25.4434925579783	2.85131576966124	962	19.8479763533847	31.039008762572
30	WGN26	27.4434925579784	2.85131576966124	962	21.8479763533848	33.0390087625721
31	WGN26	27	2.0156615073252	962	23.0443993095322	30.9556006904678
32	WGN26	27.223174108688	2.85131576966116	962	21.6276579040945	32.8186903132815
33	WGN26	35.110159224645	2.85131576966115	962	29.5146430200515	40.7056754292385
34	WGN26	30	2.01566150732521	962	26.0443993095321	33.9556006904678
35	WGN26	28.4999999999999	2.01566150732521	962	24.5443993095321	32.4556006904677
36	WGN26	29.8333333333332	2.01566150732517	962	25.8777326428654	33.7889340238009
38	WGN26	30.3333333333332	2.0156615073252	962	26.3777326428654	34.288934023801
39	WGN26	33.5	2.01566150732523	962	29.5443993095321	37.4556006904679
40	WGN26	28.4999999999999	2.0156615073252	962	24.5443993095321	32.4556006904677
41	WGN26	24.0000000000001	2.0156615073252	962	20.0443993095322	27.9556006904679
42	WGN26	28.9999999999999	2.01566150732521	962	25.044399309532	32.9556006904677
43	WGN26	23.1666666666665	2.01566150732521	962	19.2110659761987	27.1222673571344
44	WGN26	26.1666666666665	2.0156615073252	962	22.2110659761987	30.1222673571343
45	WGN26	33.8333333333333	2.01566150732521	962	29.8777326428654	37.7889340238011
46	WGN26	28.8333333333333	2.01566150732523	962	24.8777326428654	32.7889340238011
47	WGN26	25.2231741086882	2.85131576966117	962	19.6276579040947	30.8186903132816
48	WGN26	23.6666666666666	2.01566150732518	962	19.7110659761988	27.6222673571343
49	WGN26	28.8898407753547	2.85131576966119	962	23.2943245707612	34.4853569799482
50	WGN26	32.4999999999999	2.0156615073252	962	28.5443993095321	36.4556006904677
51	WGN26	26.3333333333332	2.01566150732521	962	22.3777326428654	30.2889340238011
52	WGN26	29.1666666666666	2.0156615073252	962	25.2110659761987	33.1222673571344
53	WGN26	24	2.01566150732518	962	20.0443993095322	27.9556006904678
54	WGN26	28.1666666666666	2.01566150732522	962	24.2110659761987	32.1222673571344
55	WGN26	25.4999999999999	2.01566150732521	962	21.5443993095321	29.4556006904677
56	WGN26	27.6666666666666	2.01566150732515	962	23.7110659761989	31.6222673571343
57	WGN26	26.6666666666666	2.01566150732518	962	22.7110659761988	30.6222673571344
58	WGN26	30.3333333333332	2.01566150732518	962	26.3777326428654	34.288934023801
59	WGN26	22.7768258913117	2.85131576966117	962	17.1813096867182	28.3723420959052
60	WGN26	26.1666666666666	2.0156615073252	962	22.2110659761988	30.1222673571344
61	WGN26	26.5565074420212	2.85131576966124	962	20.9609912374276	32.1520236466149
62	WGN26	30.3333333333331	2.0156615073252	962	26.3777326428653	34.2889340238009
64	WGN26	27.3333333333333	2.01566150732522	962	23.3777326428654	31.2889340238011
65	WGN26	25.110159224645	2.85131576966124	962	19.5146430200513	30.7056754292386
66	WGN26	23.7499999999999	2.01566150732518	962	19.7943993095322	27.7056006904677
67	WGN26	21.833333333333	2.01566150732521	962	17.8777326428652	25.7889340238009
68	WGN26	29.9999999999999	2.01566150732518	962	26.0443993095321	33.9556006904677
69	WGN26	25.4999999999999	2.0156615073252	962	21.5443993095321	29.4556006904677
70	WGN26	29.4434925579785	2.85131576966114	962	23.8479763533851	35.039008762572
71	WGN26	23.3333333333332	2.01566150732521	962	19.3777326428653	27.288934023801
72	WGN26	24.4999999999999	2.01566150732521	962	20.544399309532	28.4556006904677
73	WGN26	29.6666666666666	2.01566150732522	962	25.7110659761987	33.6222673571344
74	WGN26	30.8333333333331	2.01566150732519	962	26.8777326428653	34.7889340238009
75	WGN26	27.9999999999999	2.01566150732519	962	24.0443993095321	31.9556006904677
76	WGN26	20.5565074420214	2.8513157696612	962	14.9609912374278	26.1520236466149
77	WGN26	23.8333333333332	2.01566150732521	962	19.8777326428653	27.788934023801
78	WGN26	27.8898407753549	2.85131576966116	962	22.2943245707614	33.4853569799484
79	WGN26	22.1666666666666	2.0156615073252	962	18.2110659761987	26.1222673571344
80	WGN26	35.3333333333332	2.01566150732519	962	31.3777326428654	39.288934023801
81	WGN26	24.8898407753548	2.85131576966117	962	19.2943245707613	30.4853569799483
82	WGN26	25.8898407753548	2.85131576966116	962	20.2943245707613	31.4853569799482
83	WGN26	26.6666666666666	2.0156615073252	962	22.7110659761987	30.6222673571344
85	WGN26	32.223174108688	2.85131576966118	962	26.6276579040945	37.8186903132815
86	WGN26	24.2231741086879	2.85131576966119	962	18.6276579040944	29.8186903132814
87	WGN26	22.6666666666665	2.0156615073252	962	18.7110659761987	26.6222673571343
88	WGN26	29.1666666666666	2.01566150732519	962	25.2110659761988	33.1222673571344
89	WGN26	32.6666666666666	2.01566150732518	962	28.7110659761988	36.6222673571343
90	WGN26	26.3333333333331	2.0156615073252	962	22.3777326428653	30.2889340238009
91	WGN26	23.8333333333332	2.0156615073252	962	19.8777326428654	27.788934023801
92	WGN26	19.4999999999999	2.01566150732518	962	15.5443993095321	23.4556006904677
93	WGN26	25.6666666666666	2.0156615073252	962	21.7110659761987	29.6222673571344
94	WGN26	25.9999999999998	2.01566150732522	962	22.0443993095319	29.9556006904677
95	WGN26	29.3333333333332	2.0156615073252	962	25.3777326428654	33.288934023801
96	WGN26	32.223174108688	2.8513157696612	962	26.6276579040944	37.8186903132816
97	WGN26	27.4999999999999	2.01566150732519	962	23.5443993095321	31.4556006904677
98	WGN26	27.1666666666667	2.01566150732517	962	23.2110659761989	31.1222673571344
99	WGN26	31.6666666666665	2.01566150732521	962	27.7110659761987	35.6222673571344
100	WGN26	28.4999999999999	2.01566150732518	962	24.5443993095321	32.4556006904677
101	WGN26	25.6666666666666	2.01566150732519	962	21.7110659761988	29.6222673571344
102	WGN26	27.223174108688	2.85131576966119	962	21.6276579040945	32.8186903132815
103	WGN26	21.1101592246452	2.85131576966122	962	15.5146430200516	26.7056754292387
104	WGN26	27.2499999999999	2.01566150732523	962	23.294399309532	31.2056006904677
105	WGN26	24.3333333333333	2.01566150732519	962	20.3777326428655	28.2889340238011
106	WGN26	26.7768258913118	2.85131576966121	962	21.1813096867182	32.3723420959053
108	WGN26	27.5565074420213	2.8513157696612	962	21.9609912374278	33.1520236466149
109	WGN26	24.4999999999999	2.01566150732519	962	20.5443993095321	28.4556006904677
111	WGN26	30.4999999999999	2.01566150732519	962	26.5443993095321	34.4556006904677
112	WGN26	30.6666666666665	2.01566150732522	962	26.7110659761987	34.6222673571344
113	WGN26	18.1666666666666	2.0156615073252	962	14.2110659761988	22.1222673571344
114	WGN26	27.6666666666665	2.01566150732519	962	23.7110659761987	31.6222673571343
115	WGN26	26.6666666666666	2.01566150732523	962	22.7110659761987	30.6222673571345
116	WGN26	26.4434925579785	2.85131576966114	962	20.8479763533851	32.0390087625719
117	WGN26	22.1101592246449	2.85131576966122	962	16.5146430200514	27.7056754292385
118	WGN26	30.4999999999999	2.01566150732519	962	26.5443993095321	34.4556006904677
119	WGN26	28.4999999999999	2.01566150732521	962	24.5443993095321	32.4556006904677
120	WGN26	23.4999999999999	2.01566150732522	962	19.544399309532	27.4556006904677
121	WGN26	22.8333333333332	2.0156615073252	962	18.8777326428653	26.788934023801
122	WGN26	31.3333333333332	2.0156615073252	962	27.3777326428654	35.2889340238011
123	WGN26	23.8898407753548	2.85131576966114	962	18.2943245707614	29.4853569799482
125	WGN26	26.3333333333333	2.01566150732522	962	22.3777326428654	30.2889340238011
126	WGN26	22.7768258913118	2.8513157696612	962	17.1813096867182	28.3723420959053
127	WGN26	18.3333333333334	2.0156615073252	962	14.3777326428655	22.2889340238012
128	WGN26	28.7768258913118	2.85131576966121	962	23.1813096867182	34.3723420959054
129	WGN26	29.9999999999998	2.0156615073252	962	26.044399309532	33.9556006904676
130	WGN26	29.9999999999999	2.01566150732519	962	26.0443993095321	33.9556006904677
1	WGN36	23.4434925579757	2.85131576966092	962	17.8479763533827	29.0390087625687
2	WGN36	27.0833333333335	2.01566150732517	962	23.1277326428657	31.0389340238012
4	WGN36	29.6666666666666	2.01566150732515	962	25.7110659761988	33.6222673571343
5	WGN36	27.3333333333336	2.0156615073252	962	23.3777326428657	31.2889340238014
6	WGN36	27.6666666666669	2.01566150732523	962	23.711065976199	31.6222673571348
7	WGN36	27.4434925579788	2.85131576966118	962	21.8479763533853	33.0390087625723
8	WGN36	22.3333333333336	2.01566150732521	962	18.3777326428657	26.2889340238014
9	WGN36	29.2231741086885	2.85131576966123	962	23.6276579040949	34.8186903132821
10	WGN36	23.5000000000002	2.01566150732519	962	19.5443993095324	27.455600690468
11	WGN36	22.5565074420216	2.85131576966121	962	16.960991237428	28.1520236466152
12	WGN36	24.0000000000002	2.0156615073252	962	20.0443993095324	27.9556006904681
13	WGN36	25.6666666666669	2.01566150732519	962	21.7110659761991	29.6222673571347
14	WGN36	21.8333333333335	2.01566150732521	962	17.8777326428657	25.7889340238014
15	WGN36	24.8333333333335	2.01566150732518	962	20.8777326428658	28.7889340238013
16	WGN36	25.8333333333335	2.01566150732516	962	21.8777326428657	29.7889340238012
17	WGN36	24.8333333333336	2.01566150732523	962	20.8777326428657	28.7889340238015
18	WGN36	23.2231741086883	2.85131576966114	962	17.6276579040948	28.8186903132817
19	WGN36	24.5565074420216	2.85131576966119	962	18.9609912374281	30.1520236466151
20	WGN36	29.1666666666668	2.01566150732518	962	25.211065976199	33.1222673571345
21	WGN36	25.3333333333335	2.01566150732522	962	21.3777326428656	29.2889340238013
22	WGN36	27.0000000000004	2.01566150732525	962	23.0443993095325	30.9556006904683
23	WGN36	22.1666666666669	2.01566150732521	962	18.2110659761991	26.1222673571347
24	WGN36	25.0000000000001	2.01566150732521	962	21.0443993095323	28.9556006904679
26	WGN36	26.6666666666669	2.01566150732519	962	22.7110659761991	30.6222673571347
27	WGN36	29.8333333333335	2.01566150732518	962	25.8777326428657	33.7889340238013
28	WGN36	27.3333333333336	2.01566150732521	962	23.3777326428658	31.2889340238014
30	WGN36	24.8333333333336	2.01566150732521	962	20.8777326428657	28.7889340238014
31	WGN36	19.8333333333333	2.01566150732523	962	15.8777326428654	23.7889340238012
33	WGN36	20.8333333333336	2.01566150732521	962	16.8777326428657	24.7889340238014
34	WGN36	26.8333333333335	2.0156615073252	962	22.8777326428656	30.7889340238013
35	WGN36	28.8333333333335	2.01566150732519	962	24.8777326428657	32.7889340238013
36	WGN36	20.6666666666668	2.01566150732521	962	16.711065976199	24.6222673571346
37	WGN36	28.1101592246455	2.85131576966122	962	22.5146430200519	33.7056754292391
38	WGN36	23.4434925579788	2.85131576966116	962	17.8479763533853	29.0390087625722
39	WGN36	24.1666666666669	2.01566150732521	962	20.211065976199	28.1222673571347
40	WGN36	25.8333333333336	2.0156615073252	962	21.8777326428658	29.7889340238014
41	WGN36	26.6666666666668	2.01566150732519	962	22.711065976199	30.6222673571346
42	WGN36	27.3333333333333	2.01566150732516	962	23.3777326428656	31.2889340238011
43	WGN36	26.6666666666668	2.01566150732517	962	22.7110659761991	30.6222673571346
44	WGN36	22.8333333333336	2.01566150732519	962	18.8777326428658	26.7889340238014
45	WGN36	25.1666666666669	2.01566150732519	962	21.2110659761991	29.1222673571347
46	WGN36	24.5000000000002	2.0156615073252	962	20.5443993095324	28.455600690468
47	WGN36	29.7500000000001	2.01566150732518	962	25.7943993095323	33.7056006904679
48	WGN36	20.3333333333336	2.01566150732519	962	16.3777326428658	24.2889340238014
49	WGN36	22.1666666666669	2.01566150732518	962	18.2110659761991	26.1222673571347
51	WGN36	18.8333333333336	2.01566150732521	962	14.8777326428658	22.7889340238014
52	WGN36	30.3333333333337	2.01566150732522	962	26.3777326428658	34.2889340238016
53	WGN36	25.8333333333335	2.01566150732518	962	21.8777326428657	29.7889340238013
54	WGN36	27.166666666667	2.01566150732523	962	23.2110659761991	31.1222673571349
55	WGN36	24.3333333333335	2.01566150732521	962	20.3777326428657	28.2889340238013
56	WGN36	21.3333333333335	2.0156615073252	962	17.3777326428657	25.2889340238014
57	WGN36	27.1666666666669	2.01566150732519	962	23.2110659761991	31.1222673571347
58	WGN36	23.8333333333336	2.01566150732521	962	19.8777326428657	27.7889340238014
59	WGN36	23.3333333333335	2.0156615073252	962	19.3777326428657	27.2889340238014
60	WGN36	26.3333333333336	2.01566150732522	962	22.3777326428658	30.2889340238015
62	WGN36	26.6666666666669	2.0156615073252	962	22.7110659761991	30.6222673571347
64	WGN36	24.6666666666668	2.0156615073252	962	20.711065976199	28.6222673571347
65	WGN36	25.0000000000002	2.01566150732522	962	21.0443993095324	28.9556006904681
66	WGN36	27.6666666666669	2.01566150732522	962	23.7110659761991	31.6222673571348
68	WGN36	28.889840775355	2.8513157696612	962	23.2943245707615	34.4853569799486
69	WGN36	29.5565074420215	2.85131576966115	962	23.960991237428	35.1520236466149
70	WGN36	30.5565074420216	2.85131576966119	962	24.9609912374281	36.1520236466152
71	WGN36	21.5000000000002	2.01566150732521	962	17.5443993095323	25.455600690468
72	WGN36	22.6666666666669	2.01566150732522	962	18.711065976199	26.6222673571347
74	WGN36	24.8333333333335	2.0156615073252	962	20.8777326428657	28.7889340238013
75	WGN36	26.5565074420216	2.85131576966119	962	20.9609912374281	32.1520236466152
76	WGN36	22.6666666666669	2.01566150732521	962	18.711065976199	26.6222673571347
77	WGN36	22.7500000000002	2.01566150732519	962	18.7943993095324	26.705600690468
78	WGN36	25.0000000000002	2.01566150732519	962	21.0443993095324	28.955600690468
79	WGN36	25.8333333333336	2.01566150732521	962	21.8777326428657	29.7889340238014
80	WGN36	34.7768258913122	2.8513157696612	962	29.1813096867187	40.3723420959058
81	WGN36	29.1666666666669	2.0156615073252	962	25.211065976199	33.1222673571347
82	WGN36	23.1666666666669	2.01566150732521	962	19.2110659761991	27.1222673571347
83	WGN36	25.889840775355	2.85131576966117	962	20.2943245707615	31.4853569799485
84	WGN36	27.1666666666668	2.01566150732519	962	23.211065976199	31.1222673571346
85	WGN36	23.5000000000002	2.01566150732519	962	19.5443993095324	27.455600690468
86	WGN36	23.8333333333336	2.0156615073252	962	19.8777326428658	27.7889340238014
87	WGN36	22.6666666666669	2.01566150732519	962	18.7110659761991	26.6222673571347
88	WGN36	26.8333333333336	2.0156615073252	962	22.8777326428658	30.7889340238014
89	WGN36	20.3333333333335	2.01566150732519	962	16.3777326428657	24.2889340238013
90	WGN36	21.1666666666669	2.01566150732518	962	17.2110659761991	25.1222673571346
92	WGN36	24.1666666666668	2.0156615073252	962	20.211065976199	28.1222673571347
93	WGN36	28.5565074420216	2.8513157696612	962	22.9609912374281	34.1520236466151
94	WGN36	27.6666666666669	2.01566150732519	962	23.7110659761991	31.6222673571347
95	WGN36	21.6666666666669	2.0156615073252	962	17.7110659761991	25.6222673571347
96	WGN36	26.6666666666669	2.0156615073252	962	22.7110659761991	30.6222673571347
97	WGN36	31.5000000000002	2.0156615073252	962	27.5443993095324	35.4556006904681
98	WGN36	23.8333333333335	2.0156615073252	962	19.8777326428657	27.7889340238013
99	WGN36	21.2500000000002	2.0156615073252	962	17.2943993095324	25.205600690468
100	WGN36	25.1666666666668	2.01566150732521	962	21.211065976199	29.1222673571347
102	WGN36	28.1101592246454	2.85131576966115	962	22.5146430200519	33.7056754292388
104	WGN36	21.8333333333335	2.01566150732519	962	17.8777326428657	25.7889340238013
105	WGN36	22.889840775355	2.8513157696612	962	17.2943245707615	28.4853569799486
106	WGN36	22.5000000000002	2.01566150732521	962	18.5443993095324	26.455600690468
107	WGN36	23.8333333333335	2.0156615073252	962	19.8777326428656	27.7889340238013
108	WGN36	20.2231741086883	2.85131576966119	962	14.6276579040947	25.8186903132818
109	WGN36	25.3333333333335	2.0156615073252	962	21.3777326428657	29.2889340238013
110	WGN36	28.5000000000002	2.01566150732521	962	24.5443993095324	32.455600690468
112	WGN36	24.5000000000002	2.01566150732521	962	20.5443993095324	28.4556006904681
114	WGN36	24.6666666666668	2.01566150732519	962	20.711065976199	28.6222673571346
116	WGN36	24.4434925579788	2.85131576966118	962	18.8479763533853	30.0390087625723
117	WGN36	25.3333333333335	2.01566150732521	962	21.3777326428657	29.2889340238014
118	WGN36	30.1666666666669	2.01566150732521	962	26.2110659761991	34.1222673571348
119	WGN36	26.889840775355	2.8513157696612	962	21.2943245707615	32.4853569799486
120	WGN36	26.5000000000002	2.0156615073252	962	22.5443993095324	30.455600690468
121	WGN36	26.8333333333335	2.01566150732521	962	22.8777326428657	30.7889340238013
122	WGN36	28.1666666666669	2.0156615073252	962	24.2110659761991	32.1222673571347
123	WGN36	24.0000000000002	2.0156615073252	962	20.0443993095324	27.955600690468
124	WGN36	27.1666666666669	2.0156615073252	962	23.211065976199	31.1222673571347
125	WGN36	24.5000000000002	2.0156615073252	962	20.5443993095324	28.455600690468
126	WGN36	29.0833333333336	2.0156615073252	962	25.1277326428658	33.0389340238014
127	WGN36	29.6666666666668	2.01566150732519	962	25.711065976199	33.6222673571346
128	WGN36	22.889840775355	2.85131576966117	962	17.2943245707615	28.4853569799485
129	WGN36	35.4434925579788	2.85131576966119	962	29.8479763533852	41.0390087625723
130	WGN36	26.8333333333335	2.0156615073252	962	22.8777326428657	30.7889340238014
1	WGN38	26.3333333333319	2.01566150732509	962	22.3777326428643	30.2889340237995
2	WGN38	20	2.0156615073252	962	16.0443993095322	23.9556006904679
3	WGN38	27.8898407753548	2.85131576966122	962	22.2943245707612	33.4853569799484
4	WGN38	28.6666666666667	2.01566150732521	962	24.7110659761989	32.6222673571345
5	WGN38	27.3333333333334	2.01566150732519	962	23.3777326428656	31.2889340238012
6	WGN38	26.5	2.01566150732518	962	22.5443993095322	30.4556006904677
7	WGN38	22.3333333333333	2.01566150732522	962	18.3777326428654	26.2889340238011
8	WGN38	26.3333333333335	2.0156615073252	962	22.3777326428657	30.2889340238013
10	WGN38	24.6666666666666	2.01566150732523	962	20.7110659761988	28.6222673571345
11	WGN38	25.2231741086882	2.85131576966114	962	19.6276579040947	30.8186903132816
12	WGN38	30.6666666666667	2.01566150732523	962	26.7110659761989	34.6222673571346
13	WGN38	24.0000000000001	2.01566150732517	962	20.0443993095324	27.9556006904679
14	WGN38	27.5565074420214	2.85131576966119	962	21.9609912374279	33.152023646615
16	WGN38	23.6666666666668	2.01566150732518	962	19.711065976199	27.6222673571345
18	WGN38	24.8333333333333	2.01566150732519	962	20.8777326428655	28.7889340238011
19	WGN38	27.1666666666667	2.0156615073252	962	23.2110659761989	31.1222673571345
20	WGN38	20.8898407753547	2.85131576966122	962	15.2943245707611	26.4853569799483
21	WGN38	20.8333333333334	2.0156615073252	962	16.8777326428655	24.7889340238012
22	WGN38	25	2.01566150732521	962	21.0443993095322	28.9556006904679
23	WGN38	20.9999999999998	2.01566150732523	962	17.044399309532	24.9556006904677
24	WGN38	19.9999999999999	2.01566150732521	962	16.0443993095321	23.9556006904678
26	WGN38	21.1666666666665	2.01566150732523	962	17.2110659761986	25.1222673571344
27	WGN38	25.8333333333333	2.01566150732521	962	21.8777326428655	29.7889340238012
28	WGN38	26.6666666666666	2.01566150732521	962	22.7110659761988	30.6222673571345
29	WGN38	27.3333333333334	2.01566150732524	962	23.3777326428655	31.2889340238013
30	WGN38	30.0000000000001	2.01566150732522	962	26.0443993095322	33.9556006904679
32	WGN38	25.6666666666667	2.01566150732519	962	21.7110659761989	29.6222673571345
33	WGN38	29.6666666666669	2.01566150732523	962	25.711065976199	33.6222673571347
34	WGN38	27.1666666666667	2.01566150732521	962	23.2110659761988	31.1222673571345
35	WGN38	28.3333333333333	2.01566150732521	962	24.3777326428655	32.2889340238011
36	WGN38	28.5000000000001	2.01566150732523	962	24.5443993095323	32.455600690468
37	WGN38	28.3333333333333	2.01566150732519	962	24.3777326428655	32.2889340238011
38	WGN38	23.0000000000001	2.01566150732519	962	19.0443993095323	26.9556006904679
39	WGN38	24.1666666666667	2.0156615073252	962	20.2110659761989	28.1222673571346
40	WGN38	26	2.01566150732521	962	22.0443993095322	29.9556006904679
41	WGN38	20.1101592246451	2.85131576966118	962	14.5146430200516	25.7056754292386
42	WGN38	17.6666666666668	2.0156615073252	962	13.7110659761989	21.6222673571346
45	WGN38	18.5	2.0156615073252	962	14.5443993095322	22.4556006904678
46	WGN38	25.6666666666667	2.01566150732522	962	21.7110659761988	29.6222673571345
47	WGN38	23.5	2.0156615073252	962	19.5443993095322	27.4556006904679
48	WGN38	28.8333333333334	2.01566150732522	962	24.8777326428656	32.7889340238013
49	WGN38	23.8898407753549	2.85131576966119	962	18.2943245707613	29.4853569799484
50	WGN38	26.1666666666667	2.01566150732521	962	22.2110659761988	30.1222673571345
51	WGN38	24.2231741086881	2.85131576966118	962	18.6276579040946	29.8186903132817
52	WGN38	29.8333333333333	2.0156615073252	962	25.8777326428655	33.7889340238011
53	WGN38	27.5	2.0156615073252	962	23.5443993095322	31.4556006904678
54	WGN38	23.6666666666666	2.01566150732521	962	19.7110659761988	27.6222673571345
55	WGN38	21.5565074420214	2.85131576966121	962	15.9609912374278	27.1520236466149
56	WGN38	24.3333333333333	2.01566150732522	962	20.3777326428655	28.2889340238012
59	WGN38	29.3333333333332	2.01566150732519	962	25.3777326428654	33.288934023801
61	WGN38	25.6666666666667	2.0156615073252	962	21.7110659761989	29.6222673571346
63	WGN38	28.5	2.0156615073252	962	24.5443993095322	32.4556006904678
64	WGN38	23.6666666666666	2.01566150732522	962	19.7110659761987	27.6222673571345
65	WGN38	31.7768258913119	2.85131576966119	962	26.1813096867184	37.3723420959054
66	WGN38	29.8898407753549	2.8513157696612	962	24.2943245707614	35.4853569799485
67	WGN38	22.5833333333333	2.01566150732521	962	18.6277326428655	26.5389340238012
68	WGN38	23.8333333333333	2.01566150732521	962	19.8777326428655	27.7889340238011
69	WGN38	26	2.01566150732521	962	22.0443993095322	29.9556006904678
70	WGN38	22.8898407753548	2.8513157696612	962	17.2943245707613	28.4853569799484
72	WGN38	21.3333333333334	2.01566150732521	962	17.3777326428655	25.2889340238012
73	WGN38	25	2.01566150732519	962	21.0443993095322	28.9556006904678
74	WGN38	22.6666666666667	2.01566150732521	962	18.7110659761988	26.6222673571345
76	WGN38	21.6666666666667	2.01566150732519	962	17.7110659761989	25.6222673571345
77	WGN38	26.1666666666667	2.01566150732518	962	22.2110659761989	30.1222673571345
78	WGN38	27.1666666666667	2.01566150732522	962	23.2110659761989	31.1222673571346
80	WGN38	23.3333333333334	2.01566150732521	962	19.3777326428655	27.2889340238012
81	WGN38	25.3333333333333	2.01566150732519	962	21.3777326428655	29.2889340238011
82	WGN38	25.3333333333333	2.01566150732521	962	21.3777326428655	29.2889340238012
83	WGN38	30.3333333333333	2.0156615073252	962	26.3777326428655	34.2889340238012
84	WGN38	21.4999999999999	2.01566150732522	962	17.5443993095321	25.4556006904678
85	WGN38	20.8898407753548	2.85131576966119	962	15.2943245707613	26.4853569799484
86	WGN38	27	2.01566150732521	962	23.0443993095322	30.9556006904679
87	WGN38	23.5	2.0156615073252	962	19.5443993095322	27.4556006904678
88	WGN38	24.1666666666667	2.0156615073252	962	20.2110659761989	28.1222673571345
89	WGN38	23.6666666666667	2.01566150732519	962	19.7110659761989	27.6222673571345
90	WGN38	24.1666666666667	2.0156615073252	962	20.2110659761988	28.1222673571345
91	WGN38	25.1666666666667	2.01566150732519	962	21.2110659761989	29.1222673571345
92	WGN38	25.8333333333333	2.0156615073252	962	21.8777326428655	29.7889340238011
93	WGN38	28.8898407753549	2.8513157696612	962	23.2943245707613	34.4853569799484
94	WGN38	25.3333333333334	2.01566150732521	962	21.3777326428655	29.2889340238012
95	WGN38	23.1666666666667	2.0156615073252	962	19.2110659761989	27.1222673571345
96	WGN38	26.1666666666667	2.0156615073252	962	22.2110659761989	30.1222673571345
97	WGN38	21.8898407753548	2.8513157696612	962	16.2943245707612	27.4853569799483
98	WGN38	23.1666666666667	2.0156615073252	962	19.2110659761989	27.1222673571345
99	WGN38	23	2.0156615073252	962	19.0443993095322	26.9556006904678
100	WGN38	25	2.0156615073252	962	21.0443993095322	28.9556006904678
101	WGN38	24	2.0156615073252	962	20.0443993095322	27.9556006904678
102	WGN38	29.5	2.0156615073252	962	25.5443993095322	33.4556006904679
103	WGN38	26.3333333333333	2.0156615073252	962	22.3777326428655	30.2889340238011
104	WGN38	29.5565074420215	2.8513157696612	962	23.9609912374279	35.152023646615
106	WGN38	24.1666666666667	2.0156615073252	962	20.2110659761989	28.1222673571345
107	WGN38	27.8333333333333	2.0156615073252	962	23.8777326428655	31.7889340238011
108	WGN38	26	2.0156615073252	962	22.0443993095322	29.9556006904678
109	WGN38	24	2.0156615073252	962	20.0443993095322	27.9556006904679
110	WGN38	24	2.0156615073252	962	20.0443993095322	27.9556006904678
111	WGN38	20	2.0156615073252	962	16.0443993095322	23.9556006904678
113	WGN38	26.8333333333334	2.0156615073252	962	22.8777326428656	30.7889340238012
114	WGN38	25	2.0156615073252	962	21.0443993095322	28.9556006904679
115	WGN38	21	2.01566150732521	962	17.0443993095322	24.9556006904679
1	WGN39	31.9999999999998	2.0156615073252	962	28.044399309532	35.9556006904676
2	WGN39	26.9999999999998	2.01566150732524	962	23.0443993095319	30.9556006904677
3	WGN39	26.8333333333334	2.01566150732521	962	22.8777326428656	30.7889340238013
4	WGN39	30.5	2.0156615073252	962	26.5443993095322	34.4556006904679
5	WGN39	30.6666666666667	2.01566150732519	962	26.7110659761988	34.6222673571345
6	WGN39	31.3333333333334	2.0156615073252	962	27.3777326428655	35.2889340238012
7	WGN39	30.0000000000001	2.01566150732521	962	26.0443993095323	33.955600690468
8	WGN39	31.5565074420215	2.85131576966119	962	25.960991237428	37.152023646615
9	WGN39	27.8333333333333	2.01566150732522	962	23.8777326428654	31.7889340238011
10	WGN39	22.6666666666667	2.0156615073252	962	18.7110659761989	26.6222673571346
11	WGN39	20.3333333333335	2.01566150732519	962	16.3777326428657	24.2889340238013
12	WGN39	25.5000000000001	2.01566150732518	962	21.5443993095324	29.4556006904679
13	WGN39	23.3333333333332	2.01566150732521	962	19.3777326428654	27.288934023801
14	WGN39	24.6666666666667	2.01566150732519	962	20.7110659761989	28.6222673571345
15	WGN39	27.5	2.01566150732522	962	23.5443993095321	31.4556006904678
16	WGN39	25.3333333333333	2.01566150732521	962	21.3777326428655	29.2889340238012
17	WGN39	25.0000000000002	2.01566150732518	962	21.0443993095324	28.955600690468
18	WGN39	28.3333333333333	2.0156615073252	962	24.3777326428655	32.2889340238012
19	WGN39	24.889840775355	2.85131576966114	962	19.2943245707616	30.4853569799485
20	WGN39	22.2231741086883	2.85131576966116	962	16.6276579040949	27.8186903132818
21	WGN39	28.3333333333334	2.0156615073252	962	24.3777326428656	32.2889340238012
22	WGN39	28	2.01566150732521	962	24.0443993095321	31.9556006904678
24	WGN39	26.5	2.01566150732521	962	22.5443993095322	30.4556006904678
25	WGN39	30.8333333333333	2.01566150732519	962	26.8777326428656	34.7889340238011
26	WGN39	20.2231741086884	2.85131576966115	962	14.6276579040949	25.8186903132818
27	WGN39	28.8898407753549	2.85131576966114	962	23.2943245707615	34.4853569799483
28	WGN39	23.8333333333335	2.01566150732519	962	19.8777326428657	27.7889340238013
29	WGN39	23.1666666666667	2.01566150732519	962	19.2110659761989	27.1222673571345
30	WGN39	25.8333333333335	2.01566150732518	962	21.8777326428657	29.7889340238012
31	WGN39	29.0000000000001	2.0156615073252	962	25.0443993095323	32.9556006904679
32	WGN39	28.0000000000002	2.01566150732518	962	24.0443993095324	31.955600690468
34	WGN39	23.6666666666666	2.0156615073252	962	19.7110659761988	27.6222673571344
35	WGN39	24.8333333333335	2.01566150732518	962	20.8777326428657	28.7889340238013
36	WGN39	24.8333333333333	2.01566150732522	962	20.8777326428655	28.7889340238012
37	WGN39	24.3333333333334	2.0156615073252	962	20.3777326428656	28.2889340238012
38	WGN39	21.5565074420209	2.85131576966123	962	15.9609912374273	27.1520236466146
39	WGN39	29.6666666666668	2.01566150732519	962	25.711065976199	33.6222673571346
40	WGN39	35.5	2.0156615073252	962	31.5443993095322	39.4556006904679
41	WGN39	32.1666666666668	2.01566150732521	962	28.211065976199	36.1222673571347
42	WGN39	27.6666666666665	2.01566150732523	962	23.7110659761987	31.6222673571344
43	WGN39	29.6666666666667	2.01566150732517	962	25.7110659761989	33.6222673571345
44	WGN39	27.4999999999999	2.0156615073252	962	23.5443993095321	31.4556006904677
45	WGN39	22.3333333333335	2.01566150732518	962	18.3777326428658	26.2889340238013
46	WGN39	28.1101592246453	2.85131576966116	962	22.5146430200518	33.7056754292388
47	WGN39	29.5	2.01566150732518	962	25.5443993095322	33.4556006904678
48	WGN39	35.8898407753548	2.85131576966119	962	30.2943245707613	41.4853569799484
49	WGN39	26.6666666666667	2.01566150732519	962	22.7110659761989	30.6222673571345
50	WGN39	26.2231741086881	2.85131576966119	962	20.6276579040946	31.8186903132817
51	WGN39	29.0000000000001	2.01566150732519	962	25.0443993095323	32.9556006904679
52	WGN39	35.5000000000001	2.01566150732519	962	31.5443993095323	39.4556006904679
53	WGN39	24.8333333333334	2.01566150732519	962	20.8777326428657	28.7889340238012
54	WGN39	28.8333333333333	2.0156615073252	962	24.8777326428655	32.7889340238012
55	WGN39	26.6666666666666	2.01566150732522	962	22.7110659761988	30.6222673571345
56	WGN39	30.8898407753549	2.85131576966118	962	25.2943245707614	36.4853569799485
57	WGN39	20.5565074420214	2.85131576966118	962	14.9609912374279	26.1520236466149
58	WGN39	27.8333333333333	2.01566150732521	962	23.8777326428654	31.7889340238011
59	WGN39	28.1666666666665	2.01566150732522	962	24.2110659761987	32.1222673571344
60	WGN39	29	2.01566150732522	962	25.0443993095322	32.9556006904679
61	WGN39	27.8333333333334	2.0156615073252	962	23.8777326428656	31.7889340238012
62	WGN39	23.3333333333334	2.01566150732519	962	19.3777326428656	27.2889340238012
63	WGN39	34.6666666666667	2.0156615073252	962	30.7110659761989	38.6222673571346
64	WGN39	28.8333333333333	2.01566150732521	962	24.8777326428654	32.7889340238011
65	WGN39	25.3333333333333	2.01566150732522	962	21.3777326428654	29.2889340238012
66	WGN39	30.3333333333333	2.01566150732519	962	26.3777326428655	34.2889340238011
67	WGN39	33	2.01566150732519	962	29.0443993095322	36.9556006904678
68	WGN39	27.1101592246452	2.85131576966119	962	21.5146430200516	32.7056754292387
69	WGN39	28.3333333333333	2.01566150732521	962	24.3777326428655	32.2889340238012
70	WGN39	34.776825891312	2.85131576966122	962	29.1813096867185	40.3723420959056
71	WGN39	28.5000000000001	2.01566150732518	962	24.5443993095324	32.4556006904679
72	WGN39	27.8333333333335	2.01566150732517	962	23.8777326428657	31.7889340238013
73	WGN39	24.8333333333335	2.01566150732519	962	20.8777326428657	28.7889340238013
74	WGN39	33.5565074420215	2.85131576966121	962	27.9609912374279	39.152023646615
75	WGN39	26.6666666666667	2.01566150732521	962	22.7110659761988	30.6222673571345
76	WGN39	28.3333333333334	2.01566150732521	962	24.3777326428655	32.2889340238012
77	WGN39	25.5	2.0156615073252	962	21.5443993095322	29.4556006904678
78	WGN39	26.3333333333334	2.0156615073252	962	22.3777326428656	30.2889340238013
79	WGN39	23.6666666666667	2.0156615073252	962	19.7110659761989	27.6222673571345
80	WGN39	31.3333333333334	2.01566150732519	962	27.3777326428656	35.2889340238012
81	WGN39	28.0000000000001	2.01566150732519	962	24.0443993095323	31.9556006904679
82	WGN39	28.6666666666667	2.0156615073252	962	24.7110659761989	32.6222673571345
83	WGN39	28.8333333333333	2.01566150732522	962	24.8777326428654	32.7889340238012
84	WGN39	30.5	2.0156615073252	962	26.5443993095322	34.4556006904678
85	WGN39	26.6666666666667	2.0156615073252	962	22.7110659761989	30.6222673571345
86	WGN39	22.5565074420214	2.85131576966119	962	16.9609912374279	28.152023646615
87	WGN39	26.3333333333333	2.0156615073252	962	22.3777326428655	30.2889340238011
89	WGN39	24	2.0156615073252	962	20.0443993095322	27.9556006904678
90	WGN39	25.1666666666668	2.01566150732519	962	21.211065976199	29.1222673571346
91	WGN39	26.5565074420215	2.85131576966119	962	20.9609912374279	32.152023646615
92	WGN39	26.0000000000001	2.01566150732519	962	22.0443993095323	29.9556006904679
93	WGN39	29.5	2.0156615073252	962	25.5443993095322	33.4556006904679
94	WGN39	25.5	2.0156615073252	962	21.5443993095322	29.4556006904679
95	WGN39	25.5000000000001	2.01566150732519	962	21.5443993095323	29.4556006904679
96	WGN39	27.0000000000001	2.01566150732519	962	23.0443993095323	30.9556006904679
97	WGN39	26.6666666666668	2.0156615073252	962	22.7110659761989	30.6222673571346
98	WGN39	28.3333333333334	2.01566150732519	962	24.3777326428656	32.2889340238012
99	WGN39	19.8333333333334	2.0156615073252	962	15.8777326428656	23.7889340238012
100	WGN39	33.5	2.0156615073252	962	29.5443993095322	37.4556006904679
101	WGN39	25.0833333333334	2.0156615073252	962	21.1277326428656	29.0389340238012
102	WGN39	32.1666666666667	2.0156615073252	962	28.2110659761989	36.1222673571345
104	WGN39	29.1666666666667	2.0156615073252	962	25.2110659761989	33.1222673571345
106	WGN39	25.3333333333334	2.0156615073252	962	21.3777326428656	29.2889340238012
107	WGN39	31.8898407753549	2.85131576966118	962	26.2943245707614	37.4853569799484
108	WGN39	30.8333333333333	2.0156615073252	962	26.8777326428655	34.7889340238012
109	WGN39	34.8333333333334	2.01566150732521	962	30.8777326428655	38.7889340238012
110	WGN39	32.5	2.0156615073252	962	28.5443993095322	36.4556006904679
111	WGN39	29.1666666666667	2.0156615073252	962	25.2110659761989	33.1222673571345
112	WGN39	27.6666666666668	2.0156615073252	962	23.7110659761989	31.6222673571346
113	WGN39	29.3333333333334	2.0156615073252	962	25.3777326428656	33.2889340238012
114	WGN39	20.2231741086882	2.85131576966118	962	14.6276579040947	25.8186903132817
115	WGN39	30.1666666666667	2.0156615073252	962	26.2110659761989	34.1222673571345
116	WGN39	28.6666666666668	2.0156615073252	962	24.7110659761989	32.6222673571346
117	WGN39	23.5000000000001	2.0156615073252	962	19.5443993095323	27.4556006904679
118	WGN39	27.0000000000001	2.0156615073252	962	23.0443993095322	30.9556006904679
120	WGN39	21.1101592246452	2.85131576966119	962	15.5146430200517	26.7056754292388
121	WGN39	28.6666666666667	2.0156615073252	962	24.7110659761989	32.6222673571345
122	WGN39	29.1666666666667	2.0156615073252	962	25.2110659761989	33.1222673571345
123	WGN39	22.0000000000001	2.0156615073252	962	18.0443993095322	25.9556006904679
124	WGN39	31.8333333333334	2.0156615073252	962	27.8777326428656	35.7889340238012
125	WGN39	30.6666666666667	2.0156615073252	962	26.7110659761989	34.6222673571345
126	WGN39	26.5000000000001	2.0156615073252	962	22.5443993095322	30.4556006904679
127	WGN39	27.8333333333334	2.0156615073252	962	23.8777326428656	31.7889340238012
128	WGN39	31.8333333333334	2.0156615073252	962	27.8777326428656	35.7889340238012
129	WGN39	27.7768258913119	2.85131576966119	962	22.1813096867184	33.3723420959055
130	WGN39	30.3333333333334	2.0156615073252	962	26.3777326428655	34.2889340238012
1	WGN45	25.6666666666665	2.01566150732531	962	21.7110659761984	29.6222673571345
2	WGN45	24.5000000000001	2.01566150732519	962	20.5443993095323	28.4556006904679
3	WGN45	22.7768258913119	2.85131576966117	962	17.1813096867184	28.3723420959054
4	WGN45	28.5000000000001	2.01566150732524	962	24.5443993095323	32.455600690468
5	WGN45	29.3333333333334	2.0156615073252	962	25.3777326428656	33.2889340238012
6	WGN45	27.3333333333334	2.01566150732522	962	23.3777326428656	31.2889340238013
7	WGN45	28.6666666666668	2.01566150732522	962	24.711065976199	32.6222673571347
8	WGN45	27.8898407753548	2.85131576966119	962	22.2943245707613	33.4853569799483
9	WGN45	24.3333333333334	2.0156615073252	962	20.3777326428656	28.2889340238012
10	WGN45	19.8333333333333	2.01566150732521	962	15.8777326428654	23.7889340238011
11	WGN45	27.3333333333334	2.0156615073252	962	23.3777326428655	31.2889340238012
12	WGN45	25.5565074420215	2.85131576966115	962	19.960991237428	31.1520236466149
13	WGN45	24.1666666666666	2.01566150732522	962	20.2110659761988	28.1222673571345
14	WGN45	26.5565074420214	2.85131576966117	962	20.960991237428	32.1520236466149
15	WGN45	24.5565074420216	2.85131576966118	962	18.9609912374281	30.1520236466151
16	WGN45	24	2.01566150732521	962	20.0443993095322	27.9556006904679
17	WGN45	20.8333333333334	2.01566150732521	962	16.8777326428655	24.7889340238012
18	WGN45	25.8333333333333	2.01566150732521	962	21.8777326428655	29.7889340238011
19	WGN45	27.5565074420216	2.85131576966118	962	21.960991237428	33.1520236466151
20	WGN45	27.6666666666666	2.01566150732516	962	23.7110659761989	31.6222673571343
22	WGN45	31.8333333333334	2.0156615073252	962	27.8777326428656	35.7889340238012
23	WGN45	26.8333333333333	2.01566150732521	962	22.8777326428655	30.7889340238012
24	WGN45	23.1666666666667	2.01566150732519	962	19.211065976199	27.1222673571345
25	WGN45	25.5	2.01566150732522	962	21.5443993095322	29.4556006904679
26	WGN45	26	2.01566150732518	962	22.0443993095322	29.9556006904678
28	WGN45	25.1666666666667	2.0156615073252	962	21.2110659761989	29.1222673571345
29	WGN45	24.6666666666667	2.0156615073252	962	20.7110659761989	28.6222673571345
31	WGN45	30.1666666666666	2.0156615073252	962	26.2110659761988	34.1222673571344
32	WGN45	23.8333333333333	2.01566150732521	962	19.8777326428655	27.7889340238012
33	WGN45	12.1101592246451	2.85131576966118	962	6.51464302005161	17.7056754292386
34	WGN45	25.5	2.01566150732517	962	21.5443993095323	29.4556006904678
35	WGN45	22	2.01566150732521	962	18.0443993095321	25.9556006904678
36	WGN45	27.2231741086882	2.85131576966116	962	21.6276579040947	32.8186903132817
37	WGN45	28.3333333333334	2.01566150732522	962	24.3777326428656	32.2889340238013
38	WGN45	22.5833333333334	2.01566150732521	962	18.6277326428655	26.5389340238012
40	WGN45	28.8333333333334	2.01566150732518	962	24.8777326428656	32.7889340238012
41	WGN45	26.8333333333334	2.01566150732518	962	22.8777326428656	30.7889340238012
42	WGN45	32.2231741086882	2.8513157696612	962	26.6276579040946	37.8186903132817
43	WGN45	26.1666666666667	2.01566150732521	962	22.2110659761988	30.1222673571345
44	WGN45	27	2.01566150732519	962	23.0443993095322	30.9556006904678
45	WGN45	23	2.0156615073252	962	19.0443993095322	26.9556006904678
46	WGN45	29.8333333333334	2.0156615073252	962	25.8777326428656	33.7889340238012
47	WGN45	25.2231741086881	2.85131576966116	962	19.6276579040946	30.8186903132816
48	WGN45	29	2.0156615073252	962	25.0443993095322	32.9556006904678
49	WGN45	26.8898407753549	2.85131576966117	962	21.2943245707614	32.4853569799484
50	WGN45	25.5	2.01566150732519	962	21.5443993095322	29.4556006904678
52	WGN45	26	2.01566150732521	962	22.0443993095322	29.9556006904678
53	WGN45	27.5	2.01566150732519	962	23.5443993095322	31.4556006904678
54	WGN45	18.8898407753549	2.85131576966118	962	13.2943245707614	24.4853569799485
55	WGN45	27.6666666666667	2.0156615073252	962	23.7110659761989	31.6222673571345
56	WGN45	23.6666666666667	2.01566150732519	962	19.7110659761989	27.6222673571345
57	WGN45	26.3333333333334	2.0156615073252	962	22.3777326428656	30.2889340238012
58	WGN45	32.5	2.01566150732519	962	28.5443993095322	36.4556006904678
59	WGN45	21.1666666666666	2.01566150732519	962	17.2110659761988	25.1222673571344
60	WGN45	26.1101592246452	2.85131576966116	962	20.5146430200517	31.7056754292387
61	WGN45	28.2231741086882	2.85131576966118	962	22.6276579040946	33.8186903132817
62	WGN45	29.6666666666669	2.01566150732523	962	25.711065976199	33.6222673571347
64	WGN45	25.3333333333334	2.01566150732518	962	21.3777326428656	29.2889340238011
65	WGN45	25.5	2.01566150732519	962	21.5443993095322	29.4556006904678
66	WGN45	23.1666666666667	2.01566150732519	962	19.2110659761989	27.1222673571345
67	WGN45	23.5565074420214	2.85131576966119	962	17.9609912374279	29.152023646615
68	WGN45	23	2.0156615073252	962	19.0443993095322	26.9556006904678
69	WGN45	25.3333333333334	2.01566150732519	962	21.3777326428656	29.2889340238012
71	WGN45	29	2.0156615073252	962	25.0443993095322	32.9556006904679
72	WGN45	25.8898407753549	2.8513157696612	962	20.2943245707613	31.4853569799484
73	WGN45	24.1101592246452	2.85131576966119	962	18.5146430200517	29.7056754292388
74	WGN45	31.8333333333334	2.01566150732519	962	27.8777326428656	35.7889340238012
75	WGN45	29.1666666666667	2.01566150732519	962	25.2110659761989	33.1222673571345
76	WGN45	28.1666666666667	2.0156615073252	962	24.2110659761989	32.1222673571345
77	WGN45	25.3333333333333	2.01566150732519	962	21.3777326428655	29.2889340238011
78	WGN45	24.2231741086881	2.85131576966119	962	18.6276579040946	29.8186903132816
80	WGN45	32.3333333333334	2.0156615073252	962	28.3777326428656	36.2889340238012
81	WGN45	35.8333333333335	2.01566150732521	962	31.8777326428656	39.7889340238013
82	WGN45	23.8333333333334	2.01566150732519	962	19.8777326428656	27.7889340238012
84	WGN45	29.1666666666667	2.01566150732521	962	25.2110659761989	33.1222673571346
85	WGN45	27.7768258913119	2.85131576966119	962	22.1813096867184	33.3723420959055
86	WGN45	30.5	2.0156615073252	962	26.5443993095322	34.4556006904679
87	WGN45	27.6666666666667	2.0156615073252	962	23.7110659761989	31.6222673571345
88	WGN45	27	2.0156615073252	962	23.0443993095322	30.9556006904678
89	WGN45	23.1666666666667	2.0156615073252	962	19.2110659761988	27.1222673571345
90	WGN45	27.1101592246452	2.85131576966117	962	21.5146430200517	32.7056754292387
92	WGN45	27.5	2.01566150732521	962	23.5443993095322	31.4556006904679
93	WGN45	25	2.01566150732521	962	21.0443993095322	28.9556006904678
94	WGN45	30.6666666666667	2.0156615073252	962	26.7110659761989	34.6222673571345
95	WGN45	26.2231741086882	2.85131576966118	962	20.6276579040947	31.8186903132817
96	WGN45	25.8333333333333	2.01566150732519	962	21.8777326428655	29.7889340238011
98	WGN45	26.8333333333334	2.0156615073252	962	22.8777326428656	30.7889340238012
99	WGN45	21.5565074420215	2.85131576966119	962	15.9609912374279	27.152023646615
100	WGN45	29.8333333333333	2.01566150732519	962	25.8777326428655	33.7889340238011
101	WGN45	31.5	2.0156615073252	962	27.5443993095322	35.4556006904678
102	WGN45	28.3333333333334	2.01566150732521	962	24.3777326428656	32.2889340238012
103	WGN45	29.1101592246452	2.85131576966118	962	23.5146430200517	34.7056754292387
104	WGN45	25	2.0156615073252	962	21.0443993095322	28.9556006904679
105	WGN45	29.3333333333334	2.01566150732521	962	25.3777326428655	33.2889340238012
106	WGN45	25.6666666666667	2.01566150732519	962	21.7110659761989	29.6222673571345
107	WGN45	26.6666666666667	2.0156615073252	962	22.7110659761989	30.6222673571346
108	WGN45	26.3333333333334	2.0156615073252	962	22.3777326428656	30.2889340238012
109	WGN45	25.5	2.0156615073252	962	21.5443993095322	29.4556006904679
110	WGN45	27.6666666666667	2.0156615073252	962	23.7110659761989	31.6222673571345
111	WGN45	32.8898407753548	2.85131576966118	962	27.2943245707613	38.4853569799483
112	WGN45	29.8898407753548	2.85131576966118	962	24.2943245707613	35.4853569799483
113	WGN45	26.5	2.0156615073252	962	22.5443993095322	30.4556006904679
114	WGN45	21.2231741086881	2.85131576966119	962	15.6276579040946	26.8186903132817
115	WGN45	28.2231741086882	2.85131576966119	962	22.6276579040946	33.8186903132817
116	WGN45	26.3333333333333	2.0156615073252	962	22.3777326428655	30.2889340238012
117	WGN45	29.8898407753548	2.85131576966118	962	24.2943245707613	35.4853569799484
118	WGN45	27.5565074420215	2.85131576966119	962	21.9609912374279	33.152023646615
119	WGN45	26.3333333333334	2.01566150732521	962	22.3777326428656	30.2889340238012
120	WGN45	26.3333333333334	2.0156615073252	962	22.3777326428656	30.2889340238012
121	WGN45	28.5	2.0156615073252	962	24.5443993095322	32.4556006904678
122	WGN45	28.5	2.0156615073252	962	24.5443993095322	32.4556006904678
123	WGN45	24.5	2.0156615073252	962	20.5443993095322	28.4556006904678
124	WGN45	21.1666666666667	2.0156615073252	962	17.2110659761989	25.1222673571345
126	WGN45	28.1666666666667	2.0156615073252	962	24.2110659761989	32.1222673571345
127	WGN45	24.3333333333334	2.0156615073252	962	20.3777326428656	28.2889340238012
128	WGN45	25.1666666666667	2.0156615073252	962	21.2110659761989	29.1222673571345
129	WGN45	23	2.0156615073252	962	19.0443993095322	26.9556006904678
130	WGN45	23.8898407753549	2.85131576966119	962	18.2943245707613	29.4853569799484
1	WGN46	28.0000000000003	2.01566150732525	962	24.0443993095323	31.9556006904682
2	WGN46	25.6666666666668	2.0156615073252	962	21.711065976199	29.6222673571346
3	WGN46	27.8333333333335	2.01566150732521	962	23.8777326428656	31.7889340238013
4	WGN46	22.8898407753549	2.85131576966122	962	17.2943245707613	28.4853569799485
6	WGN46	22.889840775355	2.85131576966117	962	17.2943245707615	28.4853569799485
7	WGN46	24.1666666666668	2.01566150732519	962	20.211065976199	28.1222673571346
8	WGN46	27.1101592246454	2.85131576966119	962	21.5146430200518	32.7056754292389
9	WGN46	26.1666666666668	2.01566150732521	962	22.211065976199	30.1222673571347
10	WGN46	33.5000000000003	2.01566150732523	962	29.5443993095325	37.4556006904682
11	WGN46	28.1666666666669	2.01566150732521	962	24.211065976199	32.1222673571347
12	WGN46	29.3333333333335	2.01566150732517	962	25.3777326428658	33.2889340238013
13	WGN46	21.0000000000001	2.0156615073252	962	17.0443993095323	24.9556006904679
14	WGN46	28.0000000000001	2.01566150732521	962	24.0443993095323	31.955600690468
15	WGN46	30.0000000000002	2.0156615073252	962	26.0443993095323	33.955600690468
16	WGN46	27.0000000000002	2.01566150732519	962	23.0443993095324	30.955600690468
17	WGN46	28.1666666666668	2.0156615073252	962	24.211065976199	32.1222673571346
18	WGN46	26.0000000000001	2.0156615073252	962	22.0443993095323	29.9556006904679
19	WGN46	23.6666666666669	2.01566150732518	962	19.7110659761991	27.6222673571347
20	WGN46	27.5565074420215	2.85131576966123	962	21.9609912374279	33.1520236466151
21	WGN46	26.1101592246454	2.85131576966116	962	20.5146430200519	31.7056754292389
22	WGN46	27.8333333333335	2.01566150732519	962	23.8777326428657	31.7889340238013
23	WGN46	27.3333333333335	2.01566150732518	962	23.3777326428657	31.2889340238012
24	WGN46	23.1666666666669	2.01566150732518	962	19.2110659761991	27.1222673571347
25	WGN46	24.3333333333334	2.0156615073252	962	20.3777326428656	28.2889340238012
26	WGN46	25.5000000000001	2.0156615073252	962	21.5443993095323	29.455600690468
27	WGN46	29.889840775355	2.85131576966119	962	24.2943245707615	35.4853569799485
28	WGN46	29.1666666666668	2.0156615073252	962	25.211065976199	33.1222673571346
29	WGN46	23.1666666666667	2.01566150732521	962	19.2110659761989	27.1222673571346
30	WGN46	26.1666666666668	2.01566150732518	962	22.211065976199	30.1222673571346
31	WGN46	26.5565074420215	2.85131576966121	962	20.9609912374279	32.1520236466151
32	WGN46	25.1666666666668	2.01566150732519	962	21.211065976199	29.1222673571346
33	WGN46	25.6666666666668	2.0156615073252	962	21.711065976199	29.6222673571346
34	WGN46	26.8333333333335	2.0156615073252	962	22.8777326428657	30.7889340238013
36	WGN46	22.6666666666669	2.01566150732519	962	18.7110659761991	26.6222673571347
37	WGN46	29.1666666666668	2.01566150732519	962	25.211065976199	33.1222673571347
38	WGN46	27.0000000000001	2.01566150732521	962	23.0443993095323	30.9556006904679
39	WGN46	19.4434925579789	2.85131576966115	962	13.8479763533855	25.0390087625724
40	WGN46	25.5565074420215	2.8513157696612	962	19.960991237428	31.1520236466151
41	WGN46	27.6666666666669	2.01566150732519	962	23.7110659761991	31.6222673571347
42	WGN46	32.2231741086883	2.85131576966121	962	26.6276579040948	37.8186903132819
43	WGN46	27.6666666666668	2.01566150732523	962	23.7110659761989	31.6222673571347
44	WGN46	22.8898407753549	2.85131576966121	962	17.2943245707613	28.4853569799484
45	WGN46	24.0000000000001	2.0156615073252	962	20.0443993095323	27.9556006904679
46	WGN46	26.1666666666668	2.01566150732518	962	22.211065976199	30.1222673571346
47	WGN46	29.8333333333335	2.0156615073252	962	25.8777326428657	33.7889340238013
48	WGN46	27.6666666666667	2.01566150732518	962	23.711065976199	31.6222673571345
49	WGN46	24.3333333333335	2.01566150732519	962	20.3777326428657	28.2889340238013
50	WGN46	33.1666666666667	2.01566150732518	962	29.2110659761989	37.1222673571345
52	WGN46	29.1666666666669	2.0156615073252	962	25.211065976199	33.1222673571347
53	WGN46	21.2231741086883	2.85131576966119	962	15.6276579040947	26.8186903132818
54	WGN46	22.1666666666668	2.0156615073252	962	18.2110659761989	26.1222673571346
55	WGN46	24.2231741086883	2.85131576966118	962	18.6276579040948	29.8186903132818
56	WGN46	28.3333333333334	2.0156615073252	962	24.3777326428656	32.2889340238012
57	WGN46	28.0000000000001	2.01566150732519	962	24.0443993095323	31.9556006904679
58	WGN46	22.6666666666667	2.01566150732521	962	18.7110659761989	26.6222673571346
59	WGN46	24.6666666666669	2.01566150732519	962	20.7110659761991	28.6222673571346
60	WGN46	28.1666666666668	2.01566150732519	962	24.211065976199	32.1222673571346
61	WGN46	25.8333333333335	2.01566150732521	962	21.8777326428656	29.7889340238013
62	WGN46	27.6666666666669	2.01566150732519	962	23.7110659761991	31.6222673571347
63	WGN46	26.6666666666668	2.01566150732519	962	22.711065976199	30.6222673571346
64	WGN46	28.6666666666668	2.01566150732521	962	24.711065976199	32.6222673571346
65	WGN46	26.0000000000002	2.01566150732519	962	22.0443993095324	29.955600690468
66	WGN46	29.6666666666668	2.0156615073252	962	25.711065976199	33.6222673571346
67	WGN46	23.1101592246453	2.8513157696612	962	17.5146430200518	28.7056754292389
68	WGN46	24.0000000000001	2.01566150732521	962	20.0443993095323	27.9556006904679
69	WGN46	30.8333333333335	2.01566150732519	962	26.8777326428657	34.7889340238013
70	WGN46	24.0000000000002	2.01566150732518	962	20.0443993095325	27.955600690468
71	WGN46	29.5000000000001	2.01566150732519	962	25.5443993095323	33.4556006904679
72	WGN46	25.1666666666668	2.0156615073252	962	21.211065976199	29.1222673571346
73	WGN46	24.8333333333334	2.0156615073252	962	20.8777326428656	28.7889340238013
74	WGN46	22.3333333333334	2.0156615073252	962	18.3777326428656	26.2889340238013
75	WGN46	25.0000000000001	2.0156615073252	962	21.0443993095323	28.955600690468
76	WGN46	26.8333333333335	2.0156615073252	962	22.8777326428657	30.7889340238013
78	WGN46	29.5000000000001	2.01566150732519	962	25.5443993095323	33.4556006904679
79	WGN46	35.4166666666668	2.01566150732521	962	31.461065976199	39.3722673571347
80	WGN46	26.0000000000001	2.0156615073252	962	22.0443993095323	29.955600690468
81	WGN46	29.6666666666668	2.01566150732519	962	25.711065976199	33.6222673571346
82	WGN46	23.0000000000002	2.01566150732519	962	19.0443993095324	26.955600690468
83	WGN46	23.8333333333334	2.0156615073252	962	19.8777326428656	27.7889340238012
84	WGN46	25.3333333333335	2.0156615073252	962	21.3777326428657	29.2889340238013
85	WGN46	23.3333333333334	2.0156615073252	962	19.3777326428656	27.2889340238013
86	WGN46	31.3333333333335	2.0156615073252	962	27.3777326428657	35.2889340238013
87	WGN46	22.3333333333334	2.0156615073252	962	18.3777326428656	26.2889340238013
88	WGN46	27.3333333333335	2.01566150732521	962	23.3777326428657	31.2889340238014
89	WGN46	24.8333333333335	2.0156615073252	962	20.8777326428657	28.7889340238013
90	WGN46	29.7500000000002	2.0156615073252	962	25.7943993095323	33.705600690468
91	WGN46	29.3333333333335	2.0156615073252	962	25.3777326428657	33.2889340238013
92	WGN46	23.8333333333335	2.01566150732519	962	19.8777326428657	27.7889340238013
93	WGN46	24.5000000000002	2.0156615073252	962	20.5443993095323	28.455600690468
94	WGN46	25.5000000000001	2.01566150732521	962	21.5443993095323	29.4556006904679
95	WGN46	23.0000000000001	2.01566150732521	962	19.0443993095323	26.9556006904679
96	WGN46	28.3333333333335	2.0156615073252	962	24.3777326428657	32.2889340238013
98	WGN46	29.6666666666668	2.0156615073252	962	25.711065976199	33.6222673571346
101	WGN46	18.0000000000002	2.01566150732519	962	14.0443993095324	21.955600690468
102	WGN46	24.3333333333335	2.0156615073252	962	20.3777326428657	28.2889340238013
103	WGN46	23.6666666666668	2.0156615073252	962	19.711065976199	27.6222673571346
104	WGN46	25.8333333333335	2.0156615073252	962	21.8777326428657	29.7889340238013
106	WGN46	22.2231741086882	2.85131576966119	962	16.6276579040947	27.8186903132818
107	WGN46	30.889840775355	2.85131576966119	962	25.2943245707614	36.4853569799485
108	WGN46	30.8333333333335	2.0156615073252	962	26.8777326428657	34.7889340238013
109	WGN46	24.8333333333334	2.0156615073252	962	20.8777326428656	28.7889340238013
110	WGN46	22.0000000000001	2.0156615073252	962	18.0443993095323	25.9556006904679
111	WGN46	25.6666666666668	2.0156615073252	962	21.711065976199	29.6222673571346
112	WGN46	24.6666666666668	2.0156615073252	962	20.711065976199	28.6222673571346
113	WGN46	28.6666666666668	2.0156615073252	962	24.711065976199	32.6222673571346
114	WGN46	26.0000000000001	2.0156615073252	962	22.0443993095323	29.955600690468
115	WGN46	28.3333333333335	2.0156615073252	962	24.3777326428657	32.2889340238013
116	WGN46	25.1666666666668	2.0156615073252	962	21.211065976199	29.1222673571346
117	WGN46	26.3333333333335	2.0156615073252	962	22.3777326428657	30.2889340238013
118	WGN46	24.1666666666668	2.0156615073252	962	20.211065976199	28.1222673571346
119	WGN46	28.8333333333335	2.0156615073252	962	24.8777326428657	32.7889340238013
120	WGN46	34.889840775355	2.85131576966119	962	29.2943245707614	40.4853569799485
121	WGN46	25.8333333333335	2.0156615073252	962	21.8777326428657	29.7889340238013
122	WGN46	23.3333333333335	2.0156615073252	962	19.3777326428657	27.2889340238013
123	WGN46	29.8333333333334	2.0156615073252	962	25.8777326428656	33.7889340238012
124	WGN46	21.0000000000001	2.0156615073252	962	17.0443993095323	24.955600690468
125	WGN46	25.1666666666668	2.0156615073252	962	21.211065976199	29.1222673571346
126	WGN46	27.0000000000001	2.0156615073252	962	23.0443993095323	30.955600690468
127	WGN46	28.2231741086883	2.85131576966119	962	22.6276579040948	33.8186903132818
128	WGN46	29.8333333333335	2.0156615073252	962	25.8777326428657	33.7889340238013
129	WGN46	29.5000000000001	2.0156615073252	962	25.5443993095323	33.455600690468
130	WGN46	21.8333333333335	2.0156615073252	962	17.8777326428657	25.7889340238013
1	WGN55	24.3333333333332	2.01566150732519	962	20.3777326428654	28.288934023801
2	WGN55	23.0000000000001	2.01566150732521	962	19.0443993095322	26.9556006904679
3	WGN55	23.889840775355	2.85131576966116	962	18.2943245707615	29.4853569799485
4	WGN55	31.3333333333335	2.01566150732521	962	27.3777326428656	35.2889340238013
5	WGN55	27.5565074420216	2.85131576966119	962	21.9609912374281	33.1520236466151
6	WGN55	29.889840775355	2.8513157696612	962	24.2943245707614	35.4853569799485
7	WGN55	23.5000000000001	2.01566150732521	962	19.5443993095322	27.4556006904679
8	WGN55	19.8333333333333	2.01566150732521	962	15.8777326428655	23.7889340238012
9	WGN55	23.889840775355	2.85131576966116	962	18.2943245707615	29.4853569799484
10	WGN55	23.0000000000001	2.0156615073252	962	19.0443993095323	26.9556006904679
11	WGN55	29.0000000000002	2.01566150732521	962	25.0443993095323	32.955600690468
12	WGN55	25.6666666666668	2.01566150732521	962	21.7110659761989	29.6222673571346
13	WGN55	23.1666666666667	2.0156615073252	962	19.2110659761989	27.1222673571346
14	WGN55	21.5000000000001	2.0156615073252	962	17.5443993095323	25.4556006904679
15	WGN55	24.5565074420215	2.85131576966121	962	18.960991237428	30.1520236466151
16	WGN55	27.1666666666667	2.01566150732518	962	23.2110659761989	31.1222673571345
17	WGN55	29.5	2.0156615073252	962	25.5443993095322	33.4556006904678
18	WGN55	27.5000000000001	2.01566150732521	962	23.5443993095323	31.455600690468
19	WGN55	25.5000000000001	2.01566150732519	962	21.5443993095323	29.4556006904679
20	WGN55	27.1666666666668	2.01566150732521	962	23.211065976199	31.1222673571347
21	WGN55	24.6666666666668	2.01566150732521	962	20.7110659761989	28.6222673571346
22	WGN55	22.5000000000001	2.01566150732518	962	18.5443993095323	26.4556006904679
23	WGN55	28.1666666666668	2.01566150732521	962	24.211065976199	32.1222673571347
24	WGN55	24.3333333333334	2.01566150732519	962	20.3777326428657	28.2889340238012
25	WGN55	26.8333333333335	2.01566150732521	962	22.8777326428657	30.7889340238013
26	WGN55	26.3333333333335	2.0156615073252	962	22.3777326428657	30.2889340238013
27	WGN55	29.6666666666668	2.0156615073252	962	25.711065976199	33.6222673571346
28	WGN55	29.5565074420215	2.85131576966117	962	23.960991237428	35.1520236466149
29	WGN55	28.1666666666667	2.01566150732519	962	24.2110659761989	32.1222673571345
30	WGN55	30.1666666666668	2.01566150732519	962	26.211065976199	34.1222673571346
31	WGN55	25.8333333333333	2.01566150732519	962	21.8777326428655	29.7889340238011
32	WGN55	30.5000000000001	2.0156615073252	962	26.5443993095323	34.4556006904679
33	WGN55	24	2.01566150732521	962	20.0443993095322	27.9556006904679
34	WGN55	24.5000000000003	2.01566150732519	962	20.5443993095325	28.4556006904681
35	WGN55	24.5000000000001	2.01566150732521	962	20.5443993095323	28.455600690468
36	WGN55	30.0000000000001	2.01566150732519	962	26.0443993095323	33.9556006904679
37	WGN55	25.3333333333335	2.01566150732519	962	21.3777326428657	29.2889340238013
38	WGN55	23.4434925579787	2.85131576966119	962	17.8479763533852	29.0390087625723
40	WGN55	25.0833333333334	2.0156615073252	962	21.1277326428656	29.0389340238013
41	WGN55	29.5000000000002	2.0156615073252	962	25.5443993095324	33.455600690468
42	WGN55	24.8333333333335	2.01566150732521	962	20.8777326428656	28.7889340238013
43	WGN55	24.8333333333334	2.0156615073252	962	20.8777326428656	28.7889340238012
44	WGN55	21.8333333333334	2.0156615073252	962	17.8777326428656	25.7889340238012
45	WGN55	26.6666666666668	2.01566150732521	962	22.711065976199	30.6222673571347
46	WGN55	20.2231741086882	2.85131576966119	962	14.6276579040946	25.8186903132817
47	WGN55	32.1666666666668	2.0156615073252	962	28.211065976199	36.1222673571346
48	WGN55	26.6666666666668	2.0156615073252	962	22.711065976199	30.6222673571346
49	WGN55	25.3333333333335	2.01566150732521	962	21.3777326428656	29.2889340238013
50	WGN55	28.5000000000001	2.0156615073252	962	24.5443993095323	32.4556006904679
52	WGN55	23.8333333333335	2.01566150732521	962	19.8777326428656	27.7889340238013
53	WGN55	28	2.01566150732518	962	24.0443993095323	31.9556006904678
54	WGN55	26	2.0156615073252	962	22.0443993095322	29.9556006904678
55	WGN55	34.3333333333333	2.01566150732519	962	30.3777326428655	38.2889340238011
56	WGN55	23.1666666666667	2.0156615073252	962	19.2110659761989	27.1222673571345
57	WGN55	25.776825891312	2.85131576966121	962	20.1813096867184	31.3723420959056
58	WGN55	28.2231741086882	2.85131576966119	962	22.6276579040947	33.8186903132818
59	WGN55	26.0000000000001	2.01566150732519	962	22.0443993095323	29.9556006904679
60	WGN55	26.3333333333335	2.01566150732519	962	22.3777326428657	30.2889340238013
61	WGN55	15.2231741086881	2.85131576966121	962	9.62765790409453	20.8186903132816
62	WGN55	26.0000000000001	2.01566150732519	962	22.0443993095323	29.9556006904679
63	WGN55	27.3333333333335	2.0156615073252	962	23.3777326428657	31.2889340238013
64	WGN55	27.6666666666668	2.0156615073252	962	23.7110659761989	31.6222673571346
65	WGN55	25.5000000000001	2.01566150732519	962	21.5443993095323	29.4556006904679
66	WGN55	26.3333333333335	2.0156615073252	962	22.3777326428656	30.2889340238013
67	WGN55	23.5565074420216	2.85131576966118	962	17.960991237428	29.1520236466151
68	WGN55	25.1666666666668	2.01566150732521	962	21.2110659761989	29.1222673571346
69	WGN55	22.3333333333335	2.0156615073252	962	18.3777326428656	26.2889340238013
70	WGN55	25.5565074420215	2.85131576966119	962	19.960991237428	31.152023646615
71	WGN55	23.4166666666668	2.0156615073252	962	19.461065976199	27.3722673571346
72	WGN55	24.1666666666668	2.01566150732521	962	20.211065976199	28.1222673571346
73	WGN55	26.6666666666668	2.0156615073252	962	22.711065976199	30.6222673571346
74	WGN55	27.5565074420216	2.85131576966119	962	21.960991237428	33.1520236466151
75	WGN55	28.6666666666668	2.0156615073252	962	24.711065976199	32.6222673571346
76	WGN55	30.5000000000001	2.0156615073252	962	26.5443993095323	34.4556006904679
77	WGN55	22.5565074420215	2.85131576966119	962	16.960991237428	28.1520236466151
78	WGN55	29.3333333333334	2.01566150732519	962	25.3777326428656	33.2889340238012
80	WGN55	25.6666666666668	2.01566150732519	962	21.711065976199	29.6222673571346
81	WGN55	33.1666666666667	2.01566150732519	962	29.2110659761989	37.1222673571344
82	WGN55	23.6666666666668	2.01566150732519	962	19.711065976199	27.6222673571346
83	WGN55	19.3333333333335	2.0156615073252	962	15.3777326428656	23.2889340238013
84	WGN55	27.889840775355	2.85131576966119	962	22.2943245707614	33.4853569799485
85	WGN55	25.3333333333335	2.01566150732521	962	21.3777326428656	29.2889340238013
86	WGN55	25.5000000000001	2.0156615073252	962	21.5443993095323	29.4556006904679
87	WGN55	30.0000000000001	2.01566150732519	962	26.0443993095323	33.9556006904679
88	WGN55	21.5000000000001	2.0156615073252	962	17.5443993095323	25.4556006904679
89	WGN55	23.8333333333335	2.01566150732519	962	19.8777326428657	27.7889340238013
90	WGN55	24.0000000000001	2.0156615073252	962	20.0443993095323	27.9556006904679
91	WGN55	27.5565074420216	2.85131576966118	962	21.9609912374281	33.1520236466151
92	WGN55	31.1666666666668	2.01566150732519	962	27.211065976199	35.1222673571346
93	WGN55	21.8898407753549	2.85131576966119	962	16.2943245707614	27.4853569799484
94	WGN55	24.3333333333334	2.0156615073252	962	20.3777326428656	28.2889340238012
95	WGN55	25.0000000000001	2.0156615073252	962	21.0443993095323	28.9556006904679
96	WGN55	27.1666666666668	2.0156615073252	962	23.211065976199	31.1222673571346
97	WGN55	25.5565074420216	2.85131576966118	962	19.960991237428	31.1520236466151
98	WGN55	27.6666666666668	2.0156615073252	962	23.711065976199	31.6222673571346
99	WGN55	23.5565074420216	2.85131576966119	962	17.960991237428	29.1520236466151
100	WGN55	30.6666666666668	2.0156615073252	962	26.711065976199	34.6222673571346
101	WGN55	20.6666666666667	2.0156615073252	962	16.7110659761989	24.6222673571346
102	WGN55	26.8333333333335	2.0156615073252	962	22.8777326428656	30.7889340238013
103	WGN55	25.8333333333335	2.01566150732519	962	21.8777326428657	29.7889340238013
104	WGN55	25.3333333333334	2.0156615073252	962	21.3777326428656	29.2889340238012
105	WGN55	21.1666666666668	2.0156615073252	962	17.2110659761989	25.1222673571346
106	WGN55	23.3333333333335	2.0156615073252	962	19.3777326428656	27.2889340238013
107	WGN55	21.0000000000001	2.0156615073252	962	17.0443993095323	24.9556006904679
108	WGN55	24.0000000000001	2.0156615073252	962	20.0443993095323	27.9556006904679
109	WGN55	26.1666666666668	2.01566150732519	962	22.211065976199	30.1222673571346
110	WGN55	23.8333333333335	2.0156615073252	962	19.8777326428657	27.7889340238013
111	WGN55	23.6666666666668	2.0156615073252	962	19.711065976199	27.6222673571346
112	WGN55	22.3333333333335	2.0156615073252	962	18.3777326428657	26.2889340238013
113	WGN55	27.1666666666668	2.0156615073252	962	23.211065976199	31.1222673571346
114	WGN55	25.5000000000001	2.0156615073252	962	21.5443993095323	29.4556006904679
115	WGN55	24.8333333333335	2.0156615073252	962	20.8777326428657	28.7889340238013
116	WGN55	22.3333333333334	2.0156615073252	962	18.3777326428656	26.2889340238012
117	WGN55	20.1666666666668	2.0156615073252	962	16.211065976199	24.1222673571346
118	WGN55	24.0000000000001	2.0156615073252	962	20.0443993095323	27.9556006904679
119	WGN55	25.6666666666668	2.0156615073252	962	21.711065976199	29.6222673571346
120	WGN55	29.2231741086882	2.85131576966118	962	23.6276579040947	34.8186903132818
121	WGN55	23.5565074420216	2.85131576966119	962	17.960991237428	29.1520236466151
122	WGN55	28.6666666666668	2.0156615073252	962	24.711065976199	32.6222673571346
123	WGN55	24.1666666666668	2.0156615073252	962	20.211065976199	28.1222673571346
124	WGN55	28.0000000000001	2.0156615073252	962	24.0443993095323	31.9556006904679
125	WGN55	26.0000000000001	2.0156615073252	962	22.0443993095323	29.9556006904679
126	WGN55	26.6666666666668	2.0156615073252	962	22.711065976199	30.6222673571346
128	WGN55	26.0000000000001	2.0156615073252	962	22.0443993095323	29.9556006904679
129	WGN55	31.7500000000001	2.0156615073252	962	27.7943993095323	35.7056006904679
130	WGN55	28.0000000000001	2.0156615073252	962	24.0443993095323	31.9556006904679
1	WGN63	25.4999999999997	2.0156615073252	962	21.5443993095319	29.4556006904675
2	WGN63	26.3333333333335	2.01566150732521	962	22.3777326428656	30.2889340238013
3	WGN63	27.0000000000001	2.0156615073252	962	23.0443993095323	30.955600690468
4	WGN63	27.8898407753549	2.85131576966116	962	22.2943245707614	33.4853569799484
5	WGN63	21.1666666666667	2.0156615073252	962	17.2110659761989	25.1222673571346
6	WGN63	22.5000000000001	2.0156615073252	962	18.5443993095323	26.4556006904679
7	WGN63	22.3333333333335	2.01566150732519	962	18.3777326428657	26.2889340238013
8	WGN63	20.8333333333335	2.01566150732519	962	16.8777326428657	24.7889340238013
9	WGN63	27.0000000000001	2.0156615073252	962	23.0443993095323	30.9556006904679
10	WGN63	27.1666666666668	2.01566150732521	962	23.2110659761989	31.1222673571346
12	WGN63	29.8333333333334	2.01566150732521	962	25.8777326428656	33.7889340238013
13	WGN63	29.1666666666667	2.0156615073252	962	25.2110659761989	33.1222673571346
16	WGN63	23.0000000000001	2.0156615073252	962	19.0443993095323	26.9556006904679
17	WGN63	28.8333333333334	2.0156615073252	962	24.8777326428655	32.7889340238012
18	WGN63	25.5000000000001	2.01566150732519	962	21.5443993095323	29.4556006904679
19	WGN63	24.1666666666669	2.0156615073252	962	20.2110659761991	28.1222673571347
20	WGN63	20.5000000000001	2.0156615073252	962	16.5443993095323	24.4556006904679
21	WGN63	24.3333333333335	2.01566150732519	962	20.3777326428657	28.2889340238013
22	WGN63	28.1666666666668	2.0156615073252	962	24.2110659761989	32.1222673571346
23	WGN63	27.6666666666668	2.01566150732521	962	23.711065976199	31.6222673571347
24	WGN63	25.6666666666668	2.01566150732522	962	21.7110659761989	29.6222673571346
25	WGN63	25.1101592246452	2.85131576966118	962	19.5146430200517	30.7056754292387
26	WGN63	30.0000000000001	2.01566150732521	962	26.0443993095323	33.955600690468
27	WGN63	23.0000000000001	2.0156615073252	962	19.0443993095323	26.9556006904679
28	WGN63	26.8333333333334	2.0156615073252	962	22.8777326428656	30.7889340238012
29	WGN63	23.3333333333334	2.0156615073252	962	19.3777326428656	27.2889340238012
30	WGN63	31.5000000000002	2.0156615073252	962	27.5443993095323	35.455600690468
31	WGN63	22.3333333333335	2.01566150732521	962	18.3777326428657	26.2889340238013
32	WGN63	22.5000000000002	2.0156615073252	962	18.5443993095324	26.455600690468
33	WGN63	26.0000000000001	2.0156615073252	962	22.0443993095323	29.955600690468
34	WGN63	27.5000000000001	2.0156615073252	962	23.5443993095323	31.4556006904679
35	WGN63	29.2231741086882	2.85131576966118	962	23.6276579040947	34.8186903132817
36	WGN63	24.6666666666667	2.01566150732522	962	20.7110659761989	28.6222673571346
37	WGN63	29.5565074420215	2.85131576966117	962	23.960991237428	35.152023646615
38	WGN63	27.8898407753549	2.8513157696612	962	22.2943245707614	33.4853569799485
39	WGN63	26.5565074420215	2.85131576966119	962	20.960991237428	32.152023646615
40	WGN63	19.0000000000001	2.0156615073252	962	15.0443993095323	22.9556006904679
41	WGN63	27.6666666666668	2.0156615073252	962	23.711065976199	31.6222673571346
42	WGN63	24.8333333333334	2.0156615073252	962	20.8777326428656	28.7889340238012
44	WGN63	22.5000000000001	2.01566150732519	962	18.5443993095323	26.4556006904679
45	WGN63	20.889840775355	2.85131576966118	962	15.2943245707615	26.4853569799485
46	WGN63	25.1666666666667	2.01566150732519	962	21.2110659761989	29.1222673571345
47	WGN63	28.8333333333334	2.0156615073252	962	24.8777326428656	32.7889340238013
48	WGN63	27.8333333333335	2.01566150732521	962	23.8777326428656	31.7889340238013
49	WGN63	27.8333333333335	2.01566150732521	962	23.8777326428657	31.7889340238013
50	WGN63	27.5565074420216	2.85131576966119	962	21.960991237428	33.1520236466151
51	WGN63	33.3333333333335	2.01566150732521	962	29.3777326428656	37.2889340238013
52	WGN63	30.8333333333335	2.0156615073252	962	26.8777326428657	34.7889340238013
53	WGN63	27.5000000000001	2.0156615073252	962	23.5443993095323	31.4556006904679
54	WGN63	26.8333333333334	2.0156615073252	962	22.8777326428656	30.7889340238012
55	WGN63	27.3333333333334	2.0156615073252	962	23.3777326428656	31.2889340238012
56	WGN63	26.3333333333334	2.0156615073252	962	22.3777326428656	30.2889340238012
57	WGN63	29.1666666666668	2.01566150732521	962	25.2110659761989	33.1222673571346
58	WGN63	27.0000000000001	2.01566150732521	962	23.0443993095323	30.955600690468
59	WGN63	29.2231741086882	2.85131576966118	962	23.6276579040947	34.8186903132817
60	WGN63	22.2231741086882	2.85131576966119	962	16.6276579040947	27.8186903132818
61	WGN63	34.0000000000001	2.0156615073252	962	30.0443993095323	37.9556006904679
62	WGN63	25.6666666666668	2.01566150732521	962	21.711065976199	29.6222673571346
63	WGN63	31.776825891312	2.85131576966119	962	26.1813096867185	37.3723420959055
64	WGN63	20.1666666666668	2.0156615073252	962	16.211065976199	24.1222673571346
65	WGN63	28.0000000000002	2.01566150732521	962	24.0443993095323	31.955600690468
66	WGN63	24.0000000000001	2.0156615073252	962	20.0443993095323	27.955600690468
67	WGN63	22.5565074420216	2.85131576966118	962	16.9609912374281	28.1520236466151
68	WGN63	26.1666666666668	2.0156615073252	962	22.211065976199	30.1222673571346
69	WGN63	28.8898407753549	2.85131576966117	962	23.2943245707614	34.4853569799484
70	WGN63	32.5000000000001	2.0156615073252	962	28.5443993095323	36.4556006904679
72	WGN63	28.6666666666668	2.0156615073252	962	24.711065976199	32.6222673571346
73	WGN63	23.3333333333334	2.01566150732521	962	19.3777326428656	27.2889340238013
74	WGN63	27.5000000000001	2.01566150732521	962	23.5443993095323	31.455600690468
75	WGN63	29.0000000000001	2.01566150732521	962	25.0443993095323	32.9556006904679
76	WGN63	24.6666666666668	2.0156615073252	962	20.711065976199	28.6222673571346
77	WGN63	27.0000000000001	2.01566150732521	962	23.0443993095323	30.955600690468
78	WGN63	34.0000000000001	2.0156615073252	962	30.0443993095323	37.9556006904679
79	WGN63	21.1666666666668	2.0156615073252	962	17.2110659761989	25.1222673571346
80	WGN63	28.3333333333335	2.0156615073252	962	24.3777326428656	32.2889340238013
81	WGN63	19.1666666666668	2.0156615073252	962	15.211065976199	23.1222673571346
82	WGN63	24.6666666666668	2.0156615073252	962	20.7110659761989	28.6222673571346
83	WGN63	27.3333333333335	2.01566150732521	962	23.3777326428656	31.2889340238013
84	WGN63	26.6666666666668	2.0156615073252	962	22.7110659761989	30.6222673571346
85	WGN63	26.5000000000001	2.01566150732521	962	22.5443993095323	30.4556006904679
86	WGN63	26.8898407753549	2.85131576966119	962	21.2943245707614	32.4853569799485
87	WGN63	26.6666666666668	2.0156615073252	962	22.7110659761989	30.6222673571346
88	WGN63	28.3333333333335	2.0156615073252	962	24.3777326428656	32.2889340238013
89	WGN63	24.0000000000001	2.0156615073252	962	20.0443993095323	27.9556006904679
90	WGN63	18.5565074420215	2.85131576966118	962	12.960991237428	24.152023646615
91	WGN63	29.6666666666668	2.0156615073252	962	25.711065976199	33.6222673571347
92	WGN63	28.8333333333334	2.0156615073252	962	24.8777326428656	32.7889340238012
93	WGN63	24.8333333333335	2.0156615073252	962	20.8777326428657	28.7889340238013
94	WGN63	28.6666666666668	2.0156615073252	962	24.711065976199	32.6222673571346
95	WGN63	25.8898407753549	2.85131576966119	962	20.2943245707614	31.4853569799485
96	WGN63	28.0000000000001	2.0156615073252	962	24.0443993095323	31.9556006904679
97	WGN63	31.0000000000001	2.0156615073252	962	27.0443993095323	34.9556006904679
98	WGN63	31.4434925579787	2.85131576966118	962	25.8479763533852	37.0390087625722
99	WGN63	35.776825891312	2.85131576966119	962	30.1813096867185	41.3723420959055
100	WGN63	30.1666666666668	2.0156615073252	962	26.2110659761989	34.1222673571346
101	WGN63	26.776825891312	2.85131576966119	962	21.1813096867185	32.3723420959055
102	WGN63	31.0000000000001	2.0156615073252	962	27.0443993095323	34.955600690468
103	WGN63	26.5000000000001	2.0156615073252	962	22.5443993095323	30.4556006904679
105	WGN63	26.5000000000001	2.0156615073252	962	22.5443993095323	30.4556006904679
106	WGN63	27.0000000000001	2.0156615073252	962	23.0443993095323	30.9556006904679
107	WGN63	26.8333333333334	2.0156615073252	962	22.8777326428656	30.7889340238012
109	WGN63	22.8333333333335	2.0156615073252	962	18.8777326428656	26.7889340238013
110	WGN63	22.5565074420215	2.85131576966119	962	16.960991237428	28.1520236466151
111	WGN63	31.0000000000001	2.0156615073252	962	27.0443993095323	34.9556006904679
112	WGN63	23.1666666666668	2.0156615073252	962	19.2110659761989	27.1222673571346
114	WGN63	25.8333333333335	2.0156615073252	962	21.8777326428656	29.7889340238013
115	WGN63	24.5000000000001	2.0156615073252	962	20.5443993095323	28.4556006904679
116	WGN63	26.0000000000001	2.0156615073252	962	22.0443993095323	29.9556006904679
117	WGN63	27.3333333333335	2.0156615073252	962	23.3777326428657	31.2889340238013
118	WGN63	26.776825891312	2.85131576966119	962	21.1813096867185	32.3723420959055
119	WGN63	25.8333333333335	2.0156615073252	962	21.8777326428656	29.7889340238013
121	WGN63	28.8333333333335	2.0156615073252	962	24.8777326428657	32.7889340238013
122	WGN63	23.8333333333335	2.0156615073252	962	19.8777326428656	27.7889340238013
123	WGN63	25.3333333333334	2.0156615073252	962	21.3777326428656	29.2889340238012
124	WGN63	25.2231741086882	2.85131576966118	962	19.6276579040947	30.8186903132818
125	WGN63	25.2231741086882	2.85131576966119	962	19.6276579040947	30.8186903132818
126	WGN63	27.3333333333335	2.0156615073252	962	23.3777326428656	31.2889340238013
127	WGN63	28.5565074420215	2.85131576966118	962	22.960991237428	34.1520236466151
128	WGN63	24.6666666666668	2.0156615073252	962	20.7110659761989	28.6222673571346
129	WGN63	30.0000000000001	2.0156615073252	962	26.0443993095323	33.9556006904679
130	WGN63	26.6666666666668	2.0156615073252	962	22.7110659761989	30.6222673571346
