plantID3	famID	emmean	SE	df	lower.CL	upper.CL
1	WGN07	27.2499999999999	1.78658397727979	1103	23.7445131152072	30.7554868847925
2	WGN07	24.9999999999999	1.78658397728077	1103	21.4945131152054	28.5054868847945
3	WGN07	26.6666666666689	1.78658397728071	1103	23.1611797818745	30.1721535514634
4	WGN07	23.3333333333334	1.78658397728078	1103	19.8278464485388	26.8388202181279
5	WGN07	26.2500000000005	1.78658397728082	1103	22.7445131152059	29.7554868847952
6	WGN07	18.8333333333336	1.78658397728074	1103	15.3278464485391	22.3388202181281
7	WGN07	22.8333333333332	1.78658397728081	1103	19.3278464485386	26.3388202181279
8	WGN07	28.5	1.78658397728078	1103	24.9945131152054	32.0054868847946
9	WGN07	31.25	1.78658397728082	1103	27.7445131152053	34.7554868847946
10	WGN07	18.6666666666667	1.78658397728079	1103	15.1611797818721	22.1721535514613
11	WGN07	25.976147342995	2.52718337551828	1103	21.0175177509879	30.9347769350021
12	WGN07	25.9166666666664	1.78658397728084	1103	22.4111797818717	29.4221535514611
13	WGN07	27.1666666666667	1.78658397728075	1103	23.6611797818721	30.6721535514612
14	WGN07	27.6666666666667	1.78658397728084	1103	24.161179781872	31.1721535514614
15	WGN07	23.9166666666665	1.78658397728085	1103	20.4111797818718	27.4221535514612
16	WGN07	23.3333333333334	1.78658397728077	1103	19.8278464485388	26.838820218128
17	WGN07	30.0000000000002	1.78658397728082	1103	26.4945131152055	33.5054868847948
18	WGN07	24.9166666666666	1.78658397728083	1103	21.4111797818719	28.4221535514613
20	WGN07	16.2500000000003	1.78658397728078	1103	12.7445131152057	19.7554868847948
21	WGN07	27.5	1.78658397728086	1103	23.9945131152052	31.0054868847947
22	WGN07	25.1666666666665	1.78658397728075	1103	21.661179781872	28.672153551461
23	WGN07	28.5833333333334	1.78658397728078	1103	25.0778464485388	32.0888202181279
24	WGN07	22.9999999999999	1.78658397728083	1103	19.4945131152052	26.5054868847945
25	WGN07	23.5833333333333	1.7865839772808	1103	20.0778464485387	27.0888202181279
26	WGN07	25.2499999999999	1.78658397728078	1103	21.7445131152054	28.7554868847945
27	WGN07	29.9999999999998	1.78658397728079	1103	26.4945131152052	33.5054868847944
28	WGN07	23.5000000000003	1.78658397728077	1103	19.9945131152058	27.0054868847949
29	WGN07	19.0833333333335	1.78658397728079	1103	15.5778464485389	22.5888202181281
30	WGN07	26.8333333333334	1.78658397728079	1103	23.3278464485388	30.338820218128
31	WGN07	27.3333333333335	1.78658397728074	1103	23.827846448539	30.838820218128
32	WGN07	23.8333333333333	1.78658397728075	1103	20.3278464485388	27.3388202181278
33	WGN07	27.1666666666667	1.78658397728081	1103	23.661179781872	30.6721535514613
34	WGN07	28.75	1.78658397728081	1103	25.2445131152053	32.2554868847946
35	WGN07	24.8333333333333	1.7865839772808	1103	21.3278464485387	28.338820218128
36	WGN07	22.6666666666666	1.78658397728079	1103	19.161179781872	26.1721535514612
37	WGN07	26.1666666666666	1.7865839772808	1103	22.661179781872	29.6721535514612
38	WGN07	25.2499999999998	1.78658397728082	1103	21.7445131152052	28.7554868847945
39	WGN07	19.8333333333334	1.78658397728077	1103	16.3278464485389	23.338820218128
40	WGN07	22.3333333333333	1.78658397728078	1103	18.8278464485388	25.8388202181279
41	WGN07	29.7500000000002	1.78658397728086	1103	26.2445131152055	33.255486884795
42	WGN07	29.6666666666667	1.78658397728085	1103	26.161179781872	33.1721535514615
44	WGN07	19.6666666666666	1.78658397728078	1103	16.1611797818721	23.1721535514612
46	WGN07	22.4166666666666	1.78658397728082	1103	18.911179781872	25.9221535514613
47	WGN07	20.1666666666665	1.78658397728081	1103	16.6611797818719	23.6721535514611
48	WGN07	25.5	1.78658397728075	1103	21.9945131152055	29.0054868847945
49	WGN07	26.1666666666666	1.78658397728081	1103	22.661179781872	29.6721535514612
50	WGN07	30	1.78658397728084	1103	26.4945131152053	33.5054868847947
51	WGN07	23.6666666666667	1.78658397728078	1103	20.1611797818722	27.1721535514613
52	WGN07	24.6666666666665	1.78658397728076	1103	21.161179781872	28.1721535514611
53	WGN07	30.5833333333334	1.78658397728081	1103	27.0778464485388	34.088820218128
54	WGN07	27.9761473429952	2.52718337551818	1103	23.0175177509883	32.9347769350022
55	WGN07	25.6666666666668	1.78658397728082	1103	22.1611797818721	29.1721535514614
56	WGN07	25.1666666666667	1.78658397728077	1103	21.6611797818721	28.6721535514612
57	WGN07	23.3333333333333	1.78658397728073	1103	19.8278464485388	26.8388202181278
58	WGN07	29.0000000000002	1.78658397728084	1103	25.4945131152055	32.5054868847948
59	WGN07	24.6666666666667	1.78658397728081	1103	21.161179781872	28.1721535514613
60	WGN07	26	1.78658397728082	1103	22.4945131152054	29.5054868847947
61	WGN07	30.9166666666666	1.78658397728079	1103	27.411179781872	34.4221535514612
63	WGN07	22.9999999999999	1.78658397728085	1103	19.4945131152051	26.5054868847946
64	WGN07	20.9166666666665	1.78658397728083	1103	17.4111797818719	24.4221535514612
66	WGN07	26.2500000000001	1.78658397728079	1103	22.7445131152055	29.7554868847947
67	WGN07	19.1666666666667	1.78658397728079	1103	15.6611797818721	22.6721535514613
68	WGN07	23.1666666666667	1.78658397728078	1103	19.6611797818721	26.6721535514613
69	WGN07	27.9166666666668	1.78658397728074	1103	24.4111797818723	31.4221535514613
71	WGN07	23.6666666666665	1.78658397728084	1103	20.1611797818718	27.1721535514612
73	WGN07	25.4166666666667	1.78658397728082	1103	21.9111797818721	28.9221535514614
74	WGN07	26.6666666666667	1.78658397728081	1103	23.1611797818721	30.1721535514613
75	WGN07	23.0833333333333	1.78658397728081	1103	19.5778464485387	26.588820218128
76	WGN07	21.5000000000001	1.78658397728078	1103	17.9945131152055	25.0054868847947
77	WGN07	26.8333333333333	1.78658397728079	1103	23.3278464485388	30.3388202181279
78	WGN07	24.4999999999999	1.78658397728079	1103	20.9945131152053	28.0054868847945
79	WGN07	28	1.7865839772808	1103	24.4945131152054	31.5054868847946
80	WGN07	25.6666666666667	1.78658397728079	1103	22.1611797818721	29.1721535514613
81	WGN07	23.6666666666666	1.78658397728078	1103	20.1611797818721	27.1721535514612
82	WGN07	20.8333333333334	1.78658397728077	1103	17.3278464485388	24.338820218128
83	WGN07	24.0833333333333	1.78658397728079	1103	20.5778464485387	27.5888202181279
84	WGN07	24.0833333333333	1.78658397728078	1103	20.5778464485387	27.5888202181278
85	WGN07	25.9999999999999	1.78658397728083	1103	22.4945131152052	29.5054868847945
86	WGN07	25.0833333333333	1.78658397728076	1103	21.5778464485387	28.5888202181278
87	WGN07	22.75	1.78658397728077	1103	19.2445131152054	26.2554868847945
88	WGN07	26.3333333333333	1.78658397728081	1103	22.8278464485387	29.8388202181279
89	WGN07	21.0833333333334	1.78658397728079	1103	17.5778464485388	24.588820218128
90	WGN07	26.0833333333334	1.78658397728079	1103	22.5778464485388	29.588820218128
91	WGN07	25.0000000000001	1.78658397728082	1103	21.4945131152055	28.5054868847948
92	WGN07	22.0833333333333	1.78658397728081	1103	18.5778464485386	25.5888202181279
93	WGN07	27.2499999999999	1.78658397728082	1103	23.7445131152053	30.7554868847946
94	WGN07	22.4166666666665	1.78658397728081	1103	18.9111797818719	25.9221535514612
95	WGN07	26.5000000000001	1.78658397728076	1103	22.9945131152055	30.0054868847946
96	WGN07	18.1666666666668	1.78658397728083	1103	14.6611797818721	21.6721535514615
97	WGN07	29.4166666666667	1.78658397728078	1103	25.9111797818721	32.9221535514613
98	WGN07	21.3333333333332	1.78658397728081	1103	17.8278464485386	24.8388202181279
99	WGN07	25.0000000000001	1.78658397728077	1103	21.4945131152055	28.5054868847946
100	WGN07	23.4999999999999	1.78658397728079	1103	19.9945131152053	27.0054868847945
101	WGN07	29.75	1.78658397728078	1103	26.2445131152054	33.2554868847945
102	WGN07	27.9166666666666	1.78658397728078	1103	24.4111797818721	31.4221535514612
103	WGN07	23.8333333333333	1.78658397728082	1103	20.3278464485387	27.338820218128
104	WGN07	25.6666666666666	1.78658397728082	1103	22.1611797818719	29.1721535514612
105	WGN07	24.4166666666666	1.78658397728079	1103	20.911179781872	27.9221535514612
106	WGN07	23.75	1.78658397728078	1103	20.2445131152055	27.2554868847946
107	WGN07	25.4166666666667	1.78658397728079	1103	21.9111797818721	28.9221535514613
108	WGN07	24.7083333333331	1.78658397728079	1103	21.2028464485385	28.2138202181277
109	WGN07	23.8333333333334	1.78658397728079	1103	20.3278464485388	27.338820218128
110	WGN07	25.6666666666666	1.78658397728084	1103	22.1611797818719	29.1721535514613
111	WGN07	27.5000000000001	1.78658397728079	1103	23.9945131152055	31.0054868847947
112	WGN07	23.1666666666667	1.7865839772808	1103	19.6611797818721	26.6721535514613
113	WGN07	23.4999999999999	1.78658397728083	1103	19.9945131152052	27.0054868847946
114	WGN07	23.8333333333335	1.78658397728079	1103	20.3278464485389	27.3388202181281
115	WGN07	30.8333333333334	1.78658397728082	1103	27.3278464485387	34.3388202181281
116	WGN07	26.5	1.7865839772808	1103	22.9945131152054	30.0054868847946
117	WGN07	30.5	1.78658397728083	1103	26.9945131152053	34.0054868847947
118	WGN07	24.0833333333333	1.78658397728079	1103	20.5778464485387	27.5888202181279
119	WGN07	24	1.78658397728082	1103	20.4945131152053	27.5054868847947
120	WGN07	23.8333333333334	1.7865839772808	1103	20.3278464485388	27.338820218128
121	WGN07	26.8333333333333	1.78658397728081	1103	23.3278464485386	30.3388202181279
122	WGN07	24.1905193236717	2.52718337551814	1103	19.2318897316648	29.1491489156785
123	WGN07	28	1.78658397728083	1103	24.4945131152054	31.5054868847947
124	WGN07	26.8333333333334	1.7865839772808	1103	23.3278464485387	30.338820218128
125	WGN07	24.0833333333332	1.7865839772808	1103	20.5778464485386	27.5888202181279
126	WGN07	26.6666666666668	1.78658397728082	1103	23.1611797818721	30.1721535514615
127	WGN07	29.3333333333334	1.78658397728082	1103	25.8278464485387	32.838820218128
128	WGN07	23.5000000000002	1.78658397728083	1103	19.9945131152055	27.0054868847948
129	WGN07	27.8333333333333	1.78658397728079	1103	24.3278464485387	31.3388202181279
130	WGN07	23.0833333333334	1.78658397728074	1103	19.5778464485389	26.5888202181279
1	WGN15	30.6666666666668	1.78658397728074	1103	27.1611797818723	34.1721535514614
2	WGN15	23.1666666666666	1.7865839772808	1103	19.661179781872	26.6721535514612
3	WGN15	29.3333333333332	1.78658397728079	1103	25.8278464485386	32.8388202181278
4	WGN15	25.9999999999998	1.78658397728081	1103	22.4945131152052	29.5054868847945
5	WGN15	26.5000000000002	1.78658397728073	1103	22.9945131152057	30.0054868847947
7	WGN15	29.3333333333332	1.78658397728082	1103	25.8278464485386	32.8388202181279
8	WGN15	29.75	1.78658397728081	1103	26.2445131152053	33.2554868847946
9	WGN15	24.3333333333337	1.78658397728075	1103	20.8278464485391	27.8388202181282
10	WGN15	27.8333333333333	1.78658397728081	1103	24.3278464485387	31.3388202181279
11	WGN15	31.8333333333334	1.78658397728084	1103	28.3278464485387	35.3388202181281
12	WGN15	21.2500000000001	1.78658397728079	1103	17.7445131152055	24.7554868847947
13	WGN15	27.0000000000001	1.78658397728078	1103	23.4945131152055	30.5054868847947
14	WGN15	24.9999999999997	1.78658397728085	1103	21.494513115205	28.5054868847944
15	WGN15	24.3333333333332	1.78658397728082	1103	20.8278464485385	27.8388202181278
16	WGN15	24	1.7865839772808	1103	20.4945131152053	27.5054868847946
17	WGN15	32.3571859903382	2.52718337551826	1103	27.3985563983311	37.3158155823453
18	WGN15	29.9999999999999	1.7865839772808	1103	26.4945131152053	33.5054868847946
19	WGN15	30.6428140096619	2.52718337551821	1103	25.6841844176549	35.6014436016688
20	WGN15	29.8333333333333	1.78658397728082	1103	26.3278464485387	33.338820218128
21	WGN15	29.8333333333333	1.78658397728078	1103	26.3278464485387	33.3388202181278
22	WGN15	21.3333333333331	1.78658397728082	1103	17.8278464485384	24.8388202181278
23	WGN15	31.8333333333334	1.78658397728078	1103	28.3278464485388	35.3388202181279
24	WGN15	20.0238526570046	2.52718337551823	1103	15.0652230649976	24.9824822490116
25	WGN15	27.5	1.7865839772808	1103	23.9945131152053	31.0054868847946
26	WGN15	29.6666666666667	1.78658397728077	1103	26.1611797818721	33.1721535514613
27	WGN15	28.25	1.78658397728079	1103	24.7445131152054	31.7554868847946
28	WGN15	28.0833333333333	1.7865839772808	1103	24.5778464485387	31.5888202181279
29	WGN15	27.9166666666666	1.78658397728083	1103	24.4111797818719	31.4221535514613
30	WGN15	30.75	1.7865839772808	1103	27.2445131152054	34.2554868847946
31	WGN15	29.357185990338	2.52718337551819	1103	24.3985563983311	34.315815582345
32	WGN15	26.7500000000001	1.78658397728078	1103	23.2445131152055	30.2554868847946
33	WGN15	28.3333333333333	1.78658397728079	1103	24.8278464485387	31.8388202181279
34	WGN15	26	1.7865839772808	1103	22.4945131152054	29.5054868847947
35	WGN15	30.6666666666666	1.78658397728083	1103	27.1611797818719	34.1721535514613
36	WGN15	25.2499999999999	1.78658397728081	1103	21.7445131152053	28.7554868847946
37	WGN15	28.8333333333333	1.78658397728082	1103	25.3278464485386	32.3388202181279
38	WGN15	19.2499999999996	1.78658397728085	1103	15.7445131152049	22.7554868847943
39	WGN15	30.6666666666667	1.78658397728079	1103	27.161179781872	34.1721535514613
40	WGN15	26.4999999999998	1.7865839772808	1103	22.9945131152052	30.0054868847945
41	WGN15	28.5	1.78658397728077	1103	24.9945131152054	32.0054868847945
43	WGN15	27	1.78658397728076	1103	23.4945131152055	30.5054868847946
44	WGN15	28.1666666666666	1.78658397728083	1103	24.6611797818719	31.6721535514613
45	WGN15	28.6666666666666	1.78658397728083	1103	25.161179781872	32.1721535514613
46	WGN15	24.8333333333334	1.78658397728079	1103	21.3278464485388	28.338820218128
47	WGN15	29.0833333333332	1.7865839772808	1103	25.5778464485386	32.5888202181278
48	WGN15	22.6666666666667	1.78658397728077	1103	19.1611797818722	26.1721535514613
50	WGN15	30.4166666666666	1.78658397728084	1103	26.9111797818719	33.9221535514613
51	WGN15	25.3333333333332	1.78658397728083	1103	21.8278464485385	28.8388202181279
52	WGN15	23.5833333333335	1.7865839772808	1103	20.0778464485389	27.0888202181282
53	WGN15	21.8333333333334	1.78658397728077	1103	18.3278464485388	25.3388202181279
54	WGN15	26.6905193236713	2.52718337551819	1103	21.7318897316644	31.6491489156782
55	WGN15	26.8333333333334	1.78658397728078	1103	23.3278464485388	30.338820218128
56	WGN15	28.6666666666666	1.78658397728081	1103	25.1611797818719	32.1721535514612
57	WGN15	22.5000000000001	1.78658397728078	1103	18.9945131152056	26.0054868847947
58	WGN15	28.2500000000001	1.78658397728075	1103	24.7445131152056	31.7554868847946
59	WGN15	27.1666666666664	1.78658397728082	1103	23.6611797818717	30.672153551461
60	WGN15	26.1666666666664	1.78658397728084	1103	22.6611797818717	29.6721535514611
61	WGN15	32.1666666666666	1.78658397728082	1103	28.661179781872	35.6721535514613
62	WGN15	26.6666666666666	1.78658397728083	1103	23.161179781872	30.1721535514613
63	WGN15	31.25	1.7865839772808	1103	27.7445131152054	34.7554868847946
64	WGN15	21.5000000000001	1.78658397728078	1103	17.9945131152056	25.0054868847947
65	WGN15	26.3094806763285	2.52718337551817	1103	21.3508510843216	31.2681102683354
66	WGN15	24.4999999999999	1.78658397728079	1103	20.9945131152053	28.0054868847945
67	WGN15	29.25	1.7865839772808	1103	25.7445131152053	32.7554868847946
69	WGN15	27.6666666666667	1.78658397728079	1103	24.1611797818721	31.1721535514613
70	WGN15	28.6666666666667	1.78658397728079	1103	25.161179781872	32.1721535514613
71	WGN15	27.9166666666666	1.78658397728081	1103	24.4111797818719	31.4221535514612
72	WGN15	26.6905193236715	2.5271833755182	1103	21.7318897316646	31.6491489156785
73	WGN15	32.4166666666667	1.78658397728081	1103	28.911179781872	35.9221535514613
74	WGN15	24.1666666666667	1.78658397728082	1103	20.661179781872	27.6721535514613
75	WGN15	31.3571859903382	2.52718337551814	1103	26.3985563983314	36.315815582345
77	WGN15	26.3333333333333	1.78658397728079	1103	22.8278464485387	29.8388202181279
78	WGN15	23.6666666666667	1.78658397728079	1103	20.1611797818721	27.1721535514613
79	WGN15	30.5833333333332	1.78658397728079	1103	27.0778464485386	34.0888202181278
80	WGN15	22.6666666666669	1.78658397728078	1103	19.1611797818723	26.1721535514615
81	WGN15	32.4999999999999	1.78658397728079	1103	28.9945131152053	36.0054868847945
82	WGN15	31.25	1.78658397728081	1103	27.7445131152054	34.7554868847946
83	WGN15	24.4166666666666	1.7865839772808	1103	20.911179781872	27.9221535514612
84	WGN15	30.7499999999998	1.7865839772808	1103	27.2445131152052	34.2554868847945
85	WGN15	34.6666666666666	1.7865839772808	1103	31.161179781872	38.1721535514612
86	WGN15	26.3333333333333	1.7865839772808	1103	22.8278464485387	29.8388202181279
87	WGN15	29.4166666666666	1.78658397728079	1103	25.911179781872	32.9221535514612
88	WGN15	29.5	1.7865839772808	1103	25.9945131152053	33.0054868847946
89	WGN15	27.9166666666667	1.78658397728078	1103	24.4111797818721	31.4221535514613
90	WGN15	29.1666666666666	1.7865839772808	1103	25.661179781872	32.6721535514612
91	WGN15	20.9166666666667	1.78658397728079	1103	17.4111797818721	24.4221535514613
92	WGN15	24.0833333333333	1.78658397728079	1103	20.5778464485387	27.5888202181279
93	WGN15	23.7500000000001	1.78658397728079	1103	20.2445131152055	27.2554868847947
94	WGN15	29.8333333333333	1.78658397728079	1103	26.3278464485387	33.3388202181278
95	WGN15	26.1666666666665	1.7865839772808	1103	22.6611797818719	29.6721535514612
96	WGN15	26.2499999999999	1.78658397728081	1103	22.7445131152053	29.7554868847945
97	WGN15	29.4999999999999	1.78658397728078	1103	25.9945131152053	33.0054868847945
98	WGN15	27.3333333333332	1.78658397728078	1103	23.8278464485386	30.8388202181278
99	WGN15	26.2499999999999	1.78658397728079	1103	22.7445131152053	29.7554868847945
100	WGN15	28.4166666666666	1.7865839772808	1103	24.911179781872	31.9221535514613
101	WGN15	33.25	1.7865839772808	1103	29.7445131152054	36.7554868847946
102	WGN15	25.9166666666667	1.78658397728079	1103	22.4111797818721	29.4221535514613
103	WGN15	21.6666666666667	1.78658397728077	1103	18.1611797818721	25.1721535514613
104	WGN15	29.3333333333332	1.78658397728079	1103	25.8278464485387	32.8388202181278
106	WGN15	21.2499999999998	1.78658397728082	1103	17.7445131152051	24.7554868847945
107	WGN15	28.7499999999999	1.7865839772808	1103	25.2445131152053	32.2554868847945
108	WGN15	29.8333333333331	1.7865839772808	1103	26.3278464485385	33.3388202181278
109	WGN15	30.1666666666666	1.78658397728079	1103	26.661179781872	33.6721535514612
110	WGN15	22.7499999999999	1.7865839772808	1103	19.2445131152052	26.2554868847945
111	WGN15	29.4166666666666	1.78658397728079	1103	25.911179781872	32.9221535514612
112	WGN15	23.7500000000001	1.78658397728079	1103	20.2445131152055	27.2554868847947
113	WGN15	32.4999999999999	1.78658397728081	1103	28.9945131152053	36.0054868847946
114	WGN15	27.75	1.78658397728081	1103	24.2445131152053	31.2554868847946
115	WGN15	25.9999999999999	1.78658397728082	1103	22.4945131152052	29.5054868847945
116	WGN15	26.0833333333333	1.78658397728077	1103	22.5778464485388	29.5888202181279
117	WGN15	26.9166666666666	1.7865839772808	1103	23.411179781872	30.4221535514612
118	WGN15	24.9166666666666	1.78658397728079	1103	21.411179781872	28.4221535514612
119	WGN15	30.75	1.7865839772808	1103	27.2445131152054	34.2554868847946
120	WGN15	36.5833333333332	1.7865839772808	1103	33.0778464485386	40.0888202181279
121	WGN15	20.8333333333334	1.78658397728076	1103	17.3278464485389	24.3388202181279
122	WGN15	26.1666666666666	1.7865839772808	1103	22.661179781872	29.6721535514613
123	WGN15	23.9166666666666	1.78658397728079	1103	20.411179781872	27.4221535514612
124	WGN15	29.3333333333333	1.7865839772808	1103	25.8278464485386	32.8388202181279
125	WGN15	22.6666666666664	1.78658397728083	1103	19.1611797818717	26.1721535514611
126	WGN15	24.5833333333333	1.78658397728081	1103	21.0778464485387	28.0888202181279
127	WGN15	25.3333333333333	1.78658397728079	1103	21.8278464485387	28.8388202181279
128	WGN15	24.75	1.7865839772808	1103	21.2445131152054	28.2554868847946
129	WGN15	23.8333333333333	1.78658397728081	1103	20.3278464485386	27.3388202181279
130	WGN15	26.8333333333332	1.78658397728078	1103	23.3278464485387	30.3388202181278
3	WGN26	24.8333333333331	1.78658397728079	1103	21.3278464485385	28.3388202181277
4	WGN26	32.4166666666663	1.78658397728078	1103	28.9111797818717	35.9221535514609
5	WGN26	25.7499999999998	1.78658397728082	1103	22.2445131152051	29.2554868847944
6	WGN26	31.3333333333333	1.78658397728083	1103	27.8278464485386	34.838820218128
7	WGN26	26.1666666666665	1.78658397728084	1103	22.6611797818718	29.6721535514612
9	WGN26	28.5833333333331	1.78658397728079	1103	25.0778464485385	32.0888202181277
10	WGN26	26.4166666666665	1.78658397728085	1103	22.9111797818717	29.9221535514612
11	WGN26	30.0238526570045	2.52718337551815	1103	25.0652230649976	34.9824822490113
12	WGN26	25.0833333333331	1.78658397728083	1103	21.5778464485384	28.5888202181278
13	WGN26	28.6666666666665	1.78658397728082	1103	25.1611797818718	32.1721535514611
14	WGN26	29.0833333333333	1.78658397728084	1103	25.5778464485386	32.588820218128
15	WGN26	23.6666666666664	1.78658397728083	1103	20.1611797818717	27.172153551461
17	WGN26	33.3333333333332	1.7865839772808	1103	29.8278464485385	36.8388202181278
18	WGN26	23.8571859903378	2.52718337551823	1103	18.8985563983308	28.8158155823448
19	WGN26	28.6428140096618	2.52718337551824	1103	23.6841844176548	33.6014436016688
20	WGN26	28.6905193236714	2.52718337551825	1103	23.7318897316643	33.6491489156784
21	WGN26	26.8333333333332	1.78658397728081	1103	23.3278464485385	30.3388202181278
22	WGN26	26.5833333333331	1.78658397728082	1103	23.0778464485385	30.0888202181278
23	WGN26	24.833333333333	1.78658397728084	1103	21.3278464485383	28.3388202181277
25	WGN26	28.8333333333331	1.78658397728078	1103	25.3278464485385	32.3388202181276
26	WGN26	23	1.78658397728078	1103	19.4945131152054	26.5054868847945
27	WGN26	21.3333333333329	1.78658397728083	1103	17.8278464485383	24.8388202181276
28	WGN26	32.0833333333332	1.7865839772808	1103	28.5778464485386	35.5888202181278
29	WGN26	22.2499999999999	1.78658397728078	1103	18.7445131152053	25.7554868847945
30	WGN26	32.8333333333334	1.78658397728083	1103	29.3278464485387	36.338820218128
31	WGN26	33.8333333333333	1.78658397728083	1103	30.3278464485387	37.338820218128
32	WGN26	22.8333333333332	1.78658397728076	1103	19.3278464485387	26.3388202181278
33	WGN26	31.0238526570045	2.52718337551818	1103	26.0652230649976	35.9824822490114
34	WGN26	26.1666666666664	1.7865839772808	1103	22.6611797818718	29.672153551461
35	WGN26	29.2499999999999	1.7865839772808	1103	25.7445131152052	32.7554868847945
36	WGN26	26.4166666666664	1.7865839772808	1103	22.9111797818718	29.922153551461
38	WGN26	29.1666666666663	1.78658397728078	1103	25.6611797818717	32.6721535514609
39	WGN26	27.6666666666664	1.78658397728079	1103	24.1611797818718	31.172153551461
40	WGN26	28.1666666666665	1.78658397728081	1103	24.6611797818718	31.6721535514611
41	WGN26	20.726147342995	2.52718337551819	1103	15.7675177509881	25.684776935002
42	WGN26	29.1666666666663	1.78658397728081	1103	25.6611797818717	32.6721535514609
43	WGN26	27.3333333333331	1.78658397728081	1103	23.8278464485385	30.8388202181278
44	WGN26	29.2499999999997	1.7865839772808	1103	25.7445131152051	32.7554868847943
45	WGN26	38.9999999999996	1.78658397728078	1103	35.494513115205	42.5054868847942
46	WGN26	35.8333333333331	1.7865839772808	1103	32.3278464485385	39.3388202181278
47	WGN26	28.2499999999997	1.78658397728083	1103	24.7445131152051	31.7554868847944
48	WGN26	34.6666666666663	1.78658397728079	1103	31.1611797818717	38.172153551461
49	WGN26	26.6666666666665	1.7865839772808	1103	23.1611797818719	30.1721535514612
50	WGN26	30.1666666666664	1.7865839772808	1103	26.6611797818718	33.672153551461
51	WGN26	19.4166666666665	1.78658397728083	1103	15.9111797818718	22.9221535514611
52	WGN26	30.3333333333331	1.78658397728081	1103	26.8278464485385	33.8388202181278
53	WGN26	22.6666666666664	1.78658397728081	1103	19.1611797818718	26.1721535514611
54	WGN26	30.7499999999999	1.78658397728083	1103	27.2445131152053	34.2554868847946
55	WGN26	23.9999999999998	1.7865839772808	1103	20.4945131152052	27.5054868847944
56	WGN26	27.4166666666665	1.78658397728082	1103	23.9111797818719	30.9221535514612
57	WGN26	27.4999999999998	1.78658397728082	1103	23.9945131152052	31.0054868847945
58	WGN26	32.9166666666666	1.78658397728083	1103	29.411179781872	36.4221535514613
59	WGN26	20.476147342995	2.52718337551819	1103	15.5175177509881	25.434776935002
60	WGN26	25.4999999999998	1.78658397728079	1103	21.9945131152052	29.0054868847944
61	WGN26	31.6666666666665	1.78658397728081	1103	28.1611797818719	35.1721535514611
62	WGN26	30.9999999999996	1.78658397728078	1103	27.494513115205	34.5054868847942
64	WGN26	27.2499999999998	1.78658397728078	1103	23.7445131152052	30.7554868847944
65	WGN26	31.833333333333	1.78658397728081	1103	28.3278464485384	35.3388202181276
66	WGN26	26.7499999999998	1.7865839772808	1103	23.2445131152052	30.2554868847944
67	WGN26	27.4999999999998	1.78658397728079	1103	23.9945131152052	31.0054868847944
68	WGN26	31.9999999999998	1.78658397728082	1103	28.4945131152052	35.5054868847945
69	WGN26	26.6666666666665	1.78658397728079	1103	23.1611797818719	30.1721535514611
70	WGN26	28.2499999999997	1.7865839772808	1103	24.7445131152051	31.7554868847944
71	WGN26	28.9166666666665	1.78658397728081	1103	25.4111797818719	32.4221535514611
73	WGN26	23.4166666666665	1.78658397728078	1103	19.911179781872	26.9221535514611
74	WGN26	27.7499999999999	1.78658397728081	1103	24.2445131152052	31.2554868847945
75	WGN26	29.1666666666664	1.78658397728079	1103	25.6611797818718	32.672153551461
76	WGN26	27.2499999999998	1.7865839772808	1103	23.7445131152052	30.7554868847945
77	WGN26	23.476147342995	2.5271833755182	1103	18.517517750988	28.4347769350019
78	WGN26	30.0833333333331	1.7865839772808	1103	26.5778464485385	33.5888202181277
79	WGN26	27.1905193236713	2.52718337551823	1103	22.2318897316643	32.1491489156783
80	WGN26	28.6666666666664	1.78658397728079	1103	25.1611797818718	32.172153551461
81	WGN26	25.4166666666664	1.78658397728078	1103	21.9111797818718	28.922153551461
82	WGN26	25.8333333333331	1.7865839772808	1103	22.3278464485385	29.3388202181278
83	WGN26	26.1666666666665	1.78658397728081	1103	22.6611797818718	29.6721535514611
85	WGN26	27.3094806763282	2.52718337551821	1103	22.3508510843213	32.2681102683352
86	WGN26	14.9761473429949	2.52718337551821	1103	10.017517750988	19.9347769350019
87	WGN26	28.9999999999998	1.78658397728082	1103	25.4945131152052	32.5054868847945
88	WGN26	26.2499999999998	1.78658397728079	1103	22.7445131152052	29.7554868847944
89	WGN26	28.9166666666665	1.7865839772808	1103	25.4111797818719	32.4221535514611
90	WGN26	28.6666666666665	1.78658397728079	1103	25.1611797818719	32.1721535514611
91	WGN26	25.4999999999998	1.78658397728079	1103	21.9945131152052	29.0054868847944
92	WGN26	26.1666666666664	1.78658397728081	1103	22.6611797818718	29.6721535514611
93	WGN26	27.6666666666664	1.78658397728079	1103	24.1611797818718	31.172153551461
94	WGN26	28.6666666666664	1.7865839772808	1103	25.1611797818718	32.172153551461
95	WGN26	29.6666666666664	1.7865839772808	1103	26.1611797818718	33.172153551461
96	WGN26	28.1666666666665	1.7865839772808	1103	24.6611797818719	31.6721535514611
97	WGN26	25.3333333333331	1.7865839772808	1103	21.8278464485385	28.8388202181277
98	WGN26	28.4166666666664	1.78658397728079	1103	24.9111797818718	31.922153551461
99	WGN26	28.9999999999998	1.78658397728082	1103	25.4945131152051	32.5054868847944
101	WGN26	28.6666666666665	1.7865839772808	1103	25.1611797818719	32.1721535514611
102	WGN26	24.9999999999998	1.7865839772808	1103	21.4945131152052	28.5054868847944
103	WGN26	24.2499999999998	1.7865839772808	1103	20.7445131152052	27.7554868847944
104	WGN26	32.3333333333332	1.78658397728081	1103	28.8278464485386	35.8388202181278
105	WGN26	25.9999999999998	1.7865839772808	1103	22.4945131152052	29.5054868847944
106	WGN26	26.6666666666665	1.78658397728081	1103	23.1611797818718	30.1721535514611
108	WGN26	27.7499999999997	1.78658397728083	1103	24.244513115205	31.2554868847944
109	WGN26	28.4999999999998	1.78658397728079	1103	24.9945131152052	32.0054868847944
111	WGN26	33.4999999999998	1.78658397728079	1103	29.9945131152052	37.0054868847944
112	WGN26	28.1666666666664	1.78658397728081	1103	24.6611797818718	31.6721535514611
113	WGN26	15.333333333333	1.78658397728081	1103	11.8278464485384	18.8388202181277
115	WGN26	33.3333333333331	1.7865839772808	1103	29.8278464485385	36.8388202181277
116	WGN26	28.4166666666665	1.7865839772808	1103	24.9111797818719	31.9221535514611
117	WGN26	24.6428140096616	2.52718337551821	1103	19.6841844176547	29.6014436016686
118	WGN26	24.4999999999998	1.7865839772808	1103	20.9945131152052	28.0054868847944
119	WGN26	28.4999999999998	1.7865839772808	1103	24.9945131152051	32.0054868847944
121	WGN26	26.4999999999998	1.7865839772808	1103	22.9945131152052	30.0054868847945
122	WGN26	27.8333333333331	1.7865839772808	1103	24.3278464485385	31.3388202181277
123	WGN26	28.3333333333331	1.7865839772808	1103	24.8278464485385	31.8388202181278
125	WGN26	31.2499999999998	1.7865839772808	1103	27.7445131152052	34.7554868847944
127	WGN26	24.9999999999997	1.78658397728081	1103	21.4945131152051	28.5054868847944
128	WGN26	27.9999999999998	1.7865839772808	1103	24.4945131152052	31.5054868847944
129	WGN26	20.0238526570047	2.52718337551822	1103	15.0652230649977	24.9824822490117
130	WGN26	25.9999999999989	1.78658397728087	1103	22.4945131152042	29.5054868847937
1	WGN36	28.6666666666665	1.78658397728085	1103	25.1611797818718	32.1721535514612
2	WGN36	27.9999999999999	1.78658397728081	1103	24.4945131152053	31.5054868847945
4	WGN36	26.6666666666665	1.78658397728083	1103	23.1611797818718	30.1721535514612
5	WGN36	29.2499999999999	1.78658397728081	1103	25.7445131152053	32.7554868847946
6	WGN36	34.9166666666665	1.78658397728079	1103	31.4111797818719	38.4221535514611
7	WGN36	33.3333333333334	1.78658397728082	1103	29.8278464485388	36.8388202181281
8	WGN36	29.1666666666666	1.78658397728077	1103	25.661179781872	32.6721535514612
9	WGN36	29.5238526570047	2.52718337551822	1103	24.5652230649977	34.4824822490117
10	WGN36	25.1666666666666	1.7865839772808	1103	21.661179781872	28.6721535514612
11	WGN36	23.4166666666666	1.7865839772808	1103	19.911179781872	26.9221535514613
12	WGN36	23.3571859903383	2.52718337551816	1103	18.3985563983314	28.3158155823451
13	WGN36	29	1.78658397728078	1103	25.4945131152054	32.5054868847945
14	WGN36	23.8333333333335	1.78658397728078	1103	20.3278464485389	27.3388202181281
15	WGN36	30.75	1.78658397728082	1103	27.2445131152054	34.2554868847947
16	WGN36	29	1.78658397728083	1103	25.4945131152053	32.5054868847947
17	WGN36	24.5833333333331	1.78658397728083	1103	21.0778464485385	28.0888202181278
18	WGN36	26.0833333333333	1.78658397728079	1103	22.5778464485387	29.5888202181279
19	WGN36	24.6666666666667	1.78658397728079	1103	21.1611797818721	28.1721535514613
20	WGN36	27.1666666666666	1.78658397728081	1103	23.661179781872	30.6721535514612
21	WGN36	31.0833333333333	1.78658397728081	1103	27.5778464485387	34.588820218128
22	WGN36	26.9166666666666	1.78658397728081	1103	23.411179781872	30.4221535514613
23	WGN36	28.3333333333333	1.78658397728078	1103	24.8278464485388	31.8388202181279
24	WGN36	25.5833333333333	1.78658397728079	1103	22.0778464485387	29.0888202181279
26	WGN36	29.4166666666666	1.78658397728081	1103	25.911179781872	32.9221535514613
27	WGN36	29.3333333333333	1.78658397728078	1103	25.8278464485387	32.8388202181279
28	WGN36	28.1666666666666	1.78658397728078	1103	24.661179781872	31.6721535514612
30	WGN36	31.4166666666666	1.78658397728078	1103	27.911179781872	34.9221535514611
31	WGN36	28.6666666666667	1.78658397728083	1103	25.161179781872	32.1721535514613
32	WGN36	28.8333333333333	1.78658397728079	1103	25.3278464485387	32.3388202181279
33	WGN36	24.4999999999999	1.78658397728081	1103	20.9945131152053	28.0054868847945
34	WGN36	27.8333333333332	1.78658397728081	1103	24.3278464485386	31.3388202181279
35	WGN36	26.0833333333331	1.78658397728087	1103	22.5778464485383	29.5888202181278
36	WGN36	31.25	1.78658397728081	1103	27.7445131152054	34.7554868847947
37	WGN36	32.6905193236715	2.52718337551824	1103	27.7318897316645	37.6491489156785
38	WGN36	24.6905193236717	2.52718337551817	1103	19.7318897316648	29.6491489156786
39	WGN36	28.9166666666666	1.7865839772808	1103	25.411179781872	32.4221535514613
40	WGN36	27.4166666666666	1.78658397728081	1103	23.911179781872	30.9221535514613
41	WGN36	27.0833333333333	1.78658397728081	1103	23.5778464485387	30.5888202181279
42	WGN36	27.4166666666666	1.78658397728079	1103	23.911179781872	30.9221535514612
43	WGN36	29.3333333333333	1.7865839772808	1103	25.8278464485387	32.8388202181279
44	WGN36	26.5833333333333	1.78658397728081	1103	23.0778464485386	30.0888202181279
45	WGN36	28	1.78658397728081	1103	24.4945131152053	31.5054868847946
46	WGN36	27.1666666666666	1.78658397728081	1103	23.6611797818719	30.6721535514612
47	WGN36	27.1666666666666	1.78658397728079	1103	23.661179781872	30.6721535514612
48	WGN36	26.5833333333333	1.78658397728079	1103	23.0778464485387	30.0888202181279
49	WGN36	28.5	1.7865839772808	1103	24.9945131152053	32.0054868847946
51	WGN36	30.8333333333333	1.7865839772808	1103	27.3278464485387	34.3388202181279
52	WGN36	31.2499999999999	1.78658397728079	1103	27.7445131152053	34.7554868847945
53	WGN36	26.1666666666666	1.78658397728081	1103	22.661179781872	29.6721535514612
54	WGN36	26.5	1.78658397728079	1103	22.9945131152054	30.0054868847946
55	WGN36	23.3333333333332	1.78658397728081	1103	19.8278464485386	26.8388202181279
56	WGN36	25.6666666666666	1.7865839772808	1103	22.161179781872	29.1721535514612
57	WGN36	28.1666666666666	1.7865839772808	1103	24.661179781872	31.6721535514612
58	WGN36	30.9166666666666	1.7865839772808	1103	27.411179781872	34.4221535514612
59	WGN36	25.9166666666666	1.78658397728079	1103	22.411179781872	29.4221535514612
60	WGN36	26.5	1.7865839772808	1103	22.9945131152054	30.0054868847946
62	WGN36	28.1666666666666	1.7865839772808	1103	24.661179781872	31.6721535514612
64	WGN36	25.4166666666666	1.78658397728079	1103	21.911179781872	28.9221535514612
65	WGN36	28.3333333333333	1.78658397728081	1103	24.8278464485387	31.8388202181279
66	WGN36	25.0833333333333	1.78658397728079	1103	21.5778464485387	28.5888202181279
68	WGN36	30.1666666666666	1.78658397728081	1103	26.661179781872	33.6721535514612
69	WGN36	27.9166666666666	1.78658397728081	1103	24.411179781872	31.4221535514612
70	WGN36	30.6666666666666	1.78658397728081	1103	27.161179781872	34.1721535514612
71	WGN36	25.7499999999999	1.7865839772808	1103	22.2445131152053	29.2554868847946
72	WGN36	27.4166666666667	1.7865839772808	1103	23.911179781872	30.9221535514613
74	WGN36	31.6666666666665	1.7865839772808	1103	28.1611797818719	35.1721535514612
75	WGN36	27.1666666666666	1.7865839772808	1103	23.661179781872	30.6721535514612
76	WGN36	27.6666666666667	1.7865839772808	1103	24.161179781872	31.1721535514613
77	WGN36	27.9166666666667	1.7865839772808	1103	24.411179781872	31.4221535514613
78	WGN36	25.7499999999999	1.78658397728081	1103	22.2445131152053	29.2554868847945
79	WGN36	28.9999999999999	1.78658397728079	1103	25.4945131152053	32.5054868847945
80	WGN36	29.4166666666666	1.78658397728081	1103	25.911179781872	32.9221535514612
81	WGN36	31.1666666666666	1.78658397728081	1103	27.661179781872	34.6721535514613
82	WGN36	31.1666666666666	1.78658397728081	1103	27.661179781872	34.6721535514613
83	WGN36	27.9166666666666	1.7865839772808	1103	24.411179781872	31.4221535514612
84	WGN36	27.5	1.7865839772808	1103	23.9945131152053	31.0054868847946
85	WGN36	23.3333333333332	1.7865839772808	1103	19.8278464485386	26.8388202181279
86	WGN36	26.0833333333333	1.78658397728079	1103	22.5778464485387	29.5888202181279
87	WGN36	28.3333333333333	1.78658397728081	1103	24.8278464485386	31.8388202181279
88	WGN36	29.3333333333333	1.7865839772808	1103	25.8278464485387	32.8388202181279
89	WGN36	27.1666666666666	1.78658397728081	1103	23.661179781872	30.6721535514613
90	WGN36	24.1666666666666	1.78658397728079	1103	20.661179781872	27.6721535514612
92	WGN36	24.1666666666666	1.78658397728081	1103	20.6611797818719	27.6721535514612
93	WGN36	29.7499999999999	1.78658397728081	1103	26.2445131152053	33.2554868847946
94	WGN36	26.6666666666666	1.7865839772808	1103	23.161179781872	30.1721535514612
95	WGN36	29.5	1.78658397728082	1103	25.9945131152053	33.0054868847946
96	WGN36	30	1.78658397728081	1103	26.4945131152053	33.5054868847946
97	WGN36	29.3333333333333	1.78658397728081	1103	25.8278464485387	32.8388202181279
98	WGN36	25.9166666666666	1.78658397728081	1103	22.411179781872	29.4221535514613
99	WGN36	25.6666666666666	1.7865839772808	1103	22.161179781872	29.1721535514612
100	WGN36	28.8333333333333	1.7865839772808	1103	25.3278464485387	32.3388202181279
102	WGN36	32.0833333333333	1.7865839772808	1103	28.5778464485386	35.5888202181279
104	WGN36	28.4166666666667	1.78658397728081	1103	24.9111797818721	31.9221535514613
105	WGN36	27.6666666666666	1.7865839772808	1103	24.161179781872	31.1721535514613
106	WGN36	25.4166666666666	1.78658397728081	1103	21.9111797818719	28.9221535514612
107	WGN36	29.1666666666666	1.7865839772808	1103	25.661179781872	32.6721535514612
108	WGN36	25.6666666666666	1.78658397728082	1103	22.1611797818719	29.1721535514612
109	WGN36	28.6666666666667	1.7865839772808	1103	25.161179781872	32.1721535514613
110	WGN36	26.1666666666666	1.7865839772808	1103	22.661179781872	29.6721535514612
112	WGN36	27.5833333333333	1.7865839772808	1103	24.0778464485387	31.0888202181279
114	WGN36	25.1666666666666	1.78658397728079	1103	21.661179781872	28.6721535514612
116	WGN36	28.1666666666666	1.78658397728081	1103	24.661179781872	31.6721535514612
117	WGN36	34.4999999999999	1.7865839772808	1103	30.9945131152053	38.0054868847945
118	WGN36	29.2499999999999	1.78658397728081	1103	25.7445131152053	32.7554868847946
119	WGN36	29.0833333333332	1.7865839772808	1103	25.5778464485386	32.5888202181279
120	WGN36	27.0833333333333	1.7865839772808	1103	23.5778464485386	30.5888202181279
121	WGN36	26.1666666666666	1.7865839772808	1103	22.661179781872	29.6721535514612
122	WGN36	28.9166666666665	1.78658397728081	1103	25.4111797818719	32.4221535514612
123	WGN36	28.7499999999999	1.7865839772808	1103	25.2445131152053	32.2554868847946
124	WGN36	27.4166666666666	1.78658397728081	1103	23.911179781872	30.9221535514612
125	WGN36	26.6666666666667	1.7865839772808	1103	23.1611797818721	30.1721535514613
126	WGN36	30.8333333333333	1.7865839772808	1103	27.3278464485387	34.3388202181279
127	WGN36	34.8333333333333	1.78658397728081	1103	31.3278464485387	38.338820218128
128	WGN36	27.9999999999999	1.7865839772808	1103	24.4945131152053	31.5054868847945
129	WGN36	23.3333333333333	1.7865839772808	1103	19.8278464485386	26.8388202181279
130	WGN36	26.9166666666666	1.7865839772808	1103	23.411179781872	30.4221535514613
1	WGN38	27.9999999999997	1.78658397728067	1103	24.4945131152053	31.505486884794
2	WGN38	25.6666666666665	1.78658397728082	1103	22.1611797818718	29.1721535514611
3	WGN38	23.1666666666664	1.78658397728081	1103	19.6611797818718	26.6721535514611
4	WGN38	32.4166666666664	1.7865839772808	1103	28.9111797818718	35.922153551461
5	WGN38	24.9166666666664	1.78658397728079	1103	21.4111797818718	28.422153551461
6	WGN38	26.3571859903379	2.5271833755182	1103	21.398556398331	31.3158155823449
7	WGN38	25.4999999999999	1.7865839772808	1103	21.9945131152052	29.0054868847945
8	WGN38	25.9166666666665	1.78658397728081	1103	22.4111797818719	29.4221535514612
10	WGN38	28.2499999999998	1.78658397728081	1103	24.7445131152052	31.7554868847945
11	WGN38	31.7499999999999	1.78658397728082	1103	28.2445131152052	35.2554868847945
12	WGN38	26.357185990338	2.52718337551818	1103	21.3985563983311	31.3158155823449
13	WGN38	31.1666666666665	1.7865839772808	1103	27.6611797818718	34.6721535514611
14	WGN38	30.4999999999998	1.78658397728078	1103	26.9945131152052	34.0054868847943
16	WGN38	24.583333333333	1.78658397728082	1103	21.0778464485384	28.0888202181277
18	WGN38	31.7499999999997	1.78658397728077	1103	28.2445131152051	35.2554868847943
19	WGN38	30.4999999999999	1.78658397728082	1103	26.9945131152053	34.0054868847946
20	WGN38	27.3333333333331	1.78658397728082	1103	23.8278464485385	30.8388202181278
21	WGN38	24.083333333333	1.78658397728083	1103	20.5778464485384	27.5888202181277
22	WGN38	26.2499999999999	1.78658397728077	1103	22.7445131152054	29.7554868847945
23	WGN38	26.9999999999998	1.7865839772808	1103	23.4945131152052	30.5054868847945
24	WGN38	23.6666666666665	1.7865839772808	1103	20.1611797818719	27.1721535514611
26	WGN38	26.1666666666665	1.7865839772808	1103	22.6611797818719	29.6721535514611
27	WGN38	28.9999999999998	1.78658397728077	1103	25.4945131152052	32.5054868847944
28	WGN38	23.6666666666665	1.7865839772808	1103	20.1611797818719	27.1721535514611
29	WGN38	25.7499999999997	1.78658397728085	1103	22.244513115205	29.2554868847944
30	WGN38	27.8333333333331	1.7865839772808	1103	24.3278464485385	31.3388202181278
32	WGN38	22.9999999999998	1.78658397728081	1103	19.4945131152051	26.5054868847944
33	WGN38	32.1666666666665	1.7865839772808	1103	28.6611797818719	35.6721535514611
34	WGN38	26	1.78658397728078	1103	22.4945131152054	29.5054868847945
35	WGN38	35.333333333333	1.78658397728079	1103	31.8278464485385	38.8388202181276
36	WGN38	30.9999999999999	1.7865839772808	1103	27.4945131152052	34.5054868847945
37	WGN38	30.9166666666666	1.78658397728083	1103	27.4111797818719	34.4221535514613
38	WGN38	28.1666666666666	1.78658397728081	1103	24.661179781872	31.6721535514612
39	WGN38	24.8333333333331	1.78658397728081	1103	21.3278464485385	28.3388202181277
40	WGN38	29.9166666666666	1.78658397728084	1103	26.4111797818719	33.4221535514613
41	WGN38	26.4166666666665	1.78658397728084	1103	22.9111797818718	29.9221535514612
42	WGN38	23.9999999999999	1.78658397728081	1103	20.4945131152052	27.5054868847945
45	WGN38	24.5833333333332	1.78658397728078	1103	21.0778464485386	28.0888202181278
46	WGN38	28.0833333333331	1.78658397728083	1103	24.5778464485384	31.5888202181278
47	WGN38	21.7499999999999	1.78658397728079	1103	18.2445131152053	25.2554868847945
48	WGN38	26.4999999999998	1.7865839772808	1103	22.9945131152052	30.0054868847945
49	WGN38	27.3333333333332	1.7865839772808	1103	23.8278464485386	30.8388202181279
50	WGN38	29.8333333333332	1.78658397728082	1103	26.3278464485385	33.3388202181278
51	WGN38	27.0833333333332	1.78658397728078	1103	23.5778464485387	30.5888202181278
52	WGN38	29.8333333333332	1.78658397728079	1103	26.3278464485386	33.3388202181278
53	WGN38	29.0833333333331	1.78658397728078	1103	25.5778464485385	32.5888202181277
54	WGN38	24.4999999999998	1.7865839772808	1103	20.9945131152052	28.0054868847944
55	WGN38	25.1666666666666	1.78658397728079	1103	21.661179781872	28.6721535514612
56	WGN38	23.6666666666666	1.78658397728078	1103	20.161179781872	27.1721535514611
59	WGN38	28.8333333333331	1.78658397728079	1103	25.3278464485385	32.3388202181277
61	WGN38	32.0833333333331	1.7865839772808	1103	28.5778464485385	35.5888202181278
63	WGN38	25.9999999999998	1.7865839772808	1103	22.4945131152052	29.5054868847944
64	WGN38	25.6666666666665	1.7865839772808	1103	22.1611797818718	29.1721535514611
65	WGN38	24.8333333333331	1.78658397728082	1103	21.3278464485384	28.3388202181277
66	WGN38	27.4166666666665	1.78658397728081	1103	23.9111797818718	30.9221535514611
67	WGN38	24.7499999999998	1.7865839772808	1103	21.2445131152052	28.2554868847944
68	WGN38	27.6428140096617	2.52718337551821	1103	22.6841844176547	32.6014436016687
69	WGN38	28.6666666666665	1.7865839772808	1103	25.1611797818719	32.1721535514611
70	WGN38	29.2499999999998	1.7865839772808	1103	25.7445131152052	32.7554868847945
72	WGN38	27.6666666666665	1.7865839772808	1103	24.1611797818719	31.1721535514611
73	WGN38	33.4166666666665	1.78658397728079	1103	29.9111797818719	36.9221535514611
74	WGN38	32.2499999999999	1.78658397728081	1103	28.7445131152052	35.7554868847945
76	WGN38	26.9166666666665	1.78658397728081	1103	23.4111797818718	30.4221535514611
77	WGN38	28.9166666666665	1.7865839772808	1103	25.4111797818719	32.4221535514611
78	WGN38	27.3333333333331	1.78658397728081	1103	23.8278464485385	30.8388202181277
80	WGN38	24.9999999999998	1.78658397728081	1103	21.4945131152052	28.5054868847945
81	WGN38	24.0833333333332	1.7865839772808	1103	20.5778464485386	27.5888202181278
82	WGN38	28.0833333333332	1.78658397728081	1103	24.5778464485385	31.5888202181278
83	WGN38	27.4166666666665	1.78658397728081	1103	23.9111797818718	30.9221535514611
84	WGN38	28.0833333333331	1.7865839772808	1103	24.5778464485385	31.5888202181277
85	WGN38	28.1666666666665	1.78658397728081	1103	24.6611797818718	31.6721535514611
86	WGN38	27.6666666666665	1.7865839772808	1103	24.1611797818719	31.1721535514611
87	WGN38	22.1666666666666	1.7865839772808	1103	18.6611797818719	25.6721535514612
88	WGN38	30.4166666666665	1.7865839772808	1103	26.9111797818719	33.9221535514611
89	WGN38	25.1666666666665	1.7865839772808	1103	21.6611797818719	28.6721535514611
90	WGN38	26.8333333333332	1.7865839772808	1103	23.3278464485385	30.3388202181278
91	WGN38	21.5833333333332	1.7865839772808	1103	18.0778464485386	25.0888202181278
92	WGN38	30.5833333333331	1.7865839772808	1103	27.0778464485385	34.0888202181277
93	WGN38	25.8333333333332	1.7865839772808	1103	22.3278464485386	29.3388202181278
94	WGN38	31.5833333333331	1.7865839772808	1103	28.0778464485385	35.0888202181277
95	WGN38	29.0833333333332	1.7865839772808	1103	25.5778464485386	32.5888202181278
96	WGN38	26.6666666666665	1.7865839772808	1103	23.1611797818719	30.1721535514611
97	WGN38	25.0833333333332	1.7865839772808	1103	21.5778464485386	28.5888202181278
98	WGN38	30.2499999999998	1.7865839772808	1103	26.7445131152052	33.7554868847944
99	WGN38	23.8333333333331	1.7865839772808	1103	20.3278464485385	27.3388202181278
100	WGN38	28.9166666666665	1.7865839772808	1103	25.4111797818719	32.4221535514611
101	WGN38	28.1666666666665	1.78658397728081	1103	24.6611797818719	31.6721535514612
102	WGN38	26.4166666666665	1.78658397728081	1103	22.9111797818719	29.9221535514612
103	WGN38	27.3333333333331	1.7865839772808	1103	23.8278464485385	30.8388202181277
104	WGN38	27.4166666666665	1.7865839772808	1103	23.9111797818719	30.9221535514611
106	WGN38	25.6905193236713	2.52718337551821	1103	20.7318897316644	30.6491489156783
107	WGN38	26.6666666666665	1.7865839772808	1103	23.1611797818719	30.1721535514611
108	WGN38	27.3094806763283	2.5271833755182	1103	22.3508510843213	32.2681102683352
109	WGN38	26.8094806763283	2.52718337551821	1103	21.8508510843213	31.7681102683352
110	WGN38	25.6666666666665	1.78658397728081	1103	22.1611797818719	29.1721535514611
111	WGN38	24.6666666666665	1.7865839772808	1103	21.1611797818719	28.1721535514611
112	WGN38	25.857185990338	2.52718337551821	1103	20.898556398331	30.8158155823449
113	WGN38	25.4166666666665	1.7865839772808	1103	21.9111797818719	28.9221535514611
114	WGN38	26.1666666666665	1.7865839772808	1103	22.6611797818718	29.6721535514611
115	WGN38	25.6666666666665	1.7865839772808	1103	22.1611797818719	29.1721535514611
1	WGN39	30.0833333333333	1.78658397728066	1103	26.577846448539	33.5888202181277
2	WGN39	27.9999999999996	1.78658397728082	1103	24.494513115205	31.5054868847943
3	WGN39	24.3333333333331	1.78658397728079	1103	20.8278464485385	27.8388202181277
4	WGN39	31.5833333333329	1.78658397728077	1103	28.0778464485384	35.0888202181275
5	WGN39	29.333333333333	1.78658397728078	1103	25.8278464485385	32.8388202181276
6	WGN39	34.1666666666661	1.78658397728074	1103	30.6611797818716	37.6721535514606
7	WGN39	28.083333333333	1.78658397728078	1103	24.5778464485384	31.5888202181276
8	WGN39	30.7499999999997	1.78658397728079	1103	27.2445131152051	34.2554868847943
9	WGN39	30.8333333333329	1.78658397728076	1103	27.3278464485384	34.3388202181274
10	WGN39	25.0833333333332	1.78658397728078	1103	21.5778464485386	28.5888202181278
11	WGN39	24.583333333333	1.7865839772808	1103	21.0778464485384	28.0888202181276
12	WGN39	28.1666666666663	1.7865839772808	1103	24.6611797818717	31.672153551461
13	WGN39	26.1666666666663	1.78658397728081	1103	22.6611797818716	29.6721535514609
14	WGN39	27.9999999999997	1.78658397728079	1103	24.4945131152051	31.5054868847943
15	WGN39	27.4999999999997	1.78658397728081	1103	23.9945131152051	31.0054868847943
16	WGN39	28.6666666666664	1.78658397728081	1103	25.1611797818717	32.172153551461
17	WGN39	23.9999999999996	1.78658397728081	1103	20.494513115205	27.5054868847942
18	WGN39	29.9999999999996	1.78658397728077	1103	26.4945131152051	33.5054868847942
19	WGN39	28.833333333333	1.78658397728081	1103	25.3278464485384	32.3388202181276
20	WGN39	25.9999999999996	1.78658397728084	1103	22.4945131152049	29.5054868847942
21	WGN39	27.1666666666664	1.78658397728079	1103	23.6611797818718	30.672153551461
22	WGN39	28.0238526570044	2.52718337551822	1103	23.0652230649974	32.9824822490114
24	WGN39	30.833333333333	1.78658397728077	1103	27.3278464485384	34.3388202181276
25	WGN39	25.7499999999996	1.78658397728081	1103	22.244513115205	29.2554868847943
26	WGN39	23.6666666666667	1.78658397728076	1103	20.1611797818721	27.1721535514612
27	WGN39	29.4999999999997	1.78658397728081	1103	25.9945131152051	33.0054868847943
28	WGN39	25.9999999999996	1.7865839772808	1103	22.494513115205	29.5054868847942
29	WGN39	30.333333333333	1.78658397728077	1103	26.8278464485384	33.8388202181275
30	WGN39	27.9166666666663	1.78658397728081	1103	24.4111797818716	31.4221535514609
31	WGN39	28.4999999999997	1.7865839772808	1103	24.9945131152051	32.0054868847944
32	WGN39	29.0833333333331	1.7865839772808	1103	25.5778464485384	32.5888202181277
34	WGN39	27.333333333333	1.78658397728079	1103	23.8278464485384	30.8388202181276
35	WGN39	29.1666666666664	1.78658397728081	1103	25.6611797818717	32.672153551461
36	WGN39	25.9999999999997	1.78658397728079	1103	22.4945131152051	29.5054868847943
37	WGN39	24.083333333333	1.78658397728081	1103	20.5778464485384	27.5888202181277
38	WGN39	26.3571859903379	2.52718337551822	1103	21.3985563983309	31.3158155823449
39	WGN39	24.333333333333	1.78658397728082	1103	20.8278464485383	27.8388202181276
40	WGN39	29.6666666666664	1.7865839772808	1103	26.1611797818717	33.172153551461
41	WGN39	31.9999999999997	1.78658397728082	1103	28.494513115205	35.5054868847943
42	WGN39	27.1666666666663	1.78658397728079	1103	23.6611797818717	30.6721535514609
43	WGN39	28.083333333333	1.7865839772808	1103	24.5778464485384	31.5888202181276
44	WGN39	30.833333333333	1.78658397728079	1103	27.3278464485384	34.3388202181276
45	WGN39	30.1666666666663	1.78658397728082	1103	26.6611797818717	33.672153551461
46	WGN39	29.4999999999996	1.7865839772808	1103	25.994513115205	33.0054868847943
47	WGN39	32.9999999999997	1.78658397728081	1103	29.494513115205	36.5054868847943
48	WGN39	27.6666666666663	1.78658397728081	1103	24.1611797818717	31.1721535514609
49	WGN39	25.9999999999997	1.78658397728079	1103	22.4945131152051	29.5054868847943
50	WGN39	28.6666666666663	1.7865839772808	1103	25.1611797818717	32.1721535514609
51	WGN39	28.583333333333	1.78658397728081	1103	25.0778464485383	32.0888202181276
52	WGN39	29.333333333333	1.78658397728081	1103	25.8278464485383	32.8388202181276
53	WGN39	25.9999999999996	1.78658397728081	1103	22.494513115205	29.5054868847943
54	WGN39	26.4166666666664	1.78658397728079	1103	22.9111797818718	29.922153551461
55	WGN39	24.8333333333331	1.78658397728079	1103	21.3278464485385	28.3388202181277
56	WGN39	28.6666666666663	1.7865839772808	1103	25.1611797818717	32.1721535514609
57	WGN39	27.1666666666664	1.78658397728079	1103	23.6611797818718	30.672153551461
58	WGN39	27.9999999999997	1.78658397728079	1103	24.4945131152051	31.5054868847943
59	WGN39	28.9999999999997	1.7865839772808	1103	25.494513115205	32.5054868847943
60	WGN39	28.7499999999997	1.78658397728079	1103	25.2445131152051	32.2554868847943
61	WGN39	28.7499999999997	1.78658397728081	1103	25.244513115205	32.2554868847943
62	WGN39	30.833333333333	1.7865839772808	1103	27.3278464485384	34.3388202181277
63	WGN39	28.9166666666664	1.7865839772808	1103	25.4111797818718	32.422153551461
64	WGN39	32.4166666666663	1.7865839772808	1103	28.9111797818717	35.922153551461
65	WGN39	27.4166666666664	1.78658397728079	1103	23.9111797818718	30.922153551461
66	WGN39	29.6666666666663	1.78658397728079	1103	26.1611797818717	33.1721535514609
67	WGN39	31.9166666666664	1.7865839772808	1103	28.4111797818718	35.422153551461
68	WGN39	32.8333333333331	1.78658397728081	1103	29.3278464485384	36.3388202181277
69	WGN39	28.1666666666663	1.78658397728081	1103	24.6611797818717	31.6721535514609
70	WGN39	26.9999999999996	1.78658397728081	1103	23.494513115205	30.5054868847943
71	WGN39	29.7499999999997	1.7865839772808	1103	26.244513115205	33.2554868847943
72	WGN39	29.1666666666663	1.7865839772808	1103	25.6611797818717	32.672153551461
73	WGN39	34.7499999999997	1.78658397728081	1103	31.2445131152051	38.2554868847943
74	WGN39	26.6666666666663	1.7865839772808	1103	23.1611797818717	30.172153551461
75	WGN39	32.6666666666663	1.7865839772808	1103	29.1611797818717	36.1721535514609
76	WGN39	26.4999999999997	1.7865839772808	1103	22.9945131152051	30.0054868847943
77	WGN39	28.583333333333	1.7865839772808	1103	25.0778464485384	32.0888202181277
78	WGN39	24.7499999999997	1.7865839772808	1103	21.2445131152051	28.2554868847943
79	WGN39	28.833333333333	1.7865839772808	1103	25.3278464485384	32.3388202181277
80	WGN39	28.7499999999997	1.7865839772808	1103	25.2445131152051	32.2554868847943
81	WGN39	22.9166666666663	1.78658397728081	1103	19.4111797818717	26.422153551461
82	WGN39	27.2499999999997	1.7865839772808	1103	23.7445131152051	30.7554868847943
83	WGN39	27.6666666666663	1.7865839772808	1103	24.1611797818717	31.1721535514609
84	WGN39	28.1666666666663	1.7865839772808	1103	24.6611797818717	31.672153551461
85	WGN39	24.9999999999996	1.7865839772808	1103	21.494513115205	28.5054868847943
86	WGN39	34.6666666666663	1.7865839772808	1103	31.1611797818717	38.1721535514609
87	WGN39	27.1666666666663	1.7865839772808	1103	23.6611797818717	30.672153551461
88	WGN39	26.2499999999997	1.7865839772808	1103	22.744513115205	29.7554868847943
89	WGN39	29.4999999999997	1.78658397728081	1103	25.994513115205	33.0054868847943
90	WGN39	28.833333333333	1.78658397728081	1103	25.3278464485383	32.3388202181276
91	WGN39	24.7499999999996	1.78658397728081	1103	21.244513115205	28.2554868847943
92	WGN39	26.333333333333	1.7865839772808	1103	22.8278464485384	29.8388202181277
93	WGN39	33.2499999999997	1.78658397728081	1103	29.7445131152051	36.7554868847943
94	WGN39	26.4999999999997	1.7865839772808	1103	22.994513115205	30.0054868847943
95	WGN39	27.583333333333	1.7865839772808	1103	24.0778464485384	31.0888202181277
96	WGN39	28.2499999999997	1.78658397728081	1103	24.744513115205	31.7554868847943
97	WGN39	30.7499999999997	1.78658397728081	1103	27.2445131152051	34.2554868847943
98	WGN39	27.583333333333	1.7865839772808	1103	24.0778464485384	31.0888202181276
99	WGN39	28.083333333333	1.78658397728081	1103	24.5778464485384	31.5888202181277
100	WGN39	35.1666666666663	1.7865839772808	1103	31.6611797818717	38.6721535514609
101	WGN39	29.833333333333	1.7865839772808	1103	26.3278464485384	33.3388202181276
102	WGN39	27.6666666666663	1.7865839772808	1103	24.1611797818717	31.172153551461
104	WGN39	25.4166666666663	1.78658397728081	1103	21.9111797818717	28.9221535514609
105	WGN39	28.9761473429948	2.52718337551822	1103	24.0175177509878	33.9347769350018
106	WGN39	28.6666666666663	1.78658397728081	1103	25.1611797818717	32.172153551461
107	WGN39	30.083333333333	1.78658397728081	1103	26.5778464485384	33.5888202181276
108	WGN39	31.6905193236712	2.52718337551821	1103	26.7318897316643	36.6491489156782
109	WGN39	26.4999999999997	1.7865839772808	1103	22.9945131152051	30.0054868847943
110	WGN39	31.333333333333	1.7865839772808	1103	27.8278464485384	34.8388202181277
111	WGN39	31.1666666666663	1.7865839772808	1103	27.6611797818717	34.672153551461
112	WGN39	32.6666666666663	1.7865839772808	1103	29.1611797818717	36.172153551461
113	WGN39	30.2499999999997	1.7865839772808	1103	26.7445131152051	33.7554868847943
114	WGN39	31.4999999999997	1.7865839772808	1103	27.9945131152051	35.0054868847943
115	WGN39	26.6666666666664	1.7865839772808	1103	23.1611797818718	30.172153551461
116	WGN39	27.9999999999997	1.7865839772808	1103	24.4945131152051	31.5054868847943
117	WGN39	26.9999999999997	1.7865839772808	1103	23.4945131152051	30.5054868847943
118	WGN39	31.4999999999997	1.7865839772808	1103	27.9945131152051	35.0054868847943
120	WGN39	29.4999999999997	1.7865839772808	1103	25.9945131152051	33.0054868847943
121	WGN39	37.0238526570045	2.52718337551821	1103	32.0652230649976	41.9824822490115
122	WGN39	27.583333333333	1.7865839772808	1103	24.0778464485384	31.0888202181277
123	WGN39	25.4166666666664	1.7865839772808	1103	21.9111797818718	28.922153551461
124	WGN39	32.1666666666663	1.7865839772808	1103	28.6611797818717	35.672153551461
125	WGN39	26.833333333333	1.78658397728081	1103	23.3278464485384	30.3388202181276
126	WGN39	29.083333333333	1.7865839772808	1103	25.5778464485384	32.5888202181276
127	WGN39	28.1666666666664	1.7865839772808	1103	24.6611797818718	31.672153551461
128	WGN39	34.9761473429949	2.52718337551821	1103	30.0175177509879	39.9347769350018
129	WGN39	33.083333333333	1.7865839772808	1103	29.5778464485384	36.5888202181276
130	WGN39	29.583333333333	1.7865839772808	1103	26.0778464485384	33.0888202181277
1	WGN45	28.9166666666672	1.78658397728074	1103	25.4111797818727	32.4221535514617
2	WGN45	30.9999999999999	1.78658397728077	1103	27.4945131152053	34.5054868847944
3	WGN45	21	1.78658397728079	1103	17.4945131152054	24.5054868847946
4	WGN45	32.9166666666663	1.78658397728077	1103	29.4111797818718	36.4221535514609
5	WGN45	23.1666666666666	1.78658397728079	1103	19.661179781872	26.6721535514612
6	WGN45	29.0833333333332	1.78658397728082	1103	25.5778464485386	32.5888202181279
7	WGN45	28.9166666666666	1.78658397728079	1103	25.411179781872	32.4221535514612
8	WGN45	33.4999999999998	1.78658397728078	1103	29.9945131152052	37.0054868847944
9	WGN45	26.4999999999999	1.78658397728081	1103	22.9945131152052	30.0054868847945
10	WGN45	28.0833333333331	1.7865839772808	1103	24.5778464485385	31.5888202181277
11	WGN45	34.5	1.78658397728082	1103	30.9945131152054	38.0054868847947
12	WGN45	29.1666666666666	1.78658397728082	1103	25.661179781872	32.6721535514613
13	WGN45	29.6666666666666	1.78658397728081	1103	26.1611797818719	33.1721535514612
14	WGN45	26.5833333333331	1.78658397728083	1103	23.0778464485385	30.0888202181278
15	WGN45	24.3333333333332	1.78658397728082	1103	20.8278464485385	27.8388202181278
16	WGN45	27.2499999999999	1.78658397728082	1103	23.7445131152053	30.7554868847946
17	WGN45	26.4166666666665	1.78658397728082	1103	22.9111797818718	29.9221535514611
18	WGN45	19.4166666666665	1.7865839772808	1103	15.9111797818719	22.9221535514611
19	WGN45	22.3333333333335	1.78658397728076	1103	18.827846448539	25.838820218128
20	WGN45	35.9166666666667	1.78658397728082	1103	32.411179781872	39.4221535514613
22	WGN45	32.9999999999999	1.78658397728079	1103	29.4945131152052	36.5054868847945
23	WGN45	24.6666666666668	1.78658397728077	1103	21.1611797818722	28.1721535514613
26	WGN45	19.0238526570047	2.5271833755182	1103	14.0652230649978	23.9824822490117
28	WGN45	21.9166666666665	1.78658397728081	1103	18.4111797818718	25.4221535514611
29	WGN45	21.6666666666665	1.78658397728082	1103	18.1611797818718	25.1721535514611
31	WGN45	30.1666666666666	1.7865839772808	1103	26.661179781872	33.6721535514612
32	WGN45	27.9999999999999	1.78658397728081	1103	24.4945131152053	31.5054868847945
33	WGN45	24.9999999999999	1.78658397728078	1103	21.4945131152054	28.5054868847945
34	WGN45	23.5833333333332	1.7865839772808	1103	20.0778464485386	27.0888202181278
35	WGN45	29.6666666666666	1.78658397728079	1103	26.161179781872	33.1721535514612
36	WGN45	30.8333333333332	1.7865839772808	1103	27.3278464485386	34.3388202181279
37	WGN45	28.5833333333332	1.7865839772808	1103	25.0778464485386	32.0888202181278
40	WGN45	30.2499999999999	1.78658397728082	1103	26.7445131152052	33.7554868847945
41	WGN45	30.8333333333333	1.78658397728083	1103	27.3278464485386	34.3388202181279
42	WGN45	28.6666666666665	1.78658397728081	1103	25.1611797818719	32.1721535514612
43	WGN45	27.8333333333333	1.78658397728079	1103	24.3278464485387	31.3388202181279
44	WGN45	26.3333333333332	1.7865839772808	1103	22.8278464485386	29.8388202181278
45	WGN45	25.4166666666667	1.78658397728079	1103	21.9111797818721	28.9221535514613
46	WGN45	20.4166666666666	1.7865839772808	1103	16.911179781872	23.9221535514612
49	WGN45	29.3333333333332	1.78658397728081	1103	25.8278464485386	32.8388202181279
52	WGN45	23.6428140096618	2.5271833755182	1103	18.6841844176548	28.6014436016687
53	WGN45	25.0833333333332	1.7865839772808	1103	21.5778464485386	28.5888202181279
54	WGN45	25.8333333333332	1.78658397728079	1103	22.3278464485386	29.3388202181278
55	WGN45	28.4999999999999	1.7865839772808	1103	24.9945131152053	32.0054868847945
56	WGN45	27.1666666666665	1.7865839772808	1103	23.6611797818719	30.6721535514612
57	WGN45	28.3333333333333	1.78658397728079	1103	24.8278464485387	31.8388202181279
58	WGN45	23.9166666666665	1.78658397728081	1103	20.4111797818719	27.4221535514612
59	WGN45	23.8333333333331	1.78658397728081	1103	20.3278464485385	27.3388202181278
60	WGN45	20.476147342995	2.52718337551823	1103	15.517517750988	25.434776935002
61	WGN45	20.1666666666665	1.78658397728081	1103	16.6611797818718	23.6721535514611
62	WGN45	25.2499999999998	1.78658397728081	1103	21.7445131152052	28.7554868847945
64	WGN45	27.4999999999999	1.78658397728081	1103	23.9945131152053	31.0054868847945
65	WGN45	24.8333333333333	1.7865839772808	1103	21.3278464485387	28.3388202181279
66	WGN45	24.5833333333332	1.7865839772808	1103	21.0778464485386	28.0888202181278
68	WGN45	25.1666666666666	1.7865839772808	1103	21.661179781872	28.6721535514612
69	WGN45	29.9999999999999	1.78658397728081	1103	26.4945131152053	33.5054868847945
70	WGN45	24.7499999999999	1.78658397728079	1103	21.2445131152053	28.2554868847945
71	WGN45	29.9999999999999	1.78658397728078	1103	26.4945131152053	33.5054868847945
72	WGN45	29.5833333333333	1.78658397728079	1103	26.0778464485387	33.0888202181279
73	WGN45	22.4761473429951	2.52718337551822	1103	17.5175177509881	27.434776935002
74	WGN45	28.357185990338	2.5271833755182	1103	23.3985563983311	33.315815582345
75	WGN45	29.357185990338	2.52718337551822	1103	24.3985563983311	34.315815582345
76	WGN45	33.6666666666665	1.78658397728079	1103	30.1611797818719	37.1721535514611
78	WGN45	21.976147342995	2.52718337551823	1103	17.017517750988	26.934776935002
80	WGN45	29.3333333333333	1.78658397728081	1103	25.8278464485386	32.8388202181279
81	WGN45	26.5833333333333	1.78658397728079	1103	23.0778464485387	30.0888202181279
82	WGN45	28.8094806763284	2.52718337551821	1103	23.8508510843214	33.7681102683353
84	WGN45	31.9999999999999	1.78658397728079	1103	28.4945131152053	35.5054868847945
85	WGN45	30.3333333333333	1.7865839772808	1103	26.8278464485386	33.8388202181279
86	WGN45	31.4166666666666	1.78658397728079	1103	27.911179781872	34.9221535514612
88	WGN45	29.9999999999999	1.7865839772808	1103	26.4945131152053	33.5054868847945
89	WGN45	28.4999999999999	1.7865839772808	1103	24.9945131152053	32.0054868847945
90	WGN45	25.2499999999999	1.78658397728079	1103	21.7445131152053	28.7554868847945
92	WGN45	30.3333333333333	1.78658397728079	1103	26.8278464485386	33.8388202181279
93	WGN45	28.6428140096618	2.52718337551821	1103	23.6841844176548	33.6014436016688
94	WGN45	27.1666666666666	1.7865839772808	1103	23.661179781872	30.6721535514612
95	WGN45	27.3333333333333	1.7865839772808	1103	23.8278464485386	30.8388202181279
96	WGN45	16.9761473429951	2.5271833755182	1103	12.0175177509882	21.9347769350021
98	WGN45	31.4999999999999	1.7865839772808	1103	27.9945131152053	35.0054868847945
99	WGN45	17.3571859903381	2.5271833755182	1103	12.3985563983312	22.3158155823451
100	WGN45	26.8333333333333	1.7865839772808	1103	23.3278464485386	30.3388202181279
101	WGN45	29.1666666666666	1.7865839772808	1103	25.6611797818719	32.6721535514612
102	WGN45	30.4999999999999	1.7865839772808	1103	26.9945131152053	34.0054868847946
103	WGN45	30.1666666666665	1.7865839772808	1103	26.6611797818719	33.6721535514612
104	WGN45	26.1666666666666	1.7865839772808	1103	22.661179781872	29.6721535514612
105	WGN45	31.9999999999999	1.7865839772808	1103	28.4945131152053	35.5054868847945
106	WGN45	29.4166666666666	1.7865839772808	1103	25.9111797818719	32.9221535514612
107	WGN45	25.9999999999999	1.78658397728081	1103	22.4945131152053	29.5054868847945
108	WGN45	29.6666666666666	1.7865839772808	1103	26.1611797818719	33.1721535514612
109	WGN45	28.8333333333333	1.7865839772808	1103	25.3278464485386	32.3388202181279
110	WGN45	32.0833333333333	1.7865839772808	1103	28.5778464485386	35.5888202181279
111	WGN45	27.1666666666666	1.7865839772808	1103	23.661179781872	30.6721535514612
114	WGN45	24.7499999999999	1.7865839772808	1103	21.2445131152053	28.2554868847945
116	WGN45	27.4999999999999	1.7865839772808	1103	23.9945131152053	31.0054868847945
117	WGN45	18.0238526570048	2.5271833755182	1103	13.0652230649978	22.9824822490118
118	WGN45	28.7499999999999	1.7865839772808	1103	25.2445131152053	32.2554868847945
119	WGN45	29.9166666666666	1.7865839772808	1103	26.411179781872	33.4221535514612
120	WGN45	29.8333333333332	1.7865839772808	1103	26.3278464485386	33.3388202181278
121	WGN45	27.5833333333333	1.7865839772808	1103	24.0778464485386	31.0888202181279
122	WGN45	28.8094806763284	2.5271833755182	1103	23.8508510843214	33.7681102683353
123	WGN45	24.3571859903381	2.52718337551821	1103	19.3985563983311	29.315815582345
124	WGN45	27.9999999999999	1.7865839772808	1103	24.4945131152053	31.5054868847945
126	WGN45	29.0833333333333	1.7865839772808	1103	25.5778464485386	32.5888202181279
127	WGN45	25.3333333333332	1.7865839772808	1103	21.8278464485386	28.8388202181278
128	WGN45	28.4999999999999	1.7865839772808	1103	24.9945131152053	32.0054868847945
129	WGN45	22.5833333333333	1.7865839772808	1103	19.0778464485386	26.0888202181279
1	WGN46	27.9166666666668	1.78658397728088	1103	24.411179781872	31.4221535514616
2	WGN46	27.1666666666666	1.7865839772808	1103	23.661179781872	30.6721535514612
3	WGN46	23.8333333333333	1.78658397728078	1103	20.3278464485388	27.3388202181279
4	WGN46	23.8333333333333	1.78658397728081	1103	20.3278464485386	27.3388202181279
6	WGN46	23.25	1.78658397728079	1103	19.7445131152054	26.7554868847946
7	WGN46	26.8333333333333	1.78658397728078	1103	23.3278464485387	30.3388202181279
8	WGN46	28.8333333333333	1.7865839772808	1103	25.3278464485386	32.3388202181279
9	WGN46	26.5833333333333	1.7865839772808	1103	23.0778464485386	30.0888202181279
10	WGN46	28.9166666666667	1.78658397728081	1103	25.411179781872	32.4221535514613
11	WGN46	36.8333333333332	1.78658397728079	1103	33.3278464485386	40.3388202181278
12	WGN46	27.1666666666666	1.7865839772808	1103	23.661179781872	30.6721535514612
13	WGN46	26.25	1.7865839772808	1103	22.7445131152053	29.7554868847946
14	WGN46	28.6666666666666	1.78658397728081	1103	25.161179781872	32.1721535514612
15	WGN46	31.9166666666667	1.78658397728082	1103	28.4111797818721	35.4221535514614
16	WGN46	29.1666666666666	1.7865839772808	1103	25.661179781872	32.6721535514612
17	WGN46	31.642814009662	2.52718337551824	1103	26.684184417655	36.601443601669
18	WGN46	29.5833333333333	1.7865839772808	1103	26.0778464485387	33.0888202181279
19	WGN46	29.7499999999999	1.7865839772808	1103	26.2445131152053	33.2554868847945
20	WGN46	23.1666666666666	1.7865839772808	1103	19.661179781872	26.6721535514612
21	WGN46	24.6428140096618	2.52718337551821	1103	19.6841844176548	29.6014436016688
22	WGN46	24.1666666666666	1.78658397728081	1103	20.661179781872	27.6721535514612
23	WGN46	26.3571859903381	2.52718337551819	1103	21.3985563983312	31.315815582345
24	WGN46	26.1666666666667	1.78658397728078	1103	22.6611797818721	29.6721535514612
25	WGN46	26.3333333333333	1.7865839772808	1103	22.8278464485387	29.8388202181279
26	WGN46	27.4166666666667	1.78658397728081	1103	23.911179781872	30.9221535514613
27	WGN46	31.4999999999999	1.78658397728078	1103	27.9945131152053	35.0054868847945
28	WGN46	25.0833333333333	1.78658397728081	1103	21.5778464485386	28.5888202181279
29	WGN46	28.5	1.7865839772808	1103	24.9945131152053	32.0054868847946
30	WGN46	24.1666666666667	1.7865839772808	1103	20.661179781872	27.6721535514613
31	WGN46	24.0833333333332	1.78658397728081	1103	20.5778464485385	27.5888202181278
32	WGN46	30.3333333333332	1.7865839772808	1103	26.8278464485386	33.8388202181279
33	WGN46	23.5833333333332	1.78658397728082	1103	20.0778464485386	27.0888202181279
34	WGN46	26.1666666666666	1.7865839772808	1103	22.661179781872	29.6721535514612
36	WGN46	23.6666666666667	1.78658397728079	1103	20.1611797818721	27.1721535514613
37	WGN46	32.1666666666666	1.78658397728079	1103	28.661179781872	35.6721535514612
38	WGN46	28.6666666666668	1.7865839772808	1103	25.1611797818721	32.1721535514614
39	WGN46	24.25	1.78658397728081	1103	20.7445131152053	27.7554868847946
40	WGN46	25.25	1.78658397728079	1103	21.7445131152054	28.7554868847945
41	WGN46	30.75	1.7865839772808	1103	27.2445131152054	34.2554868847946
42	WGN46	21.8333333333333	1.7865839772808	1103	18.3278464485386	25.3388202181279
43	WGN46	20.3333333333333	1.78658397728081	1103	16.8278464485386	23.8388202181279
44	WGN46	28.6666666666666	1.7865839772808	1103	25.161179781872	32.1721535514612
45	WGN46	24.4166666666666	1.7865839772808	1103	20.911179781872	27.9221535514612
46	WGN46	25.5833333333333	1.78658397728081	1103	22.0778464485387	29.0888202181279
47	WGN46	32.8333333333332	1.78658397728078	1103	29.3278464485386	36.3388202181278
48	WGN46	31.4166666666668	1.78658397728081	1103	27.9111797818721	34.9221535514614
49	WGN46	30.6666666666665	1.78658397728079	1103	27.1611797818719	34.1721535514612
50	WGN46	31.5	1.78658397728081	1103	27.9945131152054	35.0054868847947
51	WGN46	27.0238526570048	2.52718337551821	1103	22.0652230649978	31.9824822490118
52	WGN46	25.5	1.78658397728079	1103	21.9945131152054	29.0054868847946
53	WGN46	26.75	1.7865839772808	1103	23.2445131152053	30.2554868847946
54	WGN46	29.6666666666666	1.7865839772808	1103	26.161179781872	33.1721535514612
55	WGN46	25.3333333333333	1.78658397728079	1103	21.8278464485387	28.8388202181279
56	WGN46	31.4166666666666	1.78658397728081	1103	27.911179781872	34.9221535514613
57	WGN46	27.0833333333333	1.78658397728079	1103	23.5778464485387	30.5888202181279
58	WGN46	25.3333333333333	1.78658397728081	1103	21.8278464485387	28.8388202181279
59	WGN46	28.5	1.7865839772808	1103	24.9945131152053	32.0054868847946
60	WGN46	26	1.7865839772808	1103	22.4945131152054	29.5054868847946
61	WGN46	27.25	1.7865839772808	1103	23.7445131152053	30.7554868847946
62	WGN46	28.6666666666666	1.78658397728079	1103	25.161179781872	32.1721535514612
63	WGN46	31.4166666666666	1.78658397728079	1103	27.911179781872	34.9221535514612
64	WGN46	23.4166666666666	1.7865839772808	1103	19.911179781872	26.9221535514612
65	WGN46	28.0238526570048	2.52718337551819	1103	23.0652230649979	32.9824822490117
66	WGN46	29.1666666666666	1.7865839772808	1103	25.661179781872	32.6721535514612
67	WGN46	28.6666666666667	1.7865839772808	1103	25.1611797818721	32.1721535514613
68	WGN46	30.3333333333333	1.7865839772808	1103	26.8278464485386	33.8388202181279
69	WGN46	28.25	1.78658397728081	1103	24.7445131152053	31.7554868847946
70	WGN46	24.1666666666666	1.7865839772808	1103	20.661179781872	27.6721535514612
71	WGN46	27.1666666666666	1.7865839772808	1103	23.661179781872	30.6721535514612
72	WGN46	23.3333333333333	1.78658397728079	1103	19.8278464485387	26.8388202181279
73	WGN46	22.9166666666666	1.7865839772808	1103	19.411179781872	26.4221535514612
74	WGN46	24.9166666666666	1.7865839772808	1103	21.411179781872	28.4221535514612
75	WGN46	26.8333333333333	1.7865839772808	1103	23.3278464485386	30.3388202181279
76	WGN46	27.6666666666666	1.7865839772808	1103	24.161179781872	31.1721535514612
78	WGN46	30.75	1.78658397728081	1103	27.2445131152053	34.2554868847946
79	WGN46	31.4166666666666	1.7865839772808	1103	27.911179781872	34.9221535514612
80	WGN46	32.6666666666666	1.7865839772808	1103	29.161179781872	36.1721535514612
81	WGN46	29.4166666666667	1.78658397728079	1103	25.9111797818721	32.9221535514613
82	WGN46	26.0833333333332	1.7865839772808	1103	22.5778464485386	29.5888202181279
83	WGN46	26.1666666666666	1.78658397728081	1103	22.661179781872	29.6721535514612
84	WGN46	24.5833333333333	1.78658397728081	1103	21.0778464485386	28.0888202181279
85	WGN46	22.8333333333333	1.78658397728079	1103	19.3278464485387	26.3388202181279
86	WGN46	32.4166666666666	1.7865839772808	1103	28.911179781872	35.9221535514612
87	WGN46	29.2499999999999	1.78658397728079	1103	25.7445131152053	32.7554868847945
88	WGN46	25.3333333333333	1.78658397728081	1103	21.8278464485387	28.8388202181279
89	WGN46	31.5833333333333	1.7865839772808	1103	28.0778464485387	35.0888202181279
90	WGN46	32.8333333333333	1.7865839772808	1103	29.3278464485387	36.3388202181279
91	WGN46	26.3094806763284	2.5271833755182	1103	21.3508510843215	31.2681102683354
93	WGN46	25.75	1.7865839772808	1103	22.2445131152054	29.2554868847946
94	WGN46	26.8333333333333	1.7865839772808	1103	23.3278464485387	30.3388202181279
95	WGN46	25.9166666666666	1.7865839772808	1103	22.411179781872	29.4221535514612
96	WGN46	32.8333333333333	1.7865839772808	1103	29.3278464485387	36.3388202181279
98	WGN46	27.3333333333333	1.7865839772808	1103	23.8278464485386	30.8388202181279
100	WGN46	32.3333333333333	1.7865839772808	1103	28.8278464485386	35.8388202181279
101	WGN46	23.6905193236715	2.5271833755182	1103	18.7318897316646	28.6491489156785
102	WGN46	25.3333333333333	1.7865839772808	1103	21.8278464485387	28.8388202181279
103	WGN46	29.8333333333333	1.7865839772808	1103	26.3278464485386	33.3388202181279
104	WGN46	26.0833333333333	1.78658397728081	1103	22.5778464485387	29.5888202181279
106	WGN46	24.7499999999999	1.78658397728081	1103	21.2445131152053	28.2554868847946
107	WGN46	32.0833333333333	1.7865839772808	1103	28.5778464485387	35.5888202181279
108	WGN46	28.75	1.7865839772808	1103	25.2445131152053	32.2554868847946
109	WGN46	28.1666666666667	1.7865839772808	1103	24.6611797818721	31.6721535514613
110	WGN46	28.0833333333333	1.7865839772808	1103	24.5778464485387	31.5888202181279
111	WGN46	30.5833333333333	1.7865839772808	1103	27.0778464485387	34.0888202181279
112	WGN46	27.0833333333333	1.7865839772808	1103	23.5778464485387	30.5888202181279
113	WGN46	32.1666666666666	1.7865839772808	1103	28.661179781872	35.6721535514612
114	WGN46	26.1666666666666	1.7865839772808	1103	22.661179781872	29.6721535514612
115	WGN46	32.0833333333333	1.7865839772808	1103	28.5778464485387	35.588820218128
116	WGN46	26.9166666666666	1.7865839772808	1103	23.411179781872	30.4221535514612
117	WGN46	25.4166666666666	1.7865839772808	1103	21.911179781872	28.9221535514612
118	WGN46	23.3094806763284	2.52718337551821	1103	18.3508510843215	28.2681102683354
119	WGN46	31	1.7865839772808	1103	27.4945131152053	34.5054868847946
120	WGN46	34.1666666666666	1.7865839772808	1103	30.661179781872	37.6721535514613
121	WGN46	26.5833333333333	1.7865839772808	1103	23.0778464485387	30.0888202181279
122	WGN46	24.5	1.7865839772808	1103	20.9945131152053	28.0054868847946
123	WGN46	25.1666666666667	1.7865839772808	1103	21.661179781872	28.6721535514613
124	WGN46	23.5833333333333	1.7865839772808	1103	20.0778464485387	27.0888202181279
125	WGN46	24.3333333333333	1.7865839772808	1103	20.8278464485386	27.8388202181279
126	WGN46	25.3333333333333	1.7865839772808	1103	21.8278464485387	28.8388202181279
127	WGN46	30.6666666666667	1.7865839772808	1103	27.161179781872	34.1721535514613
128	WGN46	25.4999999999999	1.7865839772808	1103	21.9945131152053	29.0054868847946
129	WGN46	33.8333333333333	1.7865839772808	1103	30.3278464485387	37.3388202181279
130	WGN46	23	1.7865839772808	1103	19.4945131152054	26.5054868847946
1	WGN55	27.5000000000001	1.78658397728081	1103	23.9945131152055	31.0054868847948
2	WGN55	25.25	1.7865839772808	1103	21.7445131152054	28.7554868847946
3	WGN55	27.0833333333332	1.78658397728081	1103	23.5778464485385	30.5888202181278
4	WGN55	28.9999999999999	1.78658397728079	1103	25.4945131152053	32.5054868847945
5	WGN55	27.3333333333333	1.78658397728079	1103	23.8278464485387	30.8388202181279
6	WGN55	31.5	1.78658397728081	1103	27.9945131152054	35.0054868847947
7	WGN55	27.4166666666666	1.78658397728078	1103	23.911179781872	30.9221535514612
8	WGN55	26.4999999999998	1.78658397728081	1103	22.9945131152052	30.0054868847945
9	WGN55	28.2499999999999	1.78658397728081	1103	24.7445131152053	31.7554868847945
10	WGN55	31.0833333333334	1.78658397728081	1103	27.5778464485387	34.588820218128
11	WGN55	28.3333333333333	1.78658397728082	1103	24.8278464485387	31.838820218128
12	WGN55	28.3571859903382	2.52718337551821	1103	23.3985563983313	33.3158155823452
13	WGN55	26.2499999999999	1.78658397728081	1103	22.7445131152053	29.7554868847945
14	WGN55	28.6666666666666	1.78658397728079	1103	25.161179781872	32.1721535514612
15	WGN55	28.1428140096618	2.5271833755182	1103	23.1841844176548	33.1014436016687
16	WGN55	28.4166666666666	1.78658397728081	1103	24.911179781872	31.9221535514612
17	WGN55	31.5238526570048	2.52718337551821	1103	26.5652230649979	36.4824822490118
18	WGN55	28.4999999999999	1.7865839772808	1103	24.9945131152053	32.0054868847946
19	WGN55	26.3333333333333	1.78658397728082	1103	22.8278464485386	29.8388202181279
20	WGN55	31.8333333333333	1.78658397728079	1103	28.3278464485387	35.3388202181279
21	WGN55	29.1666666666666	1.78658397728082	1103	25.661179781872	32.6721535514613
22	WGN55	31.2499999999999	1.78658397728079	1103	27.7445131152053	34.7554868847945
23	WGN55	28.8333333333333	1.78658397728081	1103	25.3278464485387	32.3388202181279
24	WGN55	29.4999999999999	1.7865839772808	1103	25.9945131152053	33.0054868847946
25	WGN55	28.9166666666666	1.78658397728078	1103	25.411179781872	32.4221535514612
26	WGN55	27.9999999999999	1.7865839772808	1103	24.4945131152053	31.5054868847946
27	WGN55	27.8333333333333	1.7865839772808	1103	24.3278464485387	31.3388202181279
28	WGN55	24.0238526570047	2.52718337551824	1103	19.0652230649977	28.9824822490118
29	WGN55	30.9999999999999	1.7865839772808	1103	27.4945131152053	34.5054868847946
30	WGN55	30.8333333333332	1.7865839772808	1103	27.3278464485386	34.3388202181279
31	WGN55	31	1.78658397728081	1103	27.4945131152054	34.5054868847946
32	WGN55	29.3333333333333	1.7865839772808	1103	25.8278464485387	32.8388202181279
33	WGN55	24.0833333333332	1.7865839772808	1103	20.5778464485385	27.5888202181278
34	WGN55	24.6666666666666	1.78658397728081	1103	21.161179781872	28.1721535514613
35	WGN55	28.9999999999999	1.7865839772808	1103	25.4945131152053	32.5054868847945
36	WGN55	34.0833333333334	1.78658397728081	1103	30.5778464485387	37.588820218128
37	WGN55	24.9166666666667	1.78658397728079	1103	21.4111797818721	28.4221535514613
38	WGN55	27.1666666666665	1.7865839772808	1103	23.6611797818719	30.6721535514611
40	WGN55	26.1666666666665	1.78658397728081	1103	22.6611797818719	29.6721535514612
41	WGN55	27.9166666666666	1.7865839772808	1103	24.411179781872	31.4221535514612
42	WGN55	25.2499999999999	1.78658397728078	1103	21.7445131152054	28.7554868847945
43	WGN55	27.9999999999999	1.78658397728079	1103	24.4945131152054	31.5054868847945
44	WGN55	25.1666666666668	1.7865839772808	1103	21.6611797818721	28.6721535514614
45	WGN55	28.5	1.78658397728078	1103	24.9945131152054	32.0054868847945
46	WGN55	22.1666666666665	1.78658397728081	1103	18.6611797818719	25.6721535514612
47	WGN55	30.5833333333332	1.78658397728079	1103	27.0778464485385	34.0888202181278
48	WGN55	27.8333333333333	1.78658397728081	1103	24.3278464485387	31.3388202181279
49	WGN55	29.9999999999999	1.78658397728078	1103	26.4945131152053	33.5054868847945
50	WGN55	27.1666666666666	1.7865839772808	1103	23.661179781872	30.6721535514612
52	WGN55	27.9999999999999	1.78658397728081	1103	24.4945131152053	31.5054868847946
53	WGN55	26.9166666666666	1.78658397728079	1103	23.411179781872	30.4221535514612
54	WGN55	28.4166666666666	1.78658397728079	1103	24.911179781872	31.9221535514612
55	WGN55	32.9999999999999	1.78658397728079	1103	29.4945131152053	36.5054868847945
56	WGN55	30.7499999999999	1.78658397728078	1103	27.2445131152053	34.2554868847945
57	WGN55	28.3333333333333	1.78658397728081	1103	24.8278464485387	31.8388202181279
58	WGN55	30.25	1.78658397728081	1103	26.7445131152054	33.7554868847946
59	WGN55	29.3333333333333	1.7865839772808	1103	25.8278464485387	32.8388202181279
60	WGN55	25.4999999999999	1.78658397728081	1103	21.9945131152053	29.0054868847945
61	WGN55	20.6666666666667	1.78658397728079	1103	17.1611797818721	24.1721535514612
62	WGN55	26.6666666666666	1.78658397728081	1103	23.161179781872	30.1721535514612
63	WGN55	29.1666666666666	1.7865839772808	1103	25.661179781872	32.6721535514612
64	WGN55	26.75	1.7865839772808	1103	23.2445131152053	30.2554868847946
65	WGN55	28.4999999999999	1.7865839772808	1103	24.9945131152053	32.0054868847946
66	WGN55	27.1666666666666	1.78658397728079	1103	23.661179781872	30.6721535514612
67	WGN55	27.5833333333333	1.7865839772808	1103	24.0778464485387	31.0888202181279
68	WGN55	29	1.78658397728081	1103	25.4945131152053	32.5054868847946
69	WGN55	28.1666666666666	1.7865839772808	1103	24.661179781872	31.6721535514612
70	WGN55	26.8333333333333	1.7865839772808	1103	23.3278464485387	30.3388202181279
71	WGN55	22.6666666666666	1.78658397728081	1103	19.161179781872	26.1721535514612
72	WGN55	26.3333333333333	1.7865839772808	1103	22.8278464485387	29.8388202181279
73	WGN55	30.4166666666666	1.78658397728081	1103	26.911179781872	33.9221535514613
74	WGN55	28.9166666666666	1.7865839772808	1103	25.411179781872	32.4221535514612
75	WGN55	30.5833333333333	1.7865839772808	1103	27.0778464485387	34.0888202181279
76	WGN55	27.9999999999999	1.7865839772808	1103	24.4945131152053	31.5054868847946
77	WGN55	26.9999999999999	1.7865839772808	1103	23.4945131152053	30.5054868847946
78	WGN55	26.3333333333333	1.78658397728081	1103	22.8278464485387	29.8388202181279
80	WGN55	28.4166666666666	1.78658397728079	1103	24.911179781872	31.9221535514612
81	WGN55	28.6666666666666	1.7865839772808	1103	25.161179781872	32.1721535514612
82	WGN55	28.8333333333333	1.7865839772808	1103	25.3278464485386	32.3388202181279
83	WGN55	24.1666666666666	1.7865839772808	1103	20.661179781872	27.6721535514612
84	WGN55	30.9999999999999	1.7865839772808	1103	27.4945131152053	34.5054868847945
85	WGN55	28.4166666666666	1.7865839772808	1103	24.9111797818719	31.9221535514612
86	WGN55	25.3333333333333	1.7865839772808	1103	21.8278464485387	28.8388202181279
87	WGN55	28.9166666666666	1.7865839772808	1103	25.411179781872	32.4221535514612
88	WGN55	27.3333333333332	1.7865839772808	1103	23.8278464485386	30.8388202181279
89	WGN55	29.9166666666666	1.7865839772808	1103	26.411179781872	33.4221535514612
90	WGN55	27.9999999999999	1.7865839772808	1103	24.4945131152053	31.5054868847946
91	WGN55	29.6666666666666	1.78658397728079	1103	26.161179781872	33.1721535514612
92	WGN55	31.0833333333333	1.78658397728079	1103	27.5778464485387	34.5888202181279
93	WGN55	29.5	1.7865839772808	1103	25.9945131152053	33.0054868847946
94	WGN55	26.1666666666666	1.7865839772808	1103	22.661179781872	29.6721535514613
95	WGN55	31.2499999999999	1.7865839772808	1103	27.7445131152053	34.7554868847945
96	WGN55	24.6666666666667	1.7865839772808	1103	21.1611797818721	28.1721535514613
97	WGN55	25.6666666666666	1.7865839772808	1103	22.161179781872	29.1721535514613
98	WGN55	28.8333333333333	1.7865839772808	1103	25.3278464485387	32.3388202181279
99	WGN55	27.3333333333333	1.7865839772808	1103	23.8278464485387	30.8388202181279
100	WGN55	29.6666666666666	1.7865839772808	1103	26.161179781872	33.1721535514612
101	WGN55	26.9999999999999	1.78658397728081	1103	23.4945131152053	30.5054868847946
102	WGN55	25.3333333333333	1.7865839772808	1103	21.8278464485386	28.8388202181279
103	WGN55	25.75	1.7865839772808	1103	22.2445131152053	29.2554868847946
104	WGN55	31.2499999999999	1.7865839772808	1103	27.7445131152053	34.7554868847946
105	WGN55	25.9999999999999	1.7865839772808	1103	22.4945131152053	29.5054868847946
106	WGN55	27.6666666666666	1.7865839772808	1103	24.161179781872	31.1721535514612
107	WGN55	24.8571859903381	2.52718337551821	1103	19.8985563983311	29.815815582345
108	WGN55	27.8333333333333	1.7865839772808	1103	24.3278464485387	31.3388202181279
109	WGN55	31.0833333333332	1.7865839772808	1103	27.5778464485386	34.5888202181279
110	WGN55	28.2499999999999	1.7865839772808	1103	24.7445131152053	31.7554868847946
111	WGN55	31.4166666666667	1.7865839772808	1103	27.911179781872	34.9221535514613
112	WGN55	28.0833333333333	1.7865839772808	1103	24.5778464485387	31.5888202181279
113	WGN55	30.8333333333333	1.7865839772808	1103	27.3278464485387	34.3388202181279
114	WGN55	24.5833333333333	1.7865839772808	1103	21.0778464485386	28.0888202181279
115	WGN55	24.9761473429951	2.52718337551821	1103	20.0175177509881	29.9347769350021
116	WGN55	21.9761473429951	2.52718337551821	1103	17.0175177509882	26.9347769350021
117	WGN55	27.8333333333333	1.7865839772808	1103	24.3278464485387	31.3388202181279
118	WGN55	25.4999999999999	1.7865839772808	1103	21.9945131152053	29.0054868847946
119	WGN55	26.6666666666666	1.7865839772808	1103	23.161179781872	30.1721535514612
120	WGN55	25.9999999999999	1.7865839772808	1103	22.4945131152053	29.5054868847946
121	WGN55	28	1.7865839772808	1103	24.4945131152053	31.5054868847946
122	WGN55	30.2499999999999	1.7865839772808	1103	26.7445131152053	33.7554868847946
123	WGN55	29.9999999999999	1.7865839772808	1103	26.4945131152053	33.5054868847946
124	WGN55	28.8333333333332	1.7865839772808	1103	25.3278464485386	32.3388202181279
125	WGN55	30.0833333333333	1.7865839772808	1103	26.5778464485386	33.5888202181279
126	WGN55	27.0833333333332	1.7865839772808	1103	23.5778464485386	30.5888202181279
128	WGN55	27.2499999999999	1.7865839772808	1103	23.7445131152053	30.7554868847946
129	WGN55	28.3333333333333	1.7865839772808	1103	24.8278464485387	31.8388202181279
130	WGN55	27.8333333333333	1.7865839772808	1103	24.3278464485387	31.3388202181279
1	WGN63	29.0833333333331	1.78658397728075	1103	25.5778464485386	32.5888202181277
2	WGN63	29.1666666666665	1.78658397728082	1103	25.6611797818719	32.6721535514612
3	WGN63	28.2499999999999	1.78658397728079	1103	24.7445131152053	31.7554868847945
4	WGN63	30.7499999999999	1.78658397728081	1103	27.2445131152053	34.2554868847946
5	WGN63	28.1666666666665	1.7865839772808	1103	24.6611797818719	31.6721535514611
6	WGN63	28.857185990338	2.5271833755182	1103	23.898556398331	33.8158155823449
7	WGN63	26.3333333333332	1.7865839772808	1103	22.8278464485386	29.8388202181278
8	WGN63	26.0833333333332	1.78658397728081	1103	22.5778464485386	29.5888202181279
9	WGN63	30.9999999999999	1.7865839772808	1103	27.4945131152053	34.5054868847945
10	WGN63	27.4166666666665	1.78658397728079	1103	23.9111797818719	30.9221535514611
12	WGN63	29.9999999999998	1.78658397728081	1103	26.4945131152052	33.5054868847944
13	WGN63	31.3333333333331	1.7865839772808	1103	27.8278464485385	34.8388202181278
14	WGN63	29.6666666666665	1.7865839772808	1103	26.1611797818719	33.1721535514611
16	WGN63	23.8333333333332	1.78658397728079	1103	20.3278464485386	27.3388202181278
17	WGN63	29.9999999999999	1.78658397728081	1103	26.4945131152053	33.5054868847945
18	WGN63	24.3333333333333	1.78658397728079	1103	20.8278464485387	27.8388202181279
19	WGN63	29.3333333333332	1.78658397728079	1103	25.8278464485386	32.8388202181278
20	WGN63	23.0833333333332	1.78658397728079	1103	19.5778464485386	26.5888202181278
21	WGN63	28.8333333333332	1.78658397728079	1103	25.3278464485386	32.3388202181278
22	WGN63	29.2499999999999	1.7865839772808	1103	25.7445131152052	32.7554868847945
23	WGN63	26.4166666666666	1.78658397728081	1103	22.9111797818719	29.9221535514612
24	WGN63	27.8333333333332	1.7865839772808	1103	24.3278464485386	31.3388202181278
25	WGN63	26.2499999999998	1.78658397728081	1103	22.7445131152052	29.7554868847945
26	WGN63	25.6666666666666	1.78658397728079	1103	22.161179781872	29.1721535514612
27	WGN63	26.7499999999999	1.78658397728081	1103	23.2445131152052	30.2554868847945
28	WGN63	28.6666666666665	1.7865839772808	1103	25.1611797818719	32.1721535514611
29	WGN63	28.9999999999999	1.7865839772808	1103	25.4945131152053	32.5054868847945
30	WGN63	30.6666666666665	1.7865839772808	1103	27.1611797818719	34.1721535514612
31	WGN63	27.8333333333332	1.78658397728081	1103	24.3278464485386	31.3388202181279
32	WGN63	27.8333333333332	1.78658397728081	1103	24.3278464485385	31.3388202181278
33	WGN63	24.9999999999999	1.78658397728079	1103	21.4945131152053	28.5054868847945
34	WGN63	34.9999999999998	1.78658397728079	1103	31.4945131152052	38.5054868847944
35	WGN63	31.2499999999999	1.78658397728079	1103	27.7445131152053	34.7554868847945
36	WGN63	24.9999999999999	1.78658397728079	1103	21.4945131152053	28.5054868847945
37	WGN63	28.9166666666666	1.7865839772808	1103	25.4111797818719	32.4221535514612
38	WGN63	30.4999999999999	1.78658397728081	1103	26.9945131152053	34.0054868847945
39	WGN63	28.5833333333332	1.7865839772808	1103	25.0778464485386	32.0888202181278
40	WGN63	22.5833333333332	1.7865839772808	1103	19.0778464485386	26.0888202181278
41	WGN63	27.5238526570047	2.5271833755182	1103	22.5652230649978	32.4824822490117
42	WGN63	26.1666666666665	1.7865839772808	1103	22.6611797818719	29.6721535514611
43	WGN63	25.3333333333331	1.78658397728081	1103	21.8278464485385	28.8388202181278
44	WGN63	27.8333333333332	1.78658397728081	1103	24.3278464485386	31.3388202181279
45	WGN63	28.5833333333332	1.7865839772808	1103	25.0778464485386	32.0888202181278
46	WGN63	33.3333333333332	1.78658397728079	1103	29.8278464485385	36.8388202181278
47	WGN63	24.1666666666665	1.78658397728081	1103	20.6611797818718	27.6721535514611
48	WGN63	29.8333333333332	1.7865839772808	1103	26.3278464485386	33.3388202181279
49	WGN63	30.4999999999999	1.78658397728081	1103	26.9945131152053	34.0054868847945
50	WGN63	27.6666666666664	1.78658397728081	1103	24.1611797818718	31.1721535514611
51	WGN63	32.976147342995	2.5271833755182	1103	28.017517750988	37.9347769350019
52	WGN63	28.6666666666665	1.7865839772808	1103	25.1611797818719	32.1721535514611
53	WGN63	28.9999999999999	1.7865839772808	1103	25.4945131152053	32.5054868847945
54	WGN63	24.7499999999998	1.7865839772808	1103	21.2445131152052	28.2554868847945
55	WGN63	28.2499999999999	1.78658397728079	1103	24.7445131152053	31.7554868847945
56	WGN63	29.8333333333332	1.7865839772808	1103	26.3278464485386	33.3388202181278
57	WGN63	29.6666666666665	1.78658397728081	1103	26.1611797818719	33.1721535514612
58	WGN63	26.0833333333332	1.7865839772808	1103	22.5778464485386	29.5888202181278
59	WGN63	26.4166666666665	1.78658397728079	1103	22.9111797818719	29.9221535514611
60	WGN63	31.4999999999999	1.7865839772808	1103	27.9945131152053	35.0054868847945
61	WGN63	30.0833333333332	1.7865839772808	1103	26.5778464485386	33.5888202181278
62	WGN63	28.4166666666665	1.7865839772808	1103	24.9111797818719	31.9221535514611
63	WGN63	25.8333333333332	1.7865839772808	1103	22.3278464485386	29.3388202181278
64	WGN63	27.7083333333332	1.7865839772808	1103	24.2028464485386	31.2138202181278
65	WGN63	32.4999999999998	1.7865839772808	1103	28.9945131152052	36.0054868847944
66	WGN63	27.6666666666665	1.78658397728081	1103	24.1611797818719	31.1721535514611
67	WGN63	29.0833333333332	1.7865839772808	1103	25.5778464485386	32.5888202181278
68	WGN63	29.7499999999999	1.78658397728079	1103	26.2445131152053	33.2554868847945
69	WGN63	28.1666666666665	1.7865839772808	1103	24.6611797818719	31.6721535514611
70	WGN63	30.5833333333332	1.7865839772808	1103	27.0778464485386	34.0888202181279
72	WGN63	36.8333333333332	1.7865839772808	1103	33.3278464485385	40.3388202181278
73	WGN63	25.3333333333332	1.7865839772808	1103	21.8278464485386	28.8388202181278
74	WGN63	27.5833333333332	1.7865839772808	1103	24.0778464485385	31.0888202181278
75	WGN63	24.1666666666665	1.7865839772808	1103	20.6611797818719	27.6721535514612
76	WGN63	31.1666666666665	1.7865839772808	1103	27.6611797818719	34.6721535514612
77	WGN63	26.9166666666666	1.78658397728081	1103	23.4111797818719	30.4221535514612
78	WGN63	27.2499999999999	1.78658397728081	1103	23.7445131152052	30.7554868847945
79	WGN63	31.4999999999999	1.7865839772808	1103	27.9945131152052	35.0054868847945
80	WGN63	26.6666666666665	1.78658397728081	1103	23.1611797818719	30.1721535514611
81	WGN63	28.4999999999999	1.7865839772808	1103	24.9945131152053	32.0054868847945
82	WGN63	26.4166666666665	1.7865839772808	1103	22.9111797818719	29.9221535514611
83	WGN63	28.8333333333332	1.78658397728081	1103	25.3278464485385	32.3388202181278
84	WGN63	28.9166666666665	1.78658397728081	1103	25.4111797818719	32.4221535514612
85	WGN63	28.4166666666666	1.7865839772808	1103	24.911179781872	31.9221535514612
86	WGN63	29.0833333333332	1.7865839772808	1103	25.5778464485386	32.5888202181278
87	WGN63	30.9999999999999	1.7865839772808	1103	27.4945131152052	34.5054868847945
88	WGN63	26.1666666666666	1.7865839772808	1103	22.6611797818719	29.6721535514612
89	WGN63	28.8333333333332	1.7865839772808	1103	25.3278464485386	32.3388202181278
90	WGN63	23.6428140096617	2.52718337551822	1103	18.6841844176547	28.6014436016687
91	WGN63	31.4999999999999	1.7865839772808	1103	27.9945131152052	35.0054868847945
92	WGN63	26.7499999999999	1.7865839772808	1103	23.2445131152053	30.2554868847945
93	WGN63	28.6666666666665	1.7865839772808	1103	25.1611797818719	32.1721535514611
94	WGN63	29.5238526570047	2.52718337551821	1103	24.5652230649977	34.4824822490117
95	WGN63	32.0238526570047	2.52718337551821	1103	27.0652230649977	36.9824822490116
96	WGN63	28.6666666666665	1.7865839772808	1103	25.1611797818719	32.1721535514612
97	WGN63	29.4166666666666	1.7865839772808	1103	25.9111797818719	32.9221535514612
98	WGN63	27.8333333333332	1.7865839772808	1103	24.3278464485386	31.3388202181278
99	WGN63	28.8333333333332	1.7865839772808	1103	25.3278464485386	32.3388202181278
100	WGN63	33.6666666666665	1.78658397728081	1103	30.1611797818719	37.1721535514612
101	WGN63	31.8333333333332	1.7865839772808	1103	28.3278464485386	35.3388202181279
102	WGN63	29.8333333333332	1.7865839772808	1103	26.3278464485386	33.3388202181278
103	WGN63	27.6666666666666	1.7865839772808	1103	24.1611797818719	31.1721535514612
105	WGN63	28.5833333333332	1.7865839772808	1103	25.0778464485386	32.0888202181278
106	WGN63	26.6905193236714	2.52718337551821	1103	21.7318897316644	31.6491489156783
107	WGN63	29.6666666666666	1.7865839772808	1103	26.1611797818719	33.1721535514612
109	WGN63	21.5833333333332	1.7865839772808	1103	18.0778464485386	25.0888202181278
110	WGN63	21.9166666666666	1.7865839772808	1103	18.4111797818719	25.4221535514612
111	WGN63	29.2499999999999	1.7865839772808	1103	25.7445131152053	32.7554868847945
112	WGN63	27.3333333333332	1.7865839772808	1103	23.8278464485386	30.8388202181278
114	WGN63	25.9166666666665	1.7865839772808	1103	22.4111797818719	29.4221535514611
115	WGN63	29.7499999999999	1.7865839772808	1103	26.2445131152052	33.2554868847945
116	WGN63	24.9999999999999	1.7865839772808	1103	21.4945131152052	28.5054868847945
117	WGN63	30.0833333333332	1.7865839772808	1103	26.5778464485386	33.5888202181278
118	WGN63	26.4999999999999	1.7865839772808	1103	22.9945131152053	30.0054868847945
119	WGN63	26.9166666666666	1.7865839772808	1103	23.4111797818719	30.4221535514612
121	WGN63	32.1666666666666	1.7865839772808	1103	28.661179781872	35.6721535514612
122	WGN63	29.1666666666666	1.7865839772808	1103	25.661179781872	32.6721535514612
123	WGN63	25.4999999999999	1.7865839772808	1103	21.9945131152052	29.0054868847945
124	WGN63	30.8333333333332	1.7865839772808	1103	27.3278464485385	34.3388202181278
125	WGN63	30.8333333333332	1.7865839772808	1103	27.3278464485386	34.3388202181278
126	WGN63	25.4166666666666	1.7865839772808	1103	21.911179781872	28.9221535514612
127	WGN63	28.9999999999999	1.7865839772808	1103	25.4945131152052	32.5054868847945
128	WGN63	27.7499999999999	1.7865839772808	1103	24.2445131152052	31.2554868847945
129	WGN63	27.9166666666666	1.7865839772808	1103	24.411179781872	31.4221535514612
130	WGN63	26.4999999999999	1.7865839772808	1103	22.9945131152052	30.0054868847945
