plantID3	famID	emmean	SE	df	lower.CL	upper.CL
1	WGN07	24.8333333333316	1.32331171276891	1123	22.2368916540242	27.4297750126391
2	WGN07	22.8333333333339	1.32331171276883	1123	20.2368916540266	25.4297750126412
3	WGN07	22.4166666666658	1.32331171276889	1123	19.8202249873584	25.0131083459733
4	WGN07	23.1666666666671	1.32331171276877	1123	20.5702249873599	25.7631083459743
5	WGN07	23.2499999999999	1.32331171276884	1123	20.6535583206925	25.8464416793072
6	WGN07	17.2500000000002	1.32331171276881	1123	14.6535583206929	19.8464416793074
7	WGN07	22.7500000000001	1.3233117127688	1123	20.1535583206929	25.3464416793073
8	WGN07	24.7499999999999	1.32331171276881	1123	22.1535583206926	27.3464416793071
9	WGN07	27.6666666666668	1.32331171276886	1123	25.0702249873594	30.2631083459741
10	WGN07	21.1666666666666	1.32331171276883	1123	18.5702249873593	23.7631083459739
11	WGN07	25.6666666666665	1.32331171276888	1123	23.0702249873591	28.2631083459739
12	WGN07	21.8333333333332	1.32331171276886	1123	19.2368916540258	24.4297750126405
13	WGN07	23.3333333333334	1.32331171276882	1123	20.7368916540261	25.9297750126407
14	WGN07	22.6666666666668	1.32331171276881	1123	20.0702249873596	25.2631083459741
15	WGN07	24.9999999999999	1.32331171276881	1123	22.4035583206927	27.5964416793072
16	WGN07	22.1666666666666	1.32331171276885	1123	19.5702249873592	24.7631083459739
17	WGN07	25.4166666666666	1.32331171276883	1123	22.8202249873593	28.0131083459739
18	WGN07	22	1.32331171276885	1123	19.4035583206927	24.5964416793074
20	WGN07	16.5000000000002	1.32331171276884	1123	13.9035583206929	19.0964416793075
21	WGN07	21.2499999999998	1.32331171276885	1123	18.6535583206925	23.8464416793071
22	WGN07	21.9166666666663	1.3233117127689	1123	19.3202249873589	24.5131083459738
23	WGN07	22.75	1.32331171276887	1123	20.1535583206926	25.3464416793074
24	WGN07	22.1666666666665	1.32331171276883	1123	19.5702249873592	24.7631083459738
25	WGN07	22.4166666666666	1.32331171276886	1123	19.8202249873593	25.013108345974
26	WGN07	23.6666666666666	1.32331171276886	1123	21.0702249873593	26.263108345974
27	WGN07	26.1666666666666	1.32331171276884	1123	23.5702249873593	28.7631083459739
28	WGN07	22.2499999999999	1.32331171276884	1123	19.6535583206926	24.8464416793073
29	WGN07	17.1666666666665	1.32331171276886	1123	14.5702249873591	19.7631083459738
30	WGN07	22.4166666666666	1.32331171276883	1123	19.8202249873593	25.0131083459739
31	WGN07	20.8333333333332	1.32331171276885	1123	18.2368916540259	23.4297750126406
32	WGN07	21.3333333333334	1.32331171276887	1123	18.736891654026	23.9297750126408
33	WGN07	27.4166666666666	1.32331171276885	1123	24.8202249873593	30.013108345974
34	WGN07	24.9999999999999	1.32331171276883	1123	22.4035583206926	27.5964416793072
35	WGN07	23.3582147093712	1.87186157191066	1123	19.6854750545295	27.0309543642128
36	WGN07	21.8333333333333	1.32331171276884	1123	19.236891654026	24.4297750126406
37	WGN07	26.1666666666666	1.32331171276888	1123	23.5702249873592	28.763108345974
38	WGN07	24.3333333333333	1.32331171276883	1123	21.736891654026	26.9297750126406
39	WGN07	18.25	1.32331171276882	1123	15.6535583206927	20.8464416793073
40	WGN07	19.5	1.32331171276883	1123	16.9035583206927	22.0964416793073
41	WGN07	22.9166666666666	1.32331171276884	1123	20.3202249873592	25.5131083459739
42	WGN07	23.2499999999999	1.32331171276884	1123	20.6535583206926	25.8464416793072
44	WGN07	17.6666666666669	1.32331171276882	1123	15.0702249873596	20.2631083459742
46	WGN07	21.3333333333333	1.32331171276883	1123	18.736891654026	23.9297750126406
47	WGN07	20.6666666666668	1.32331171276883	1123	18.0702249873595	23.2631083459741
48	WGN07	21.4166666666667	1.32331171276885	1123	18.8202249873594	24.0131083459741
49	WGN07	24.6666666666667	1.32331171276885	1123	22.0702249873593	27.263108345974
50	WGN07	26.5000000000001	1.32331171276882	1123	23.9035583206928	29.0964416793074
51	WGN07	21.1666666666666	1.32331171276885	1123	18.5702249873593	23.7631083459739
52	WGN07	21.5833333333334	1.32331171276885	1123	18.9868916540261	24.1797750126407
53	WGN07	26.1666666666665	1.32331171276882	1123	23.5702249873592	28.7631083459738
54	WGN07	23.524881376038	1.87186157191074	1123	19.8521417211962	27.1976210308798
55	WGN07	22.4333333333332	1.32331171276884	1123	19.8368916540259	25.0297750126406
56	WGN07	22.5833333333333	1.32331171276883	1123	19.986891654026	25.1797750126406
57	WGN07	21.4166666666667	1.32331171276882	1123	18.8202249873594	24.013108345974
58	WGN07	26.4166666666666	1.32331171276884	1123	23.8202249873593	29.0131083459739
59	WGN07	19.8333333333333	1.32331171276882	1123	17.236891654026	22.4297750126406
60	WGN07	22.0833333333334	1.32331171276886	1123	19.486891654026	24.6797750126407
61	WGN07	27.4166666666667	1.32331171276887	1123	24.8202249873593	30.0131083459741
62	WGN07	15.8084519572954	1.87186157191067	1123	12.1357123024537	19.4811916121371
63	WGN07	23.9999999999999	1.32331171276881	1123	21.4035583206927	26.5964416793072
64	WGN07	21.1666666666666	1.32331171276884	1123	18.5702249873593	23.763108345974
66	WGN07	27.7499999999997	1.32331171276886	1123	25.1535583206924	30.3464416793071
67	WGN07	22.5833333333333	1.32331171276884	1123	19.986891654026	25.1797750126406
68	WGN07	19	1.32331171276885	1123	16.4035583206927	21.5964416793073
69	WGN07	25.75	1.32331171276888	1123	23.1535583206926	28.3464416793075
71	WGN07	24.4166666666667	1.32331171276883	1123	21.8202249873594	27.013108345974
73	WGN07	27.7499999999999	1.32331171276882	1123	25.1535583206926	30.3464416793072
74	WGN07	20.1666666666667	1.32331171276886	1123	17.5702249873593	22.763108345974
75	WGN07	18.3333333333333	1.32331171276885	1123	15.736891654026	20.9297750126407
76	WGN07	21.3333333333335	1.32331171276883	1123	18.7368916540261	23.9297750126408
77	WGN07	23.8333333333333	1.32331171276885	1123	21.236891654026	26.4297750126407
78	WGN07	21.4166666666669	1.32331171276881	1123	18.8202249873596	24.0131083459741
79	WGN07	23.3333333333332	1.32331171276884	1123	20.7368916540259	25.9297750126406
80	WGN07	21.4999999999999	1.32331171276881	1123	18.9035583206926	24.0964416793072
81	WGN07	23.8333333333332	1.32331171276885	1123	21.2368916540258	26.4297750126405
82	WGN07	20.5833333333332	1.32331171276887	1123	17.9868916540258	23.1797750126406
83	WGN07	22.0833333333333	1.32331171276885	1123	19.4868916540259	24.6797750126406
84	WGN07	23.5	1.3233117127688	1123	20.9035583206927	26.0964416793072
85	WGN07	23.6666666666666	1.32331171276884	1123	21.0702249873593	26.2631083459739
86	WGN07	20.0833333333333	1.32331171276882	1123	17.4868916540261	22.6797750126406
87	WGN07	21.7500000000001	1.32331171276884	1123	19.1535583206928	24.3464416793074
88	WGN07	23.3333333333333	1.32331171276887	1123	20.736891654026	25.9297750126407
89	WGN07	17.8333333333334	1.32331171276883	1123	15.2368916540261	20.4297750126407
90	WGN07	24.8333333333333	1.32331171276882	1123	22.2368916540261	27.4297750126406
91	WGN07	21.5833333333333	1.32331171276885	1123	18.986891654026	24.1797750126407
92	WGN07	20.7499999999997	1.32331171276885	1123	18.1535583206924	23.3464416793071
93	WGN07	22.6666666666666	1.32331171276884	1123	20.0702249873593	25.2631083459739
94	WGN07	21.2500000000001	1.32331171276885	1123	18.6535583206928	23.8464416793075
95	WGN07	23.4166666666666	1.32331171276887	1123	20.8202249873592	26.013108345974
96	WGN07	18.9166666666666	1.32331171276885	1123	16.3202249873593	21.513108345974
97	WGN07	22.5833333333333	1.32331171276885	1123	19.986891654026	25.1797750126407
98	WGN07	20.4999999999998	1.32331171276887	1123	17.9035583206924	23.0964416793072
99	WGN07	22.8333333333333	1.32331171276884	1123	20.236891654026	25.4297750126406
100	WGN07	25.6666666666666	1.32331171276885	1123	23.0702249873593	28.263108345974
101	WGN07	24.3333333333333	1.32331171276884	1123	21.7368916540259	26.9297750126406
102	WGN07	22.4999999999999	1.32331171276885	1123	19.9035583206926	25.0964416793073
103	WGN07	20.6666666666667	1.32331171276882	1123	18.0702249873594	23.263108345974
104	WGN07	26.3333333333334	1.32331171276885	1123	23.7368916540261	28.9297750126408
105	WGN07	19.7499999999999	1.32331171276885	1123	17.1535583206926	22.3464416793073
106	WGN07	23.5833333333333	1.32331171276885	1123	20.986891654026	26.1797750126407
107	WGN07	23.75	1.32331171276885	1123	21.1535583206926	26.3464416793073
108	WGN07	24.4166666666666	1.32331171276879	1123	21.8202249873593	27.0131083459738
109	WGN07	23.3333333333333	1.32331171276884	1123	20.736891654026	25.9297750126407
110	WGN07	25.6666666666666	1.32331171276882	1123	23.0702249873593	28.2631083459739
111	WGN07	22.3333333333333	1.32331171276884	1123	19.736891654026	24.9297750126406
112	WGN07	21.6666666666666	1.32331171276887	1123	19.0702249873592	24.263108345974
113	WGN07	21	1.32331171276884	1123	18.4035583206926	23.5964416793073
114	WGN07	22.3333333333332	1.32331171276884	1123	19.7368916540259	24.9297750126406
115	WGN07	25.9999999999999	1.32331171276884	1123	23.4035583206926	28.5964416793073
116	WGN07	25.75	1.32331171276884	1123	23.1535583206926	28.3464416793073
117	WGN07	24.5833333333334	1.32331171276884	1123	21.9868916540261	27.1797750126407
118	WGN07	22.4999999999999	1.32331171276886	1123	19.9035583206926	25.0964416793073
119	WGN07	25.5	1.32331171276886	1123	22.9035583206927	28.0964416793074
120	WGN07	22.4166666666666	1.32331171276885	1123	19.8202249873593	25.013108345974
121	WGN07	21.6666666666667	1.32331171276884	1123	19.0702249873593	24.263108345974
122	WGN07	18.6417852906287	1.87186157191068	1123	14.969045635787	22.3145249454704
123	WGN07	23.6666666666666	1.32331171276886	1123	21.0702249873592	26.2631083459739
124	WGN07	24.6666666666666	1.32331171276885	1123	22.0702249873592	27.2631083459739
125	WGN07	22.5833333333332	1.32331171276884	1123	19.9868916540258	25.1797750126405
126	WGN07	23.4166666666666	1.32331171276885	1123	20.8202249873593	26.0131083459739
127	WGN07	26.1666666666666	1.32331171276883	1123	23.5702249873593	28.7631083459739
128	WGN07	22.5833333333333	1.32331171276884	1123	19.986891654026	25.1797750126406
129	WGN07	25.8333333333333	1.32331171276887	1123	23.236891654026	28.4297750126407
130	WGN07	25.0833333333333	1.32331171276885	1123	22.486891654026	27.6797750126407
1	WGN15	26.8333333333334	1.32331171276892	1123	24.2368916540259	29.4297750126408
2	WGN15	22.1666666666669	1.32331171276884	1123	19.5702249873596	24.7631083459742
3	WGN15	25.6666666666669	1.32331171276882	1123	23.0702249873596	28.2631083459741
4	WGN15	22.8333333333337	1.32331171276883	1123	20.2368916540264	25.4297750126409
5	WGN15	23.5833333333334	1.32331171276886	1123	20.986891654026	26.1797750126407
7	WGN15	24.8333333333335	1.32331171276884	1123	22.2368916540262	27.4297750126408
8	WGN15	27.1666666666669	1.32331171276883	1123	24.5702249873596	29.7631083459742
9	WGN15	24.0833333333335	1.32331171276883	1123	21.4868916540262	26.6797750126408
10	WGN15	24.0833333333336	1.32331171276881	1123	21.4868916540263	26.6797750126409
11	WGN15	24.2500000000002	1.32331171276885	1123	21.6535583206928	26.8464416793075
12	WGN15	23.0000000000002	1.32331171276883	1123	20.4035583206929	25.5964416793075
13	WGN15	23.5833333333334	1.32331171276884	1123	20.9868916540261	26.1797750126407
14	WGN15	26.4166666666668	1.32331171276886	1123	23.8202249873595	29.0131083459742
15	WGN15	21.6666666666667	1.32331171276885	1123	19.0702249873594	24.2631083459741
16	WGN15	22.0000000000003	1.32331171276881	1123	19.403558320693	24.5964416793075
17	WGN15	26.9751186239623	1.87186157191068	1123	23.3023789691206	30.647858278804
18	WGN15	23.6666666666668	1.32331171276885	1123	21.0702249873595	26.2631083459741
19	WGN15	24.1666666666669	1.32331171276883	1123	21.5702249873596	26.7631083459742
20	WGN15	31.75	1.32331171276883	1123	29.1535583206927	34.3464416793073
21	WGN15	25.0833333333334	1.32331171276883	1123	22.4868916540261	27.6797750126407
22	WGN15	19.9166666666669	1.32331171276884	1123	17.3202249873596	22.5131083459742
23	WGN15	23.2500000000001	1.32331171276885	1123	20.6535583206928	25.8464416793075
24	WGN15	18.3084519572955	1.87186157191068	1123	14.6357123024538	21.9811916121372
25	WGN15	26.0000000000001	1.32331171276885	1123	23.4035583206928	28.5964416793075
26	WGN15	27.5833333333334	1.32331171276882	1123	24.9868916540261	30.1797750126407
27	WGN15	26.0000000000001	1.32331171276887	1123	23.4035583206927	28.5964416793075
28	WGN15	23.3333333333334	1.32331171276886	1123	20.736891654026	25.9297750126407
29	WGN15	22.8333333333335	1.32331171276885	1123	20.2368916540261	25.4297750126408
30	WGN15	26.1666666666669	1.32331171276884	1123	23.5702249873595	28.7631083459742
31	WGN15	21.9751186239622	1.8718615719107	1123	18.3023789691204	25.6478582788039
32	WGN15	27.3333333333336	1.32331171276884	1123	24.7368916540262	29.9297750126409
33	WGN15	28.4166666666669	1.32331171276885	1123	25.8202249873595	31.0131083459742
34	WGN15	23.6666666666668	1.32331171276883	1123	21.0702249873595	26.2631083459741
35	WGN15	27.8333333333335	1.32331171276884	1123	25.2368916540262	30.4297750126408
36	WGN15	22.5000000000003	1.32331171276882	1123	19.903558320693	25.0964416793075
37	WGN15	26.7500000000001	1.32331171276883	1123	24.1535583206928	29.3464416793074
38	WGN15	18.2500000000003	1.32331171276885	1123	15.653558320693	20.8464416793076
39	WGN15	23.1666666666669	1.3233117127688	1123	20.5702249873596	25.7631083459741
40	WGN15	25.4166666666667	1.32331171276884	1123	22.8202249873594	28.013108345974
41	WGN15	25.0000000000001	1.32331171276885	1123	22.4035583206928	27.5964416793075
43	WGN15	25.3333333333335	1.32331171276884	1123	22.7368916540261	27.9297750126408
44	WGN15	26.3333333333335	1.32331171276885	1123	23.7368916540262	28.9297750126408
45	WGN15	23.3333333333334	1.32331171276885	1123	20.736891654026	25.9297750126407
46	WGN15	27.6666666666669	1.32331171276886	1123	25.0702249873596	30.2631083459743
47	WGN15	22.3333333333334	1.32331171276883	1123	19.7368916540261	24.9297750126407
48	WGN15	22.5833333333334	1.32331171276885	1123	19.986891654026	25.1797750126407
50	WGN15	23.6000000000004	1.32331171276881	1123	21.0035583206931	26.1964416793076
51	WGN15	24.8333333333333	1.32331171276886	1123	22.236891654026	27.4297750126407
52	WGN15	24.2500000000002	1.32331171276883	1123	21.6535583206929	26.8464416793075
53	WGN15	22.4751186239622	1.8718615719107	1123	18.8023789691204	26.1478582788039
54	WGN15	25.3084519572955	1.87186157191068	1123	21.6357123024538	28.9811916121372
55	WGN15	25.6666666666668	1.32331171276885	1123	23.0702249873595	28.2631083459741
56	WGN15	25.3333333333336	1.32331171276883	1123	22.7368916540263	27.9297750126409
57	WGN15	20.0000000000001	1.32331171276884	1123	17.4035583206928	22.5964416793074
58	WGN15	30.5833333333334	1.32331171276886	1123	27.986891654026	33.1797750126407
59	WGN15	28.7500000000001	1.32331171276883	1123	26.1535583206928	31.3464416793074
60	WGN15	24.5	1.32331171276885	1123	21.9035583206927	27.0964416793074
61	WGN15	24.8333333333334	1.32331171276883	1123	22.2368916540261	27.4297750126407
62	WGN15	24.3333333333334	1.32331171276885	1123	21.736891654026	26.9297750126407
63	WGN15	24.3333333333335	1.32331171276885	1123	21.7368916540262	26.9297750126409
64	WGN15	20.8333333333333	1.32331171276886	1123	18.2368916540259	23.4297750126406
65	WGN15	21.6666666666667	1.32331171276884	1123	19.0702249873594	24.2631083459741
66	WGN15	20.5000000000002	1.32331171276883	1123	17.9035583206929	23.0964416793075
67	WGN15	25.1666666666668	1.32331171276885	1123	22.5702249873595	27.7631083459742
69	WGN15	19.9500000000002	1.32331171276883	1123	17.3535583206929	22.5464416793075
70	WGN15	24.0000000000001	1.32331171276885	1123	21.4035583206928	26.5964416793075
71	WGN15	23.8333333333336	1.32331171276883	1123	21.2368916540263	26.4297750126409
72	WGN15	25.7500000000001	1.32331171276883	1123	23.1535583206928	28.3464416793074
73	WGN15	31.5000000000001	1.32331171276884	1123	28.9035583206928	34.0964416793074
74	WGN15	24.2500000000001	1.32331171276885	1123	21.6535583206928	26.8464416793075
75	WGN15	24.3333333333333	1.32331171276886	1123	21.736891654026	26.9297750126407
77	WGN15	26.5833333333335	1.32331171276885	1123	23.9868916540261	29.1797750126408
78	WGN15	21.5000000000002	1.32331171276884	1123	18.9035583206928	24.0964416793075
79	WGN15	31.0833333333336	1.32331171276885	1123	28.4868916540262	33.6797750126409
80	WGN15	26.1666666666668	1.32331171276884	1123	23.5702249873595	28.7631083459742
81	WGN15	26.5000000000001	1.32331171276881	1123	23.9035583206929	29.0964416793074
82	WGN15	26.8333333333334	1.32331171276885	1123	24.2368916540261	29.4297750126408
83	WGN15	24.1666666666668	1.32331171276883	1123	21.5702249873594	26.7631083459741
84	WGN15	27.0000000000001	1.32331171276884	1123	24.4035583206928	29.5964416793074
85	WGN15	28.0833333333335	1.32331171276886	1123	25.4868916540261	30.6797750126408
86	WGN15	24.5000000000003	1.32331171276883	1123	21.903558320693	27.0964416793076
87	WGN15	23.0833333333336	1.32331171276883	1123	20.4868916540263	25.6797750126409
88	WGN15	26.3333333333334	1.32331171276884	1123	23.7368916540261	28.9297750126407
89	WGN15	24.5833333333335	1.32331171276885	1123	21.9868916540262	27.1797750126408
90	WGN15	26.3333333333334	1.32331171276884	1123	23.7368916540261	28.9297750126407
91	WGN15	24.916666666667	1.32331171276885	1123	22.3202249873597	27.5131083459744
92	WGN15	20.7500000000002	1.32331171276882	1123	18.1535583206929	23.3464416793075
93	WGN15	25.4166666666668	1.32331171276885	1123	22.8202249873594	28.0131083459741
94	WGN15	25.5000000000001	1.3233117127688	1123	22.9035583206929	28.0964416793074
95	WGN15	22.3333333333334	1.32331171276885	1123	19.7368916540261	24.9297750126408
96	WGN15	23.7500000000001	1.32331171276885	1123	21.1535583206928	26.3464416793075
97	WGN15	25.5833333333335	1.32331171276884	1123	22.9868916540262	28.1797750126408
98	WGN15	27.5833333333335	1.32331171276884	1123	24.9868916540262	30.1797750126408
99	WGN15	20.5000000000002	1.32331171276882	1123	17.9035583206929	23.0964416793074
100	WGN15	22.2500000000002	1.32331171276884	1123	19.6535583206928	24.8464416793075
101	WGN15	27.5833333333335	1.32331171276884	1123	24.9868916540261	30.1797750126408
102	WGN15	21.9166666666668	1.32331171276884	1123	19.3202249873595	24.5131083459741
103	WGN15	17.1666666666667	1.32331171276885	1123	14.5702249873594	19.7631083459741
104	WGN15	25.8333333333334	1.32331171276885	1123	23.236891654026	28.4297750126407
106	WGN15	26.5000000000001	1.32331171276884	1123	23.9035583206928	29.0964416793074
107	WGN15	25.1666666666668	1.32331171276885	1123	22.5702249873595	27.7631083459741
108	WGN15	25.2500000000001	1.32331171276882	1123	22.6535583206928	27.8464416793073
109	WGN15	24.4166666666668	1.32331171276885	1123	21.8202249873594	27.0131083459741
110	WGN15	23.4166666666668	1.32331171276883	1123	20.8202249873595	26.0131083459741
111	WGN15	24.5000000000002	1.32331171276885	1123	21.9035583206928	27.0964416793075
112	WGN15	22.3333333333335	1.32331171276883	1123	19.7368916540262	24.9297750126408
113	WGN15	30.3333333333334	1.32331171276884	1123	27.7368916540261	32.9297750126407
114	WGN15	24.0833333333333	1.32331171276885	1123	21.486891654026	26.6797750126407
115	WGN15	25.3333333333335	1.32331171276885	1123	22.7368916540262	27.9297750126409
116	WGN15	23.2500000000001	1.32331171276885	1123	20.6535583206928	25.8464416793075
117	WGN15	27.6666666666668	1.32331171276884	1123	25.0702249873595	30.2631083459741
118	WGN15	23.5	1.32331171276889	1123	20.9035583206926	26.0964416793074
119	WGN15	23.6666666666668	1.32331171276883	1123	21.0702249873596	26.2631083459741
120	WGN15	27.8333333333336	1.32331171276884	1123	25.2368916540263	30.4297750126409
121	WGN15	23.5833333333335	1.32331171276883	1123	20.9868916540261	26.1797750126408
122	WGN15	23.6666666666668	1.32331171276884	1123	21.0702249873595	26.2631083459741
123	WGN15	22.3333333333336	1.32331171276881	1123	19.7368916540263	24.9297750126409
124	WGN15	23.7500000000002	1.32331171276883	1123	21.1535583206929	26.3464416793075
125	WGN15	23.5000000000001	1.32331171276884	1123	20.9035583206928	26.0964416793074
126	WGN15	25.5000000000001	1.32331171276885	1123	22.9035583206928	28.0964416793075
127	WGN15	26.0000000000001	1.32331171276885	1123	23.4035583206927	28.5964416793074
128	WGN15	25.5833333333335	1.32331171276885	1123	22.9868916540262	28.1797750126408
129	WGN15	23.5833333333336	1.32331171276884	1123	20.9868916540263	26.1797750126409
130	WGN15	24.4166666666668	1.32331171276885	1123	21.8202249873594	27.0131083459741
3	WGN26	25.4166666666664	1.32331171276885	1123	22.8202249873591	28.0131083459738
4	WGN26	25.9999999999999	1.32331171276885	1123	23.4035583206925	28.5964416793072
5	WGN26	27.4999999999997	1.32331171276885	1123	24.9035583206923	30.096441679307
6	WGN26	26.0833333333332	1.32331171276886	1123	23.4868916540258	28.6797750126405
7	WGN26	27.4166666666664	1.32331171276885	1123	24.8202249873591	30.0131083459738
8	WGN26	27.7499999999998	1.32331171276882	1123	25.1535583206925	30.3464416793071
9	WGN26	30.0833333333332	1.32331171276885	1123	27.4868916540259	32.6797750126406
10	WGN26	25.8333333333332	1.32331171276885	1123	23.2368916540258	28.4297750126405
11	WGN26	24.083333333333	1.32331171276887	1123	21.4868916540256	26.6797750126404
12	WGN26	23.4999999999997	1.32331171276885	1123	20.9035583206924	26.0964416793071
13	WGN26	23.2499999999999	1.32331171276884	1123	20.6535583206926	25.8464416793072
14	WGN26	28.8333333333331	1.32331171276883	1123	26.2368916540258	31.4297750126404
15	WGN26	22.3333333333332	1.32331171276884	1123	19.7368916540259	24.9297750126405
17	WGN26	28.1666666666665	1.32331171276885	1123	25.5702249873592	30.7631083459738
18	WGN26	24.583333333333	1.32331171276887	1123	21.9868916540257	27.1797750126404
19	WGN26	28.0248813760377	1.87186157191066	1123	24.3521417211961	31.6976210308794
20	WGN26	28.4999999999998	1.32331171276884	1123	25.9035583206925	31.0964416793072
21	WGN26	25.2499999999999	1.32331171276882	1123	22.6535583206926	27.8464416793072
22	WGN26	22.4999999999998	1.32331171276885	1123	19.9035583206925	25.0964416793071
23	WGN26	24.4999999999999	1.32331171276884	1123	21.9035583206926	27.0964416793072
24	WGN26	28.9751186239618	1.87186157191066	1123	25.3023789691202	32.6478582788035
25	WGN26	24.6666666666665	1.32331171276882	1123	22.0702249873593	27.2631083459738
26	WGN26	20.9999999999999	1.32331171276884	1123	18.4035583206926	23.5964416793072
27	WGN26	23.5	1.32331171276882	1123	20.9035583206927	26.0964416793073
28	WGN26	30.8333333333331	1.32331171276885	1123	28.2368916540258	33.4297750126405
29	WGN26	21.9999999999997	1.32331171276885	1123	19.4035583206924	24.5964416793071
30	WGN26	28.4999999999998	1.32331171276887	1123	25.9035583206925	31.0964416793072
31	WGN26	27.4166666666665	1.32331171276885	1123	24.8202249873591	30.0131083459738
32	WGN26	23.9999999999997	1.32331171276886	1123	21.4035583206924	26.5964416793071
33	WGN26	28.6417852906286	1.8718615719107	1123	24.9690456357869	32.3145249454704
34	WGN26	24.7499999999999	1.32331171276882	1123	22.1535583206926	27.3464416793072
35	WGN26	27.1666666666665	1.32331171276885	1123	24.5702249873591	29.7631083459738
36	WGN26	26.0833333333331	1.32331171276887	1123	23.4868916540257	28.6797750126405
38	WGN26	32.9999999999998	1.32331171276884	1123	30.4035583206925	35.5964416793071
39	WGN26	30.6666666666665	1.32331171276886	1123	28.0702249873592	33.2631083459739
40	WGN26	25.1666666666665	1.32331171276883	1123	22.5702249873592	27.7631083459738
41	WGN26	18.1666666666667	1.32331171276883	1123	15.5702249873594	20.763108345974
42	WGN26	28.7499999999998	1.32331171276882	1123	26.1535583206925	31.3464416793071
43	WGN26	27.6666666666665	1.32331171276882	1123	25.0702249873593	30.2631083459738
44	WGN26	27.3333333333331	1.32331171276884	1123	24.7368916540258	29.9297750126404
45	WGN26	30.0833333333333	1.32331171276886	1123	27.4868916540259	32.6797750126406
46	WGN26	29.9166666666665	1.32331171276885	1123	27.3202249873591	32.5131083459738
47	WGN26	25.2499999999998	1.32331171276886	1123	22.6535583206924	27.8464416793071
48	WGN26	30.9999999999998	1.32331171276885	1123	28.4035583206925	33.5964416793072
49	WGN26	27.1666666666664	1.32331171276884	1123	24.5702249873591	29.7631083459737
50	WGN26	28.1666666666664	1.32331171276886	1123	25.5702249873591	30.7631083459738
51	WGN26	22.6666666666664	1.32331171276886	1123	20.070224987359	25.2631083459737
52	WGN26	29.9999999999998	1.32331171276884	1123	27.4035583206925	32.5964416793071
53	WGN26	24.6666666666664	1.32331171276885	1123	22.0702249873591	27.2631083459737
54	WGN26	25.7499999999998	1.32331171276885	1123	23.1535583206924	28.3464416793071
55	WGN26	22.75	1.32331171276883	1123	20.1535583206927	25.3464416793072
56	WGN26	25.4999999999999	1.32331171276882	1123	22.9035583206926	28.0964416793072
57	WGN26	26.9166666666665	1.32331171276883	1123	24.3202249873592	29.5131083459738
58	WGN26	28.6666666666665	1.32331171276882	1123	26.0702249873592	31.2631083459738
59	WGN26	29.6915480427045	1.87186157191068	1123	26.0188083878628	33.3642876975462
60	WGN26	25.9999999999998	1.32331171276883	1123	23.4035583206925	28.5964416793071
61	WGN26	27.3333333333331	1.32331171276884	1123	24.7368916540258	29.9297750126405
62	WGN26	28.2499999999998	1.32331171276883	1123	25.6535583206925	30.8464416793071
64	WGN26	27.0833333333332	1.32331171276884	1123	24.4868916540259	29.6797750126405
65	WGN26	27.9166666666664	1.32331171276884	1123	25.3202249873591	30.5131083459737
66	WGN26	24.4999999999998	1.32331171276886	1123	21.9035583206925	27.0964416793072
67	WGN26	27.7499999999999	1.32331171276885	1123	25.1535583206925	30.3464416793072
68	WGN26	29.3333333333331	1.32331171276884	1123	26.7368916540258	31.9297750126405
69	WGN26	24.9999999999999	1.32331171276884	1123	22.4035583206926	27.5964416793072
70	WGN26	25.4166666666664	1.32331171276883	1123	22.8202249873591	28.0131083459737
71	WGN26	26.7499999999997	1.32331171276884	1123	24.1535583206924	29.3464416793071
72	WGN26	24.3582147093711	1.87186157191069	1123	20.6854750545294	28.0309543642128
73	WGN26	23.9999999999998	1.32331171276883	1123	21.4035583206925	26.5964416793071
74	WGN26	32.4999999999998	1.32331171276885	1123	29.9035583206925	35.0964416793071
75	WGN26	25.7499999999998	1.32331171276885	1123	23.1535583206925	28.3464416793072
76	WGN26	25.1666666666664	1.32331171276883	1123	22.5702249873591	27.7631083459737
77	WGN26	24.5833333333331	1.32331171276885	1123	21.9868916540258	27.1797750126404
78	WGN26	24.3333333333331	1.32331171276884	1123	21.7368916540258	26.9297750126404
79	WGN26	26.3084519572951	1.87186157191066	1123	22.6357123024535	29.9811916121368
80	WGN26	29.1666666666665	1.32331171276884	1123	26.5702249873592	31.7631083459739
81	WGN26	25.3333333333332	1.32331171276885	1123	22.7368916540258	27.9297750126405
82	WGN26	25.3333333333331	1.32331171276885	1123	22.7368916540258	27.9297750126404
83	WGN26	28.8333333333331	1.32331171276884	1123	26.2368916540258	31.4297750126405
85	WGN26	27.5248813760377	1.87186157191068	1123	23.852141721196	31.1976210308794
86	WGN26	19.5248813760377	1.87186157191072	1123	15.8521417211959	23.1976210308794
87	WGN26	22.7499999999998	1.32331171276884	1123	20.1535583206925	25.3464416793071
88	WGN26	23.6666666666665	1.32331171276884	1123	21.0702249873592	26.2631083459738
89	WGN26	29.0833333333332	1.32331171276884	1123	26.4868916540258	31.6797750126405
90	WGN26	28.6666666666666	1.32331171276884	1123	26.0702249873592	31.2631083459739
91	WGN26	22.9999999999998	1.32331171276884	1123	20.4035583206925	25.5964416793071
92	WGN26	22.5833333333331	1.32331171276885	1123	19.9868916540257	25.1797750126404
93	WGN26	26.6666666666665	1.32331171276884	1123	24.0702249873591	29.2631083459738
94	WGN26	30.4999999999998	1.32331171276885	1123	27.9035583206925	33.0964416793072
95	WGN26	26.5833333333332	1.32331171276886	1123	23.9868916540258	29.1797750126405
96	WGN26	28.4166666666665	1.32331171276885	1123	25.8202249873592	31.0131083459739
97	WGN26	25.8333333333331	1.32331171276884	1123	23.2368916540258	28.4297750126404
98	WGN26	28.4999999999997	1.32331171276884	1123	25.9035583206924	31.0964416793071
99	WGN26	27.1666666666665	1.32331171276885	1123	24.5702249873591	29.7631083459738
100	WGN26	21.1915480427044	1.87186157191072	1123	17.5188083878626	24.8642876975462
101	WGN26	27.8333333333332	1.32331171276884	1123	25.2368916540259	30.4297750126405
102	WGN26	26.1666666666665	1.32331171276884	1123	23.5702249873592	28.7631083459738
103	WGN26	19.5833333333331	1.32331171276884	1123	16.9868916540258	22.1797750126404
104	WGN26	29.1666666666664	1.32331171276884	1123	26.5702249873591	31.7631083459738
105	WGN26	24.8333333333331	1.32331171276884	1123	22.2368916540258	27.4297750126404
106	WGN26	25.9999999999998	1.32331171276884	1123	23.4035583206925	28.5964416793071
108	WGN26	25.4999999999999	1.32331171276883	1123	22.9035583206926	28.0964416793072
109	WGN26	25.4999999999998	1.32331171276885	1123	22.9035583206925	28.0964416793071
111	WGN26	23.3333333333332	1.32331171276884	1123	20.7368916540259	25.9297750126405
112	WGN26	26.1666666666665	1.32331171276885	1123	23.5702249873592	28.7631083459739
113	WGN26	19.4166666666665	1.32331171276884	1123	16.8202249873591	22.0131083459738
115	WGN26	28.4999999999998	1.32331171276884	1123	25.9035583206925	31.0964416793071
116	WGN26	28.6666666666665	1.32331171276884	1123	26.0702249873592	31.2631083459738
117	WGN26	24.0248813760377	1.87186157191071	1123	20.3521417211959	27.6976210308794
118	WGN26	24.4999999999999	1.32331171276883	1123	21.9035583206926	27.0964416793072
119	WGN26	27.4999999999999	1.32331171276885	1123	24.9035583206926	30.0964416793072
120	WGN26	18.5833333333331	1.32331171276884	1123	15.9868916540258	21.1797750126404
121	WGN26	21.3333333333331	1.32331171276884	1123	18.7368916540257	23.9297750126404
122	WGN26	24.1666666666665	1.32331171276884	1123	21.5702249873592	26.7631083459738
123	WGN26	26.0833333333331	1.32331171276884	1123	23.4868916540258	28.6797750126404
124	WGN26	16.9751186239618	1.87186157191069	1123	13.3023789691201	20.6478582788035
125	WGN26	28.6666666666664	1.32331171276885	1123	26.0702249873591	31.2631083459738
126	WGN26	21.6915480427045	1.87186157191069	1123	18.0188083878627	25.3642876975462
127	WGN26	21.6666666666665	1.32331171276884	1123	19.0702249873591	24.2631083459738
128	WGN26	25.2499999999998	1.32331171276884	1123	22.6535583206925	27.8464416793071
129	WGN26	22.0248813760378	1.87186157191069	1123	18.352141721196	25.6976210308795
130	WGN26	27.75	1.32331171276874	1123	25.1535583206929	30.3464416793071
1	WGN36	26.8084519572952	1.87186157191063	1123	23.1357123024536	30.4811916121368
2	WGN36	26.5	1.32331171276887	1123	23.9035583206926	29.0964416793073
4	WGN36	24.9166666666668	1.32331171276881	1123	22.3202249873595	27.513108345974
5	WGN36	25.6666666666667	1.32331171276882	1123	23.0702249873594	28.263108345974
6	WGN36	27.8333333333333	1.32331171276883	1123	25.236891654026	30.4297750126406
7	WGN36	25.1666666666668	1.3233117127688	1123	22.5702249873596	27.763108345974
8	WGN36	24.3333333333334	1.32331171276882	1123	21.7368916540261	26.9297750126407
9	WGN36	24.8084519572953	1.87186157191067	1123	21.1357123024536	28.481191612137
10	WGN36	24.4166666666667	1.32331171276884	1123	21.8202249873594	27.013108345974
11	WGN36	24.8333333333334	1.32331171276886	1123	22.236891654026	27.4297750126407
12	WGN36	22.475118623962	1.87186157191071	1123	18.8023789691202	26.1478582788037
13	WGN36	26.0833333333333	1.32331171276884	1123	23.486891654026	28.6797750126406
14	WGN36	20.5	1.32331171276884	1123	17.9035583206927	23.0964416793073
15	WGN36	27.4166666666667	1.32331171276882	1123	24.8202249873594	30.0131083459739
16	WGN36	25.0833333333333	1.32331171276885	1123	22.486891654026	27.6797750126407
17	WGN36	26.9166666666667	1.32331171276886	1123	24.3202249873594	29.5131083459741
18	WGN36	23.8333333333334	1.32331171276884	1123	21.2368916540261	26.4297750126407
19	WGN36	24.75	1.32331171276883	1123	22.1535583206927	27.3464416793073
20	WGN36	25.25	1.32331171276885	1123	22.6535583206927	27.8464416793074
21	WGN36	30.25	1.32331171276884	1123	27.6535583206927	32.8464416793073
22	WGN36	23.6166666666668	1.32331171276882	1123	21.0202249873595	26.2131083459741
23	WGN36	25.75	1.32331171276883	1123	23.1535583206927	28.3464416793073
24	WGN36	25.6666666666668	1.32331171276882	1123	23.0702249873595	28.263108345974
26	WGN36	27.2166666666667	1.32331171276885	1123	24.6202249873593	29.813108345974
27	WGN36	27	1.32331171276884	1123	24.4035583206927	29.5964416793073
28	WGN36	24.3333333333335	1.32331171276881	1123	21.7368916540262	26.9297750126407
30	WGN36	28.0833333333333	1.32331171276884	1123	25.486891654026	30.6797750126406
31	WGN36	23.5	1.32331171276883	1123	20.9035583206928	26.0964416793073
32	WGN36	26	1.32331171276886	1123	23.4035583206926	28.5964416793074
33	WGN36	23.8333333333333	1.32331171276883	1123	21.236891654026	26.4297750126406
34	WGN36	24.3333333333333	1.32331171276886	1123	21.736891654026	26.9297750126407
35	WGN36	27.25	1.32331171276885	1123	24.6535583206926	29.8464416793073
36	WGN36	27.5833333333332	1.32331171276882	1123	24.986891654026	30.1797750126405
37	WGN36	25.3333333333334	1.32331171276884	1123	22.7368916540261	27.9297750126407
38	WGN36	26.475118623962	1.87186157191068	1123	22.8023789691203	30.1478582788037
39	WGN36	21.0833333333334	1.32331171276883	1123	18.4868916540261	23.6797750126407
40	WGN36	28	1.32331171276883	1123	25.4035583206927	30.5964416793073
41	WGN36	23.9166666666666	1.32331171276885	1123	21.3202249873593	26.513108345974
42	WGN36	25.5	1.32331171276884	1123	22.9035583206927	28.0964416793074
43	WGN36	25.5833333333334	1.32331171276882	1123	22.9868916540261	28.1797750126407
44	WGN36	27.1666666666667	1.32331171276885	1123	24.5702249873594	29.7631083459741
45	WGN36	24.3833333333333	1.32331171276886	1123	21.7868916540259	26.9797750126406
46	WGN36	21.6417852906287	1.8718615719107	1123	17.969045635787	25.3145249454705
47	WGN36	29.6666666666667	1.32331171276885	1123	27.0702249873594	32.2631083459741
48	WGN36	25.2500000000001	1.32331171276884	1123	22.6535583206927	27.8464416793074
49	WGN36	22.0833333333335	1.32331171276882	1123	19.4868916540262	24.6797750126408
51	WGN36	22.5833333333334	1.32331171276884	1123	19.986891654026	25.1797750126407
52	WGN36	25.25	1.32331171276882	1123	22.6535583206928	27.8464416793073
53	WGN36	24.25	1.32331171276885	1123	21.6535583206927	26.8464416793073
54	WGN36	22.1666666666666	1.32331171276886	1123	19.5702249873592	24.7631083459739
55	WGN36	22.5833333333334	1.32331171276884	1123	19.9868916540261	25.1797750126407
56	WGN36	24.6666666666667	1.32331171276885	1123	22.0702249873593	27.263108345974
57	WGN36	28.1666666666667	1.32331171276883	1123	25.5702249873594	30.763108345974
58	WGN36	26.6666666666667	1.32331171276885	1123	24.0702249873594	29.2631083459741
59	WGN36	26.9166666666667	1.32331171276885	1123	24.3202249873593	29.513108345974
60	WGN36	25.75	1.32331171276884	1123	23.1535583206927	28.3464416793073
62	WGN36	23.6666666666668	1.32331171276883	1123	21.0702249873595	26.2631083459741
64	WGN36	24.25	1.32331171276885	1123	21.6535583206927	26.8464416793073
65	WGN36	30.1666666666667	1.32331171276884	1123	27.5702249873593	32.763108345974
66	WGN36	22.6666666666667	1.32331171276885	1123	20.0702249873594	25.263108345974
68	WGN36	27.9166666666667	1.32331171276885	1123	25.3202249873594	30.513108345974
69	WGN36	24.0833333333334	1.32331171276884	1123	21.4868916540261	26.6797750126407
70	WGN36	30.7500000000001	1.32331171276884	1123	28.1535583206928	33.3464416793074
71	WGN36	26.4166666666667	1.32331171276884	1123	23.8202249873593	29.013108345974
72	WGN36	26.6666666666667	1.32331171276883	1123	24.0702249873594	29.263108345974
74	WGN36	25.5833333333334	1.32331171276884	1123	22.9868916540261	28.1797750126407
75	WGN36	25.0833333333334	1.32331171276885	1123	22.486891654026	27.6797750126407
76	WGN36	29.8333333333334	1.32331171276884	1123	27.2368916540261	32.4297750126407
77	WGN36	27	1.32331171276884	1123	24.4035583206927	29.5964416793073
78	WGN36	23.5	1.32331171276885	1123	20.9035583206926	26.0964416793073
79	WGN36	29.5000000000001	1.32331171276885	1123	26.9035583206927	32.0964416793074
80	WGN36	24.6666666666667	1.32331171276884	1123	22.0702249873594	27.263108345974
81	WGN36	31.8333333333334	1.32331171276885	1123	29.2368916540261	34.4297750126407
82	WGN36	26.6666666666667	1.32331171276884	1123	24.0702249873593	29.263108345974
83	WGN36	25.0833333333334	1.32331171276884	1123	22.4868916540261	27.6797750126407
84	WGN36	26.6666666666667	1.32331171276883	1123	24.0702249873593	29.263108345974
85	WGN36	21.3333333333333	1.32331171276885	1123	18.736891654026	23.9297750126406
86	WGN36	24.1666666666667	1.32331171276884	1123	21.5702249873594	26.763108345974
87	WGN36	26.75	1.32331171276884	1123	24.1535583206927	29.3464416793073
88	WGN36	26.1666666666667	1.32331171276885	1123	23.5702249873593	28.763108345974
89	WGN36	24.6666666666667	1.32331171276884	1123	22.0702249873594	27.263108345974
90	WGN36	19.4166666666667	1.32331171276884	1123	16.8202249873594	22.013108345974
92	WGN36	20.1666666666668	1.32331171276883	1123	17.5702249873595	22.7631083459741
93	WGN36	26.6666666666667	1.32331171276884	1123	24.0702249873594	29.263108345974
94	WGN36	27	1.32331171276884	1123	24.4035583206927	29.5964416793073
95	WGN36	25.8333333333333	1.32331171276885	1123	23.236891654026	28.4297750126407
96	WGN36	27.3333333333333	1.32331171276884	1123	24.736891654026	29.9297750126407
97	WGN36	28.5	1.32331171276885	1123	25.9035583206927	31.0964416793073
98	WGN36	25.1666666666667	1.32331171276885	1123	22.5702249873594	27.763108345974
99	WGN36	23.0833333333334	1.32331171276885	1123	20.486891654026	25.6797750126407
100	WGN36	29.1666666666667	1.32331171276884	1123	26.5702249873594	31.763108345974
102	WGN36	28.3333333333333	1.32331171276884	1123	25.736891654026	30.9297750126406
104	WGN36	25.5833333333333	1.32331171276884	1123	22.986891654026	28.1797750126407
105	WGN36	25.0833333333334	1.32331171276884	1123	22.486891654026	27.6797750126407
106	WGN36	23.75	1.32331171276884	1123	21.1535583206927	26.3464416793073
107	WGN36	25.6666666666667	1.32331171276884	1123	23.0702249873594	28.263108345974
108	WGN36	26.6417852906287	1.87186157191069	1123	22.969045635787	30.3145249454705
109	WGN36	26.8333333333333	1.32331171276884	1123	24.236891654026	29.4297750126406
110	WGN36	22.9166666666667	1.32331171276885	1123	20.3202249873594	25.5131083459741
112	WGN36	23.25	1.32331171276885	1123	20.6535583206927	25.8464416793073
114	WGN36	24.5	1.32331171276884	1123	21.9035583206927	27.0964416793073
116	WGN36	27.9166666666667	1.32331171276884	1123	25.3202249873593	30.513108345974
117	WGN36	26.75	1.32331171276884	1123	24.1535583206927	29.3464416793073
118	WGN36	24.6666666666667	1.32331171276884	1123	22.0702249873593	27.263108345974
119	WGN36	30.3333333333333	1.32331171276884	1123	27.736891654026	32.9297750126407
120	WGN36	27.6666666666666	1.32331171276885	1123	25.0702249873593	30.263108345974
121	WGN36	27.0833333333333	1.32331171276885	1123	24.486891654026	29.6797750126407
122	WGN36	24.6666666666666	1.32331171276885	1123	22.0702249873593	27.263108345974
123	WGN36	24	1.32331171276884	1123	21.4035583206927	26.5964416793073
124	WGN36	27.1666666666667	1.32331171276884	1123	24.5702249873593	29.763108345974
125	WGN36	29.1666666666667	1.32331171276884	1123	26.5702249873593	31.763108345974
126	WGN36	25.5	1.32331171276884	1123	22.9035583206927	28.0964416793073
127	WGN36	29.75	1.32331171276884	1123	27.1535583206927	32.3464416793073
128	WGN36	26.8333333333333	1.32331171276884	1123	24.236891654026	29.4297750126406
129	WGN36	27.75	1.32331171276885	1123	25.1535583206927	30.3464416793074
130	WGN36	26.5	1.32331171276884	1123	23.9035583206927	29.0964416793074
1	WGN38	24.9999999999997	1.32331171276885	1123	22.4035583206924	27.596441679307
2	WGN38	22.0833333333332	1.32331171276885	1123	19.4868916540259	24.6797750126406
3	WGN38	24.0833333333332	1.32331171276882	1123	21.4868916540259	26.6797750126405
4	WGN38	27.3333333333333	1.32331171276886	1123	24.7368916540259	29.9297750126406
5	WGN38	24.1666666666666	1.32331171276883	1123	21.5702249873593	26.7631083459739
6	WGN38	26.1417852906286	1.8718615719107	1123	22.4690456357869	29.8145249454704
7	WGN38	23.3333333333333	1.32331171276884	1123	20.7368916540259	25.9297750126406
8	WGN38	25.3333333333332	1.32331171276884	1123	22.7368916540259	27.9297750126406
10	WGN38	25.3333333333332	1.32331171276885	1123	22.7368916540259	27.9297750126406
11	WGN38	28.0833333333333	1.32331171276885	1123	25.486891654026	30.6797750126406
12	WGN38	29.3333333333333	1.32331171276885	1123	26.7368916540259	31.9297750126406
13	WGN38	29.2499999999999	1.32331171276884	1123	26.6535583206926	31.8464416793073
14	WGN38	27.3333333333332	1.32331171276885	1123	24.7368916540259	29.9297750126406
16	WGN38	24.9999999999999	1.32331171276883	1123	22.4035583206926	27.5964416793072
18	WGN38	27.8333333333333	1.32331171276884	1123	25.2368916540259	30.4297750126406
19	WGN38	30.6666666666665	1.32331171276884	1123	28.0702249873592	33.2631083459738
20	WGN38	23.9999999999999	1.32331171276883	1123	21.4035583206926	26.5964416793072
21	WGN38	25.9999999999999	1.32331171276884	1123	23.4035583206926	28.5964416793072
22	WGN38	27.1666666666666	1.32331171276885	1123	24.5702249873592	29.7631083459739
23	WGN38	23.3333333333332	1.32331171276885	1123	20.7368916540259	25.9297750126406
24	WGN38	26.9166666666665	1.32331171276883	1123	24.3202249873592	29.5131083459738
26	WGN38	24.0833333333332	1.32331171276884	1123	21.4868916540259	26.6797750126405
27	WGN38	24.7499999999999	1.32331171276885	1123	22.1535583206926	27.3464416793072
28	WGN38	25.0833333333333	1.32331171276885	1123	22.4868916540259	27.6797750126406
29	WGN38	27.7499999999999	1.32331171276885	1123	25.1535583206926	30.3464416793073
30	WGN38	25.4999999999999	1.32331171276884	1123	22.9035583206926	28.0964416793072
32	WGN38	26.8333333333332	1.32331171276884	1123	24.2368916540259	29.4297750126405
33	WGN38	25.4999999999999	1.32331171276884	1123	22.9035583206926	28.0964416793072
34	WGN38	25.3084519572953	1.8718615719107	1123	21.6357123024536	28.9811916121371
35	WGN38	29.3333333333332	1.32331171276884	1123	26.7368916540259	31.9297750126405
36	WGN38	26.1666666666666	1.32331171276884	1123	23.5702249873593	28.7631083459739
37	WGN38	25.6666666666666	1.32331171276884	1123	23.0702249873593	28.2631083459739
38	WGN38	25.4999999999999	1.32331171276885	1123	22.9035583206925	28.0964416793072
39	WGN38	24.2499999999999	1.32331171276885	1123	21.6535583206925	26.8464416793072
40	WGN38	27.6666666666665	1.32331171276883	1123	25.0702249873592	30.2631083459738
41	WGN38	23.1666666666665	1.32331171276885	1123	20.5702249873592	25.7631083459739
42	WGN38	24.9999999999999	1.32331171276886	1123	22.4035583206925	27.5964416793072
43	WGN38	25.6915480427045	1.87186157191068	1123	22.0188083878628	29.3642876975462
45	WGN38	22.3333333333332	1.32331171276884	1123	19.7368916540259	24.9297750126405
46	WGN38	28.3333333333332	1.32331171276884	1123	25.7368916540259	30.9297750126405
47	WGN38	26.3333333333333	1.32331171276885	1123	23.7368916540259	28.9297750126406
48	WGN38	23.6666666666666	1.32331171276885	1123	21.0702249873592	26.2631083459739
49	WGN38	26.1666666666665	1.32331171276883	1123	23.5702249873592	28.7631083459738
50	WGN38	28.5833333333333	1.32331171276884	1123	25.9868916540259	31.1797750126406
51	WGN38	24.4999999999999	1.32331171276884	1123	21.9035583206926	27.0964416793072
52	WGN38	27.9166666666666	1.32331171276885	1123	25.3202249873592	30.5131083459739
53	WGN38	26.8333333333332	1.32331171276884	1123	24.2368916540259	29.4297750126406
54	WGN38	25.9999999999999	1.32331171276884	1123	23.4035583206926	28.5964416793072
55	WGN38	20.9999999999999	1.32331171276884	1123	18.4035583206926	23.5964416793072
56	WGN38	24.9166666666666	1.32331171276884	1123	22.3202249873593	27.5131083459739
59	WGN38	26.7499999999999	1.32331171276884	1123	24.1535583206926	29.3464416793072
61	WGN38	25.8333333333333	1.32331171276884	1123	23.2368916540259	28.4297750126406
63	WGN38	27.7499999999999	1.32331171276884	1123	25.1535583206926	30.3464416793072
64	WGN38	25.7499999999999	1.32331171276885	1123	23.1535583206926	28.3464416793072
65	WGN38	26.7499999999999	1.32331171276884	1123	24.1535583206926	29.3464416793072
66	WGN38	27.4166666666666	1.32331171276884	1123	24.8202249873592	30.0131083459739
67	WGN38	23.7499999999999	1.32331171276884	1123	21.1535583206926	26.3464416793072
68	WGN38	25.1666666666666	1.32331171276884	1123	22.5702249873593	27.7631083459739
69	WGN38	25.5833333333333	1.32331171276884	1123	22.9868916540259	28.1797750126406
70	WGN38	23.8333333333332	1.32331171276884	1123	21.2368916540259	26.4297750126405
72	WGN38	23.2499999999999	1.32331171276884	1123	20.6535583206926	25.8464416793072
73	WGN38	26.6666666666666	1.32331171276884	1123	24.0702249873593	29.2631083459739
74	WGN38	27.6666666666665	1.32331171276884	1123	25.0702249873592	30.2631083459739
76	WGN38	24.9166666666666	1.32331171276884	1123	22.3202249873593	27.5131083459739
77	WGN38	25.9999999999999	1.32331171276884	1123	23.4035583206926	28.5964416793072
78	WGN38	25.6666666666665	1.32331171276884	1123	23.0702249873592	28.2631083459739
80	WGN38	24.6666666666666	1.32331171276884	1123	22.0702249873592	27.2631083459739
81	WGN38	23.3333333333332	1.32331171276884	1123	20.7368916540259	25.9297750126406
82	WGN38	27.4999999999999	1.32331171276884	1123	24.9035583206926	30.0964416793072
83	WGN38	23.1666666666666	1.32331171276884	1123	20.5702249873592	25.7631083459739
84	WGN38	26.3333333333332	1.32331171276884	1123	23.7368916540259	28.9297750126406
85	WGN38	26.7499999999999	1.32331171276884	1123	24.1535583206926	29.3464416793072
86	WGN38	26.8333333333333	1.32331171276884	1123	24.2368916540259	29.4297750126406
87	WGN38	23.8333333333332	1.32331171276884	1123	21.2368916540259	26.4297750126405
88	WGN38	26.6666666666666	1.32331171276884	1123	24.0702249873593	29.2631083459739
89	WGN38	24.9166666666666	1.32331171276884	1123	22.3202249873592	27.5131083459739
90	WGN38	24.7499999999999	1.32331171276884	1123	22.1535583206926	27.3464416793072
91	WGN38	27.4999999999999	1.32331171276884	1123	24.9035583206926	30.0964416793072
92	WGN38	30.3333333333332	1.32331171276884	1123	27.7368916540259	32.9297750126405
93	WGN38	28.4166666666666	1.32331171276884	1123	25.8202249873592	31.0131083459739
94	WGN38	28.3333333333332	1.32331171276884	1123	25.7368916540259	30.9297750126406
95	WGN38	28.3333333333333	1.32331171276884	1123	25.7368916540259	30.9297750126406
96	WGN38	25.9166666666666	1.32331171276884	1123	23.3202249873593	28.5131083459739
97	WGN38	24.3333333333332	1.32331171276884	1123	21.7368916540259	26.9297750126406
98	WGN38	22.4166666666666	1.32331171276884	1123	19.8202249873593	25.0131083459739
99	WGN38	22.2499999999999	1.32331171276884	1123	19.6535583206926	24.8464416793072
100	WGN38	22.9999999999999	1.32331171276884	1123	20.4035583206926	25.5964416793072
101	WGN38	25.7499999999999	1.32331171276884	1123	23.1535583206926	28.3464416793072
102	WGN38	27.1666666666665	1.32331171276884	1123	24.5702249873592	29.7631083459739
103	WGN38	26.8333333333332	1.32331171276884	1123	24.2368916540259	29.4297750126405
104	WGN38	30.3333333333333	1.32331171276884	1123	27.7368916540259	32.9297750126406
106	WGN38	27.3084519572952	1.87186157191069	1123	23.6357123024535	30.981191612137
107	WGN38	22.4999999999999	1.32331171276884	1123	19.9035583206926	25.0964416793072
108	WGN38	29.3582147093712	1.87186157191069	1123	25.6854750545294	33.0309543642129
109	WGN38	27.5248813760379	1.87186157191069	1123	23.8521417211962	31.1976210308796
110	WGN38	21.7499999999999	1.32331171276884	1123	19.1535583206926	24.3464416793072
111	WGN38	24.1666666666666	1.32331171276884	1123	21.5702249873592	26.7631083459739
112	WGN38	26.9751186239619	1.87186157191069	1123	23.3023789691202	30.6478582788037
113	WGN38	25.8333333333333	1.32331171276884	1123	23.2368916540259	28.4297750126406
114	WGN38	27.9166666666665	1.32331171276884	1123	25.3202249873592	30.5131083459739
115	WGN38	24.4999999999999	1.32331171276884	1123	21.9035583206926	27.0964416793072
1	WGN39	31.5833333333337	1.32331171276886	1123	28.9868916540263	34.179775012641
2	WGN39	23.7500000000002	1.32331171276884	1123	21.1535583206928	26.3464416793075
3	WGN39	24.5833333333335	1.32331171276884	1123	21.9868916540262	27.1797750126409
4	WGN39	27.8333333333336	1.32331171276883	1123	25.2368916540263	30.4297750126409
5	WGN39	25.5	1.32331171276886	1123	22.9035583206926	28.0964416793073
6	WGN39	29.0000000000002	1.32331171276885	1123	26.4035583206928	31.5964416793075
7	WGN39	23.6666666666668	1.32331171276885	1123	21.0702249873595	26.2631083459742
8	WGN39	28.8333333333335	1.32331171276883	1123	26.2368916540262	31.4297750126408
9	WGN39	28.5000000000004	1.32331171276884	1123	25.9035583206931	31.0964416793077
10	WGN39	28.0833333333337	1.32331171276884	1123	25.4868916540264	30.679775012641
11	WGN39	25.5000000000003	1.32331171276884	1123	22.903558320693	28.0964416793076
12	WGN39	28.0000000000003	1.32331171276882	1123	25.403558320693	30.5964416793075
13	WGN39	22.6666666666671	1.32331171276881	1123	20.0702249873598	25.2631083459744
14	WGN39	26.0833333333336	1.32331171276885	1123	23.4868916540262	28.6797750126409
15	WGN39	25.6666666666669	1.32331171276884	1123	23.0702249873596	28.2631083459742
16	WGN39	24.9166666666668	1.32331171276884	1123	22.3202249873595	27.5131083459741
17	WGN39	24.2500000000001	1.32331171276885	1123	21.6535583206927	26.8464416793074
18	WGN39	24.2500000000001	1.32331171276884	1123	21.6535583206928	26.8464416793074
19	WGN39	25.3333333333333	1.32331171276885	1123	22.7368916540259	27.9297750126406
20	WGN39	26.3333333333334	1.32331171276886	1123	23.736891654026	28.9297750126407
21	WGN39	24.3333333333335	1.32331171276883	1123	21.7368916540262	26.9297750126408
22	WGN39	29.7500000000001	1.32331171276885	1123	27.1535583206927	32.3464416793074
24	WGN39	27.0000000000001	1.32331171276886	1123	24.4035583206927	29.5964416793074
25	WGN39	28	1.32331171276886	1123	25.4035583206927	30.5964416793074
26	WGN39	20.6666666666668	1.32331171276884	1123	18.0702249873595	23.2631083459741
27	WGN39	31.0833333333334	1.32331171276882	1123	28.4868916540261	33.6797750126407
28	WGN39	26.6666666666667	1.32331171276885	1123	24.0702249873594	29.2631083459741
29	WGN39	22.4999999999999	1.32331171276886	1123	19.9035583206925	25.0964416793072
30	WGN39	24.4166666666669	1.32331171276883	1123	21.8202249873596	27.0131083459742
31	WGN39	27.5000000000001	1.32331171276884	1123	24.9035583206928	30.0964416793074
32	WGN39	26.6666666666667	1.32331171276884	1123	24.0702249873594	29.2631083459741
34	WGN39	23.4166666666666	1.32331171276886	1123	20.8202249873592	26.0131083459739
35	WGN39	26.9166666666669	1.32331171276883	1123	24.3202249873596	29.5131083459742
36	WGN39	22.3333333333335	1.32331171276883	1123	19.7368916540262	24.9297750126408
37	WGN39	26.2500000000001	1.32331171276885	1123	23.6535583206927	28.8464416793074
38	WGN39	25.141785290629	1.87186157191066	1123	21.4690456357873	28.8145249454706
39	WGN39	23.8333333333335	1.32331171276883	1123	21.2368916540262	26.4297750126408
40	WGN39	28.7500000000001	1.32331171276884	1123	26.1535583206928	31.3464416793074
41	WGN39	28.5666666666667	1.32331171276884	1123	25.9702249873594	31.163108345974
42	WGN39	25.5000000000002	1.32331171276884	1123	22.9035583206929	28.0964416793075
43	WGN39	26.0833333333333	1.32331171276885	1123	23.486891654026	28.6797750126406
44	WGN39	26.1666666666671	1.32331171276882	1123	23.5702249873598	28.7631083459744
45	WGN39	22.3333333333335	1.32331171276883	1123	19.7368916540262	24.9297750126408
46	WGN39	27.9166666666667	1.32331171276884	1123	25.3202249873594	30.5131083459741
47	WGN39	28.2500000000002	1.32331171276884	1123	25.6535583206929	30.8464416793075
48	WGN39	27.0000000000002	1.32331171276884	1123	24.4035583206929	29.5964416793075
49	WGN39	25.0000000000001	1.32331171276884	1123	22.4035583206928	27.5964416793074
50	WGN39	23.3333333333336	1.32331171276883	1123	20.7368916540264	25.9297750126409
51	WGN39	22.75	1.32331171276884	1123	20.1535583206927	25.3464416793074
52	WGN39	29.5000000000002	1.32331171276884	1123	26.9035583206929	32.0964416793076
53	WGN39	25.0000000000002	1.32331171276883	1123	22.4035583206929	27.5964416793075
54	WGN39	26.7500000000001	1.32331171276883	1123	24.1535583206928	29.3464416793074
55	WGN39	25.5833333333337	1.32331171276883	1123	22.9868916540264	28.179775012641
56	WGN39	23.7166666666667	1.32331171276884	1123	21.1202249873594	26.3131083459741
57	WGN39	23.916666666667	1.32331171276882	1123	21.3202249873597	26.5131083459743
58	WGN39	27.8333333333334	1.32331171276885	1123	25.2368916540261	30.4297750126407
59	WGN39	27.0833333333334	1.32331171276885	1123	24.4868916540261	29.6797750126408
60	WGN39	29.0000000000001	1.32331171276884	1123	26.4035583206928	31.5964416793074
61	WGN39	25.5833333333335	1.32331171276882	1123	22.9868916540263	28.1797750126408
62	WGN39	27.8333333333335	1.32331171276884	1123	25.2368916540262	30.4297750126409
63	WGN39	24.9166666666668	1.32331171276884	1123	22.3202249873594	27.5131083459741
64	WGN39	24.3333333333334	1.32331171276885	1123	21.736891654026	26.9297750126407
65	WGN39	25.25	1.32331171276884	1123	22.6535583206927	27.8464416793074
66	WGN39	25.3333333333335	1.32331171276883	1123	22.7368916540262	27.9297750126408
67	WGN39	30.6666666666668	1.32331171276885	1123	28.0702249873594	33.2631083459741
68	WGN39	26.1666666666668	1.32331171276883	1123	23.5702249873595	28.7631083459741
69	WGN39	25.7500000000001	1.32331171276884	1123	23.1535583206928	28.3464416793075
70	WGN39	25.6666666666669	1.32331171276882	1123	23.0702249873597	28.2631083459742
71	WGN39	25.0833333333334	1.32331171276884	1123	22.4868916540261	27.6797750126408
72	WGN39	25.25	1.32331171276885	1123	22.6535583206927	27.8464416793074
73	WGN39	27.2500000000001	1.32331171276884	1123	24.6535583206928	29.8464416793074
74	WGN39	25.8333333333334	1.32331171276885	1123	23.2368916540261	28.4297750126407
75	WGN39	26.5000000000002	1.32331171276883	1123	23.9035583206929	29.0964416793075
76	WGN39	24.8333333333335	1.32331171276884	1123	22.2368916540262	27.4297750126408
77	WGN39	25.5000000000002	1.32331171276883	1123	22.9035583206929	28.0964416793075
78	WGN39	25.5000000000002	1.32331171276883	1123	22.9035583206929	28.0964416793075
79	WGN39	24.6666666666667	1.32331171276885	1123	22.0702249873593	27.263108345974
80	WGN39	26.0833333333335	1.32331171276884	1123	23.4868916540261	28.6797750126408
81	WGN39	21.1666666666668	1.32331171276884	1123	18.5702249873595	23.7631083459741
82	WGN39	28.0000000000002	1.32331171276884	1123	25.4035583206929	30.5964416793075
83	WGN39	31.3333333333334	1.32331171276883	1123	28.7368916540261	33.9297750126407
84	WGN39	26.6666666666668	1.32331171276883	1123	24.0702249873595	29.2631083459741
85	WGN39	24.0833333333335	1.32331171276884	1123	21.4868916540262	26.6797750126408
86	WGN39	28.4166666666668	1.32331171276884	1123	25.8202249873595	31.0131083459741
87	WGN39	25.0000000000001	1.32331171276884	1123	22.4035583206927	27.5964416793074
88	WGN39	25.3333333333334	1.32331171276884	1123	22.7368916540261	27.9297750126407
89	WGN39	25.0000000000001	1.32331171276884	1123	22.4035583206927	27.5964416793074
90	WGN39	23.9166666666668	1.32331171276884	1123	21.3202249873595	26.5131083459741
91	WGN39	21.2500000000001	1.32331171276884	1123	18.6535583206928	23.8464416793074
92	WGN39	23.6666666666668	1.32331171276884	1123	21.0702249873595	26.2631083459742
93	WGN39	29.3333333333334	1.32331171276884	1123	26.7368916540261	31.9297750126408
94	WGN39	27.0000000000002	1.32331171276883	1123	24.4035583206929	29.5964416793075
95	WGN39	25.7500000000001	1.32331171276884	1123	23.1535583206928	28.3464416793074
96	WGN39	25.0833333333335	1.32331171276884	1123	22.4868916540262	27.6797750126408
97	WGN39	22.0000000000001	1.32331171276884	1123	19.4035583206927	24.5964416793074
98	WGN39	24.5000000000001	1.32331171276884	1123	21.9035583206928	27.0964416793074
99	WGN39	23.0000000000002	1.32331171276883	1123	20.4035583206929	25.5964416793075
100	WGN39	27.9166666666668	1.32331171276884	1123	25.3202249873595	30.5131083459741
101	WGN39	25.0833333333335	1.32331171276884	1123	22.4868916540262	27.6797750126408
102	WGN39	28.1666666666668	1.32331171276884	1123	25.5702249873595	30.7631083459741
104	WGN39	24.4166666666668	1.32331171276884	1123	21.8202249873595	27.0131083459741
105	WGN39	31.0833333333335	1.32331171276884	1123	28.4868916540262	33.6797750126408
106	WGN39	24.1666666666668	1.32331171276884	1123	21.5702249873595	26.7631083459741
107	WGN39	26.7500000000001	1.32331171276883	1123	24.1535583206928	29.3464416793074
108	WGN39	25.0000000000001	1.32331171276884	1123	22.4035583206928	27.5964416793074
109	WGN39	23.1666666666668	1.32331171276884	1123	20.5702249873594	25.7631083459741
110	WGN39	27.8333333333335	1.32331171276884	1123	25.2368916540261	30.4297750126408
111	WGN39	27.5000000000001	1.32331171276884	1123	24.9035583206928	30.0964416793074
112	WGN39	24.3333333333334	1.32331171276884	1123	21.7368916540261	26.9297750126408
113	WGN39	28.9166666666667	1.32331171276884	1123	26.3202249873594	31.5131083459741
114	WGN39	25.5000000000001	1.32331171276884	1123	22.9035583206928	28.0964416793074
115	WGN39	23.3333333333334	1.32331171276884	1123	20.7368916540261	25.9297750126408
116	WGN39	28.8333333333334	1.32331171276884	1123	26.2368916540261	31.4297750126407
117	WGN39	24.0833333333335	1.32331171276884	1123	21.4868916540262	26.6797750126408
118	WGN39	26.3333333333334	1.32331171276884	1123	23.7368916540261	28.9297750126408
120	WGN39	26.7500000000001	1.32331171276884	1123	24.1535583206928	29.3464416793074
121	WGN39	29.8084519572954	1.87186157191069	1123	26.1357123024537	33.4811916121371
122	WGN39	23.0000000000001	1.32331171276884	1123	20.4035583206928	25.5964416793074
123	WGN39	24.9166666666667	1.32331171276884	1123	22.3202249873594	27.5131083459741
124	WGN39	31.024881376038	1.87186157191069	1123	27.3521417211963	34.6976210308798
125	WGN39	27.0000000000001	1.32331171276884	1123	24.4035583206928	29.5964416793074
126	WGN39	29.6666666666668	1.32331171276884	1123	27.0702249873594	32.2631083459741
127	WGN39	27.9166666666668	1.32331171276884	1123	25.3202249873595	30.5131083459741
128	WGN39	26.4166666666667	1.32331171276884	1123	23.8202249873594	29.0131083459741
129	WGN39	25.8084519572954	1.87186157191069	1123	22.1357123024537	29.4811916121371
130	WGN39	28.9166666666667	1.32331171276884	1123	26.3202249873594	31.5131083459741
1	WGN45	25.9166666666667	1.32331171276884	1123	23.3202249873594	28.513108345974
2	WGN45	24.8333333333334	1.32331171276882	1123	22.2368916540261	27.4297750126407
3	WGN45	22.5833333333332	1.32331171276887	1123	19.9868916540258	25.1797750126406
4	WGN45	24.8333333333332	1.32331171276885	1123	22.2368916540259	27.4297750126406
5	WGN45	23.0833333333331	1.32331171276886	1123	20.4868916540258	25.6797750126405
6	WGN45	23.3333333333333	1.32331171276884	1123	20.736891654026	25.9297750126406
7	WGN45	27.6666666666666	1.32331171276883	1123	25.0702249873593	30.2631083459739
8	WGN45	25.4166666666666	1.32331171276886	1123	22.8202249873592	28.0131083459739
9	WGN45	21.8333333333332	1.32331171276887	1123	19.2368916540258	24.4297750126405
10	WGN45	25.75	1.32331171276884	1123	23.1535583206927	28.3464416793073
11	WGN45	28.5	1.32331171276885	1123	25.9035583206926	31.0964416793073
12	WGN45	25.9166666666665	1.32331171276883	1123	23.3202249873592	28.5131083459738
13	WGN45	22.4166666666667	1.32331171276883	1123	19.8202249873593	25.013108345974
14	WGN45	25.9166666666666	1.32331171276883	1123	23.3202249873593	28.5131083459739
15	WGN45	21.8333333333331	1.32331171276887	1123	19.2368916540257	24.4297750126404
16	WGN45	24.1666666666667	1.32331171276884	1123	21.5702249873594	26.763108345974
17	WGN45	19.1666666666668	1.32331171276883	1123	16.5702249873595	21.7631083459741
18	WGN45	18.833333333333	1.32331171276886	1123	16.2368916540257	21.4297750126404
19	WGN45	18.6417852906288	1.87186157191067	1123	14.9690456357872	22.3145249454705
20	WGN45	26.9166666666665	1.32331171276883	1123	24.3202249873592	29.5131083459738
22	WGN45	27.9166666666666	1.32331171276884	1123	25.3202249873593	30.5131083459739
23	WGN45	21.0833333333333	1.32331171276884	1123	18.4868916540259	23.6797750126406
24	WGN45	21.6417852906287	1.87186157191068	1123	17.969045635787	25.3145249454704
25	WGN45	12.5248813760377	1.87186157191071	1123	8.85214172119594	16.1976210308794
26	WGN45	19.6666666666668	1.32331171276883	1123	17.0702249873595	22.2631083459741
28	WGN45	28.4166666666667	1.32331171276887	1123	25.8202249873593	31.013108345974
29	WGN45	19.5000000000001	1.32331171276882	1123	16.9035583206929	22.0964416793074
30	WGN45	17.9751186239618	1.87186157191071	1123	14.30237896912	21.6478582788035
31	WGN45	25.6666666666666	1.32331171276883	1123	23.0702249873593	28.2631083459739
32	WGN45	21.3333333333333	1.32331171276884	1123	18.736891654026	23.9297750126406
33	WGN45	19.1666666666665	1.32331171276885	1123	16.5702249873591	21.7631083459738
34	WGN45	20.9999999999999	1.32331171276885	1123	18.4035583206925	23.5964416793072
35	WGN45	25.6666666666666	1.32331171276883	1123	23.0702249873593	28.2631083459739
36	WGN45	26.7666666666666	1.32331171276884	1123	24.1702249873592	29.3631083459739
37	WGN45	26.6666666666666	1.32331171276885	1123	24.0702249873593	29.263108345974
40	WGN45	23.4999999999999	1.32331171276885	1123	20.9035583206925	26.0964416793072
41	WGN45	24.3333333333333	1.32331171276885	1123	21.7368916540259	26.9297750126406
42	WGN45	23.9999999999999	1.32331171276884	1123	21.4035583206926	26.5964416793072
43	WGN45	28.0833333333332	1.32331171276884	1123	25.4868916540259	30.6797750126406
44	WGN45	27.3333333333333	1.32331171276884	1123	24.7368916540259	29.9297750126406
45	WGN45	22.8333333333333	1.32331171276884	1123	20.236891654026	25.4297750126406
46	WGN45	17.1666666666667	1.32331171276884	1123	14.5702249873594	19.763108345974
48	WGN45	24.6915480427046	1.87186157191068	1123	21.0188083878629	28.3642876975463
49	WGN45	23.8333333333333	1.32331171276884	1123	21.236891654026	26.4297750126406
50	WGN45	19.8084519572953	1.87186157191069	1123	16.1357123024535	23.481191612137
52	WGN45	17.5833333333332	1.32331171276885	1123	14.9868916540259	20.1797750126405
53	WGN45	22.9999999999999	1.32331171276884	1123	20.4035583206926	25.5964416793072
54	WGN45	16.8333333333332	1.32331171276884	1123	14.2368916540259	19.4297750126405
55	WGN45	26.3333333333333	1.32331171276885	1123	23.736891654026	28.9297750126406
56	WGN45	23.7499999999999	1.32331171276884	1123	21.1535583206926	26.3464416793073
57	WGN45	22.6666666666666	1.32331171276884	1123	20.0702249873593	25.2631083459739
58	WGN45	22.9999999999999	1.32331171276884	1123	20.4035583206926	25.5964416793073
59	WGN45	20.3333333333332	1.32331171276885	1123	17.7368916540258	22.9297750126405
60	WGN45	22.8333333333332	1.32331171276885	1123	20.2368916540259	25.4297750126406
61	WGN45	23.8333333333333	1.32331171276884	1123	21.236891654026	26.4297750126406
62	WGN45	26.4999999999999	1.32331171276885	1123	23.9035583206926	29.0964416793073
64	WGN45	20.4999999999999	1.32331171276885	1123	17.9035583206926	23.0964416793072
65	WGN45	20.4999999999999	1.32331171276885	1123	17.9035583206925	23.0964416793072
66	WGN45	24.3333333333333	1.32331171276884	1123	21.736891654026	26.9297750126406
68	WGN45	19.9999999999999	1.32331171276884	1123	17.4035583206926	22.5964416793073
69	WGN45	27.7499999999999	1.32331171276884	1123	25.1535583206926	30.3464416793072
70	WGN45	22.8333333333332	1.32331171276885	1123	20.2368916540259	25.4297750126405
71	WGN45	30.3333333333332	1.32331171276884	1123	27.7368916540259	32.9297750126406
72	WGN45	25.1666666666666	1.32331171276885	1123	22.5702249873593	27.7631083459739
73	WGN45	21.2499999999999	1.32331171276884	1123	18.6535583206926	23.8464416793072
74	WGN45	24.3084519572953	1.87186157191068	1123	20.6357123024536	27.981191612137
75	WGN45	25.5833333333333	1.32331171276884	1123	22.986891654026	28.1797750126406
76	WGN45	25.2499999999999	1.32331171276884	1123	22.6535583206926	27.8464416793073
78	WGN45	19.4999999999999	1.32331171276885	1123	16.9035583206926	22.0964416793072
80	WGN45	24.4166666666666	1.32331171276884	1123	21.8202249873593	27.0131083459739
81	WGN45	27.8333333333332	1.32331171276884	1123	25.2368916540259	30.4297750126405
82	WGN45	24.0248813760379	1.87186157191069	1123	20.3521417211962	27.6976210308796
84	WGN45	30.5	1.32331171276885	1123	27.9035583206926	33.0964416793073
85	WGN45	23.8333333333333	1.32331171276885	1123	21.2368916540259	26.4297750126406
86	WGN45	28.5833333333333	1.32331171276884	1123	25.9868916540259	31.1797750126406
87	WGN45	20.6666666666666	1.32331171276884	1123	18.0702249873593	23.2631083459739
88	WGN45	25.5833333333333	1.32331171276884	1123	22.986891654026	28.1797750126406
89	WGN45	23.3333333333333	1.32331171276884	1123	20.7368916540259	25.9297750126406
90	WGN45	23.5833333333333	1.32331171276884	1123	20.986891654026	26.1797750126406
92	WGN45	24.4166666666666	1.32331171276885	1123	21.8202249873593	27.0131083459739
93	WGN45	22.4999999999999	1.32331171276884	1123	19.9035583206926	25.0964416793073
94	WGN45	24.4166666666666	1.32331171276884	1123	21.8202249873593	27.0131083459739
95	WGN45	29.3333333333333	1.32331171276884	1123	26.7368916540259	31.9297750126406
96	WGN45	20.6915480427045	1.8718615719107	1123	17.0188083878628	24.3642876975463
98	WGN45	28.4999999999999	1.32331171276885	1123	25.9035583206926	31.0964416793073
99	WGN45	19	1.32331171276883	1123	16.4035583206927	21.5964416793073
100	WGN45	24.9999999999999	1.32331171276885	1123	22.4035583206926	27.5964416793072
101	WGN45	24.4166666666666	1.32331171276884	1123	21.8202249873593	27.0131083459739
102	WGN45	22.8333333333333	1.32331171276884	1123	20.236891654026	25.4297750126406
103	WGN45	25.1666666666666	1.32331171276884	1123	22.5702249873592	27.7631083459739
104	WGN45	21.6666666666666	1.32331171276885	1123	19.0702249873592	24.2631083459739
105	WGN45	26.3333333333332	1.32331171276884	1123	23.7368916540259	28.9297750126405
106	WGN45	25.0833333333333	1.32331171276885	1123	22.4868916540259	27.6797750126406
107	WGN45	20.8333333333332	1.32331171276885	1123	18.2368916540259	23.4297750126406
108	WGN45	26.9999999999999	1.32331171276884	1123	24.4035583206926	29.5964416793072
109	WGN45	26.0833333333333	1.32331171276884	1123	23.4868916540259	28.6797750126406
110	WGN45	24.9999999999999	1.32331171276885	1123	22.4035583206926	27.5964416793072
111	WGN45	25.1666666666666	1.32331171276884	1123	22.5702249873593	27.7631083459739
112	WGN45	22.725118623962	1.87186157191069	1123	19.0523789691202	26.3978582788037
114	WGN45	24.9999999999999	1.32331171276884	1123	22.4035583206926	27.5964416793072
115	WGN45	19.3333333333333	1.32331171276884	1123	16.7368916540259	21.9297750126406
116	WGN45	22.4166666666666	1.32331171276884	1123	19.8202249873592	25.0131083459739
117	WGN45	21.6915480427046	1.87186157191069	1123	18.0188083878629	25.3642876975463
118	WGN45	27.4999999999999	1.32331171276884	1123	24.9035583206926	30.0964416793072
119	WGN45	25.0833333333332	1.32331171276884	1123	22.4868916540259	27.6797750126405
120	WGN45	24.9166666666666	1.32331171276885	1123	22.3202249873592	27.5131083459739
121	WGN45	27.7499999999999	1.32331171276884	1123	25.1535583206926	30.3464416793073
122	WGN45	26.6666666666666	1.32331171276884	1123	24.0702249873593	29.2631083459739
123	WGN45	23.8084519572953	1.87186157191069	1123	20.1357123024535	27.481191612137
124	WGN45	24.2499999999999	1.32331171276884	1123	21.6535583206926	26.8464416793072
126	WGN45	24.0833333333333	1.32331171276884	1123	21.4868916540259	26.6797750126406
127	WGN45	22.3333333333333	1.32331171276884	1123	19.736891654026	24.9297750126406
128	WGN45	25.3333333333333	1.32331171276884	1123	22.7368916540259	27.9297750126406
129	WGN45	23.5833333333333	1.32331171276884	1123	20.9868916540259	26.1797750126406
1	WGN46	24.5833333333332	1.32331171276891	1123	21.9868916540258	27.1797750126407
2	WGN46	19.9166666666665	1.32331171276886	1123	17.3202249873592	22.5131083459739
3	WGN46	21.5833333333334	1.32331171276881	1123	18.9868916540262	24.1797750126407
4	WGN46	25.6666666666666	1.32331171276882	1123	23.0702249873593	28.2631083459739
6	WGN46	23.9166666666666	1.32331171276886	1123	21.3202249873593	26.513108345974
7	WGN46	27.0833333333333	1.32331171276884	1123	24.486891654026	29.6797750126406
8	WGN46	23.5833333333333	1.32331171276886	1123	20.9868916540259	26.1797750126406
9	WGN46	21.9999999999999	1.32331171276885	1123	19.4035583206925	24.5964416793072
10	WGN46	27.0833333333332	1.32331171276884	1123	24.4868916540259	29.6797750126405
11	WGN46	23.1666666666666	1.32331171276883	1123	20.5702249873593	25.7631083459739
12	WGN46	24.5	1.32331171276883	1123	21.9035583206927	27.0964416793073
13	WGN46	24.0833333333333	1.32331171276885	1123	21.486891654026	26.6797750126406
14	WGN46	25.4166666666666	1.32331171276882	1123	22.8202249873593	28.0131083459739
15	WGN46	28.5833333333332	1.32331171276883	1123	25.9868916540259	31.1797750126405
16	WGN46	25.5833333333333	1.32331171276884	1123	22.9868916540259	28.1797750126406
17	WGN46	24.8333333333333	1.32331171276885	1123	22.236891654026	27.4297750126406
18	WGN46	22.5	1.32331171276884	1123	19.9035583206927	25.0964416793073
19	WGN46	25.4166666666666	1.32331171276885	1123	22.8202249873593	28.013108345974
20	WGN46	21	1.32331171276884	1123	18.4035583206927	23.5964416793073
21	WGN46	25.6915480427046	1.87186157191069	1123	22.0188083878629	29.3642876975463
22	WGN46	25.3333333333333	1.32331171276884	1123	22.736891654026	27.9297750126406
23	WGN46	23.3084519572952	1.87186157191071	1123	19.6357123024535	26.981191612137
24	WGN46	19.8333333333332	1.32331171276884	1123	17.2368916540259	22.4297750126406
25	WGN46	23.5833333333332	1.32331171276885	1123	20.9868916540259	26.1797750126406
26	WGN46	22.8333333333332	1.32331171276885	1123	20.2368916540259	25.4297750126405
27	WGN46	27.3333333333332	1.32331171276884	1123	24.7368916540259	29.9297750126405
28	WGN46	24.4999999999999	1.32331171276884	1123	21.9035583206926	27.0964416793072
29	WGN46	23.8333333333333	1.32331171276885	1123	21.2368916540259	26.4297750126406
30	WGN46	22.6666666666666	1.32331171276884	1123	20.0702249873593	25.2631083459739
31	WGN46	26.6666666666666	1.32331171276884	1123	24.0702249873593	29.263108345974
32	WGN46	26.4166666666666	1.32331171276884	1123	23.8202249873593	29.0131083459739
33	WGN46	24.5	1.32331171276885	1123	21.9035583206926	27.0964416793073
34	WGN46	25.1666666666665	1.32331171276883	1123	22.5702249873592	27.7631083459738
36	WGN46	20.2499999999998	1.32331171276885	1123	17.6535583206925	22.8464416793072
37	WGN46	27.2499999999999	1.32331171276884	1123	24.6535583206926	29.8464416793072
38	WGN46	27.2499999999999	1.32331171276885	1123	24.6535583206926	29.8464416793073
39	WGN46	24.2499999999999	1.32331171276884	1123	21.6535583206926	26.8464416793072
40	WGN46	22.5833333333333	1.32331171276884	1123	19.9868916540259	25.1797750126406
41	WGN46	25.9166666666666	1.32331171276884	1123	23.3202249873592	28.5131083459739
42	WGN46	21.4999999999999	1.32331171276885	1123	18.9035583206926	24.0964416793073
43	WGN46	25.3333333333332	1.32331171276884	1123	22.7368916540258	27.9297750126405
44	WGN46	22.9999999999999	1.32331171276885	1123	20.4035583206926	25.5964416793073
45	WGN46	24.4166666666666	1.32331171276884	1123	21.8202249873593	27.0131083459739
46	WGN46	21.8333333333332	1.32331171276886	1123	19.2368916540258	24.4297750126405
47	WGN46	24.3333333333332	1.32331171276884	1123	21.7368916540259	26.9297750126406
48	WGN46	27	1.32331171276885	1123	24.4035583206926	29.5964416793073
49	WGN46	27.6666666666666	1.32331171276884	1123	25.0702249873593	30.2631083459739
50	WGN46	31.4999999999999	1.32331171276884	1123	28.9035583206926	34.0964416793072
51	WGN46	24.6417852906287	1.87186157191069	1123	20.9690456357869	28.3145249454704
52	WGN46	23.5833333333333	1.32331171276884	1123	20.986891654026	26.1797750126406
53	WGN46	25.4999999999999	1.32331171276884	1123	22.9035583206926	28.0964416793073
54	WGN46	23.2499999999999	1.32331171276884	1123	20.6535583206926	25.8464416793073
55	WGN46	21	1.32331171276884	1123	18.4035583206927	23.5964416793073
56	WGN46	23.8333333333333	1.32331171276885	1123	21.2368916540259	26.4297750126406
57	WGN46	25.0833333333333	1.32331171276884	1123	22.486891654026	27.6797750126406
58	WGN46	24.0833333333333	1.32331171276885	1123	21.4868916540259	26.6797750126406
59	WGN46	25.9166666666666	1.32331171276884	1123	23.3202249873593	28.5131083459739
60	WGN46	23.7499999999999	1.32331171276884	1123	21.1535583206926	26.3464416793072
61	WGN46	22.1666666666666	1.32331171276884	1123	19.5702249873593	24.7631083459739
62	WGN46	23.0833333333333	1.32331171276884	1123	20.486891654026	25.6797750126406
63	WGN46	27.6666666666666	1.32331171276884	1123	25.0702249873592	30.2631083459739
64	WGN46	22.6666666666666	1.32331171276884	1123	20.0702249873593	25.2631083459739
65	WGN46	20.4751186239621	1.87186157191067	1123	16.8023789691204	24.1478582788037
66	WGN46	25.4999999999999	1.32331171276884	1123	22.9035583206926	28.0964416793072
67	WGN46	24.75	1.32331171276884	1123	22.1535583206926	27.3464416793073
68	WGN46	22.1666666666666	1.32331171276884	1123	19.5702249873593	24.7631083459739
69	WGN46	28.1666666666666	1.32331171276884	1123	25.5702249873593	30.7631083459739
70	WGN46	25.1666666666666	1.32331171276885	1123	22.5702249873593	27.7631083459739
71	WGN46	29.3333333333334	1.32331171276885	1123	26.736891654026	31.9297750126407
72	WGN46	20.1666666666665	1.32331171276885	1123	17.5702249873592	22.7631083459739
73	WGN46	22.1666666666666	1.32331171276884	1123	19.5702249873593	24.7631083459739
74	WGN46	22.0833333333333	1.32331171276885	1123	19.4868916540259	24.6797750126406
75	WGN46	22.8333333333333	1.32331171276884	1123	20.2368916540259	25.4297750126406
76	WGN46	22.4999999999999	1.32331171276884	1123	19.9035583206926	25.0964416793072
78	WGN46	24.9999999999999	1.32331171276885	1123	22.4035583206926	27.5964416793073
79	WGN46	27.4999999999999	1.32331171276884	1123	24.9035583206926	30.0964416793072
80	WGN46	26.9999999999999	1.32331171276884	1123	24.4035583206926	29.5964416793072
81	WGN46	29.2499999999999	1.32331171276884	1123	26.6535583206926	31.8464416793072
82	WGN46	26.1666666666666	1.32331171276884	1123	23.5702249873593	28.7631083459739
83	WGN46	25.5833333333333	1.32331171276885	1123	22.986891654026	28.1797750126406
84	WGN46	22.3084519572953	1.87186157191069	1123	18.6357123024536	25.981191612137
85	WGN46	19.7499999999999	1.32331171276884	1123	17.1535583206926	22.3464416793073
86	WGN46	29.9999999999999	1.32331171276884	1123	27.4035583206926	32.5964416793072
87	WGN46	21.9166666666666	1.32331171276884	1123	19.3202249873592	24.5131083459739
88	WGN46	23.1666666666666	1.32331171276884	1123	20.5702249873593	25.7631083459739
89	WGN46	29.0833333333333	1.32331171276884	1123	26.4868916540259	31.6797750126406
90	WGN46	24.2499999999999	1.32331171276884	1123	21.6535583206926	26.8464416793073
91	WGN46	26.3582147093712	1.87186157191069	1123	22.6854750545295	30.0309543642129
93	WGN46	22.2499999999999	1.32331171276884	1123	19.6535583206926	24.8464416793073
94	WGN46	24.8333333333333	1.32331171276884	1123	22.236891654026	27.4297750126406
95	WGN46	20.4999999999999	1.32331171276884	1123	17.9035583206926	23.0964416793073
96	WGN46	23.0833333333332	1.32331171276884	1123	20.4868916540259	25.6797750126406
98	WGN46	25.1666666666666	1.32331171276884	1123	22.5702249873593	27.7631083459739
100	WGN46	28	1.32331171276884	1123	25.4035583206926	30.5964416793073
101	WGN46	20.85	1.32331171276884	1123	18.2535583206927	23.4464416793073
102	WGN46	24.9166666666666	1.32331171276884	1123	22.3202249873593	27.513108345974
103	WGN46	22.8333333333332	1.32331171276884	1123	20.2368916540259	25.4297750126406
104	WGN46	23.6666666666666	1.32331171276884	1123	21.0702249873593	26.2631083459739
106	WGN46	20.8333333333333	1.32331171276884	1123	18.236891654026	23.4297750126406
107	WGN46	26.4999999999999	1.32331171276884	1123	23.9035583206926	29.0964416793073
108	WGN46	26.3999999999999	1.32331171276884	1123	23.8035583206926	28.9964416793073
109	WGN46	19.8333333333333	1.32331171276884	1123	17.236891654026	22.4297750126406
110	WGN46	25.7499999999999	1.32331171276884	1123	23.1535583206926	28.3464416793073
111	WGN46	22.9999999999999	1.32331171276884	1123	20.4035583206926	25.5964416793073
112	WGN46	23.4999999999999	1.32331171276884	1123	20.9035583206926	26.0964416793073
113	WGN46	26.7499999999999	1.32331171276884	1123	24.1535583206926	29.3464416793073
114	WGN46	28.4166666666666	1.32331171276884	1123	25.8202249873593	31.0131083459739
115	WGN46	27.4166666666666	1.32331171276884	1123	24.8202249873593	30.0131083459739
116	WGN46	21.8333333333333	1.32331171276884	1123	19.236891654026	24.4297750126406
117	WGN46	22.7499999999999	1.32331171276884	1123	20.1535583206926	25.3464416793073
118	WGN46	21.3582147093712	1.87186157191069	1123	17.6854750545295	25.0309543642129
119	WGN46	28.4999999999999	1.32331171276884	1123	25.9035583206926	31.0964416793072
120	WGN46	28.2499999999999	1.32331171276884	1123	25.6535583206926	30.8464416793073
121	WGN46	22.1666666666666	1.32331171276884	1123	19.5702249873593	24.7631083459739
122	WGN46	22.3333333333333	1.32331171276884	1123	19.736891654026	24.9297750126406
123	WGN46	22.3333333333332	1.32331171276884	1123	19.7368916540259	24.9297750126406
124	WGN46	21.3333333333333	1.32331171276884	1123	18.736891654026	23.9297750126406
125	WGN46	24.4166666666666	1.32331171276884	1123	21.8202249873593	27.0131083459739
126	WGN46	24.3333333333333	1.32331171276884	1123	21.736891654026	26.9297750126406
127	WGN46	24.4166666666666	1.32331171276884	1123	21.8202249873593	27.0131083459739
128	WGN46	21.6666666666666	1.32331171276884	1123	19.0702249873593	24.2631083459739
129	WGN46	30.4166666666666	1.32331171276884	1123	27.8202249873593	33.013108345974
130	WGN46	21.9999999999999	1.32331171276884	1123	19.4035583206926	24.5964416793073
1	WGN55	25.1666666666667	1.32331171276884	1123	22.5702249873593	27.763108345974
2	WGN55	21.8333333333332	1.32331171276886	1123	19.2368916540258	24.4297750126405
3	WGN55	22.9166666666667	1.32331171276883	1123	20.3202249873594	25.513108345974
4	WGN55	25.6666666666667	1.32331171276884	1123	23.0702249873594	28.263108345974
5	WGN55	25.8333333333334	1.32331171276884	1123	23.236891654026	28.4297750126407
6	WGN55	25.0833333333336	1.32331171276884	1123	22.4868916540263	27.6797750126409
7	WGN55	24.6666666666666	1.32331171276885	1123	22.0702249873593	27.263108345974
8	WGN55	23.1666666666667	1.32331171276883	1123	20.5702249873594	25.763108345974
9	WGN55	23.3333333333332	1.32331171276886	1123	20.7368916540259	25.9297750126406
10	WGN55	22.5	1.32331171276885	1123	19.9035583206927	25.0964416793073
11	WGN55	25.8333333333333	1.32331171276885	1123	23.2368916540259	28.4297750126406
12	WGN55	22.475118623962	1.87186157191067	1123	18.8023789691204	26.1478582788037
13	WGN55	21.6666666666666	1.32331171276885	1123	19.0702249873593	24.263108345974
14	WGN55	22.6666666666667	1.32331171276883	1123	20.0702249873594	25.2631083459741
15	WGN55	22.4166666666666	1.32331171276884	1123	19.8202249873593	25.013108345974
16	WGN55	23.9166666666667	1.32331171276884	1123	21.3202249873594	26.513108345974
17	WGN55	25.3084519572953	1.87186157191069	1123	21.6357123024536	28.981191612137
18	WGN55	24.3333333333333	1.32331171276884	1123	21.736891654026	26.9297750126406
19	WGN55	23.6666666666666	1.32331171276884	1123	21.0702249873593	26.2631083459739
20	WGN55	24.8333333333333	1.32331171276886	1123	22.2368916540259	27.4297750126407
21	WGN55	23.6666666666666	1.32331171276885	1123	21.0702249873593	26.263108345974
22	WGN55	23.5	1.32331171276883	1123	20.9035583206927	26.0964416793073
23	WGN55	25.0833333333333	1.32331171276885	1123	22.486891654026	27.6797750126407
24	WGN55	23.8333333333333	1.32331171276884	1123	21.236891654026	26.4297750126406
25	WGN55	24.9166666666667	1.32331171276883	1123	22.3202249873594	27.513108345974
26	WGN55	24.5833333333332	1.32331171276884	1123	21.9868916540259	27.1797750126406
27	WGN55	24.8333333333333	1.32331171276883	1123	22.236891654026	27.4297750126406
28	WGN55	26.25	1.32331171276885	1123	23.6535583206926	28.8464416793073
29	WGN55	26.75	1.32331171276883	1123	24.1535583206927	29.3464416793073
30	WGN55	26.1666666666666	1.32331171276884	1123	23.5702249873593	28.763108345974
31	WGN55	26.4166666666666	1.32331171276884	1123	23.8202249873593	29.0131083459739
32	WGN55	24.0833333333334	1.32331171276883	1123	21.4868916540261	26.6797750126407
33	WGN55	22.3333333333334	1.32331171276883	1123	19.7368916540261	24.9297750126407
34	WGN55	22.0833333333333	1.32331171276884	1123	19.4868916540259	24.6797750126406
35	WGN55	21	1.32331171276883	1123	18.4035583206927	23.5964416793073
36	WGN55	26.8333333333333	1.32331171276884	1123	24.236891654026	29.4297750126406
37	WGN55	23.3084519572954	1.87186157191068	1123	19.6357123024537	26.9811916121371
38	WGN55	25.3333333333332	1.32331171276884	1123	22.7368916540259	27.9297750126406
40	WGN55	19.5833333333332	1.32331171276885	1123	16.9868916540259	22.1797750126406
41	WGN55	26.1666666666666	1.32331171276883	1123	23.5702249873593	28.7631083459739
42	WGN55	21.1666666666667	1.32331171276884	1123	18.5702249873593	23.763108345974
43	WGN55	19.9166666666666	1.32331171276883	1123	17.3202249873593	22.5131083459739
44	WGN55	21.8582147093712	1.87186157191069	1123	18.1854750545295	25.5309543642129
45	WGN55	25.5	1.32331171276882	1123	22.9035583206927	28.0964416793073
46	WGN55	20.25	1.32331171276884	1123	17.6535583206927	22.8464416793073
47	WGN55	27.0833333333332	1.32331171276883	1123	24.4868916540259	29.6797750126405
48	WGN55	24.25	1.32331171276884	1123	21.6535583206927	26.8464416793073
49	WGN55	25.5	1.32331171276884	1123	22.9035583206926	28.0964416793073
50	WGN55	27.3333333333334	1.32331171276884	1123	24.736891654026	29.9297750126407
52	WGN55	20.5833333333333	1.32331171276884	1123	17.986891654026	23.1797750126406
53	WGN55	25.25	1.32331171276883	1123	22.6535583206927	27.8464416793073
54	WGN55	21.8333333333333	1.32331171276884	1123	19.236891654026	24.4297750126406
55	WGN55	25.1666666666666	1.32331171276885	1123	22.5702249873593	27.7631083459739
56	WGN55	23.5	1.32331171276884	1123	20.9035583206927	26.0964416793073
57	WGN55	23.1417852906287	1.87186157191069	1123	19.469045635787	26.8145249454704
58	WGN55	22.5833333333334	1.32331171276883	1123	19.9868916540261	25.1797750126407
59	WGN55	24.3582147093712	1.8718615719107	1123	20.6854750545295	28.030954364213
60	WGN55	25.8333333333333	1.32331171276884	1123	23.236891654026	28.4297750126406
61	WGN55	19.8333333333334	1.32331171276883	1123	17.2368916540261	22.4297750126407
62	WGN55	24.8333333333333	1.32331171276883	1123	22.236891654026	27.4297750126406
63	WGN55	25	1.32331171276883	1123	22.4035583206927	27.5964416793073
64	WGN55	22.0833333333332	1.32331171276885	1123	19.4868916540259	24.6797750126406
65	WGN55	23.7499999999999	1.32331171276885	1123	21.1535583206926	26.3464416793073
66	WGN55	22.9166666666666	1.32331171276884	1123	20.3202249873593	25.513108345974
67	WGN55	24.6666666666666	1.32331171276884	1123	22.0702249873593	27.263108345974
68	WGN55	25.25	1.32331171276884	1123	22.6535583206927	27.8464416793073
69	WGN55	23.1666666666667	1.32331171276884	1123	20.5702249873593	25.763108345974
70	WGN55	27.0833333333332	1.32331171276884	1123	24.4868916540259	29.6797750126406
71	WGN55	23.1666666666667	1.32331171276884	1123	20.5702249873594	25.763108345974
72	WGN55	21.25	1.32331171276884	1123	18.6535583206927	23.8464416793073
73	WGN55	27.5	1.32331171276885	1123	24.9035583206927	30.0964416793074
74	WGN55	25.3333333333333	1.32331171276884	1123	22.736891654026	27.9297750126406
75	WGN55	25.2499999999999	1.32331171276884	1123	22.6535583206926	27.8464416793073
76	WGN55	25.1666666666666	1.32331171276884	1123	22.5702249873593	27.763108345974
77	WGN55	24.5	1.32331171276884	1123	21.9035583206927	27.0964416793073
78	WGN55	25.1666666666667	1.32331171276884	1123	22.5702249873594	27.763108345974
80	WGN55	24.5	1.32331171276883	1123	21.9035583206927	27.0964416793073
81	WGN55	25.9166666666667	1.32331171276884	1123	23.3202249873594	28.513108345974
82	WGN55	25.1666666666667	1.32331171276883	1123	22.5702249873594	27.763108345974
83	WGN55	19.9166666666667	1.32331171276884	1123	17.3202249873594	22.513108345974
84	WGN55	23.0833333333333	1.32331171276884	1123	20.486891654026	25.6797750126406
85	WGN55	23.9166666666666	1.32331171276884	1123	21.3202249873593	26.5131083459739
86	WGN55	22.25	1.32331171276884	1123	19.6535583206927	24.8464416793073
87	WGN55	25.25	1.32331171276884	1123	22.6535583206927	27.8464416793073
88	WGN55	23.5	1.32331171276883	1123	20.9035583206927	26.0964416793073
89	WGN55	21.1666666666666	1.32331171276884	1123	18.5702249873593	23.7631083459739
90	WGN55	22.4166666666666	1.32331171276884	1123	19.8202249873593	25.0131083459739
91	WGN55	24.3333333333333	1.32331171276883	1123	21.736891654026	26.9297750126406
92	WGN55	23.25	1.32331171276885	1123	20.6535583206926	25.8464416793073
93	WGN55	28	1.32331171276884	1123	25.4035583206926	30.5964416793073
94	WGN55	26.25	1.32331171276884	1123	23.6535583206927	28.8464416793073
95	WGN55	20.8333333333333	1.32331171276884	1123	18.236891654026	23.4297750126407
96	WGN55	20.3333333333333	1.32331171276884	1123	17.736891654026	22.9297750126406
97	WGN55	25	1.32331171276884	1123	22.4035583206927	27.5964416793073
98	WGN55	22.8333333333333	1.32331171276884	1123	20.236891654026	25.4297750126407
99	WGN55	22.0833333333333	1.32331171276884	1123	19.486891654026	24.6797750126407
100	WGN55	20.4166666666667	1.32331171276884	1123	17.8202249873593	23.013108345974
101	WGN55	20.3333333333333	1.32331171276884	1123	17.736891654026	22.9297750126406
102	WGN55	24.6666666666667	1.32331171276884	1123	22.0702249873594	27.263108345974
103	WGN55	24.1666666666666	1.32331171276884	1123	21.5702249873593	26.763108345974
104	WGN55	23.8333333333333	1.32331171276884	1123	21.236891654026	26.4297750126406
105	WGN55	24.0833333333333	1.32331171276884	1123	21.486891654026	26.6797750126406
106	WGN55	26.6666666666667	1.32331171276884	1123	24.0702249873594	29.263108345974
107	WGN55	23.6666666666666	1.32331171276884	1123	21.0702249873593	26.263108345974
108	WGN55	22.4166666666667	1.32331171276884	1123	19.8202249873594	25.013108345974
109	WGN55	23.4166666666666	1.32331171276884	1123	20.8202249873593	26.0131083459739
110	WGN55	23.6666666666666	1.32331171276884	1123	21.0702249873593	26.263108345974
111	WGN55	24.5833333333333	1.32331171276884	1123	21.986891654026	27.1797750126407
112	WGN55	23.25	1.32331171276884	1123	20.6535583206927	25.8464416793073
113	WGN55	27.5833333333333	1.32331171276884	1123	24.986891654026	30.1797750126406
114	WGN55	22.9166666666666	1.32331171276884	1123	20.3202249873593	25.5131083459739
115	WGN55	24.25	1.32331171276884	1123	21.6535583206927	26.8464416793073
116	WGN55	20.3582147093712	1.87186157191069	1123	16.6854750545295	24.0309543642129
117	WGN55	19.9166666666667	1.32331171276884	1123	17.3202249873594	22.513108345974
118	WGN55	20.6666666666666	1.32331171276884	1123	18.0702249873593	23.2631083459739
119	WGN55	21.9166666666667	1.32331171276884	1123	19.3202249873594	24.513108345974
120	WGN55	24.0833333333333	1.32331171276884	1123	21.486891654026	26.6797750126406
121	WGN55	21.75	1.32331171276884	1123	19.1535583206927	24.3464416793073
122	WGN55	23.1666666666666	1.32331171276884	1123	20.5702249873593	25.763108345974
123	WGN55	19.6666666666666	1.32331171276884	1123	17.0702249873593	22.2631083459739
124	WGN55	22.5	1.32331171276884	1123	19.9035583206927	25.0964416793073
125	WGN55	23.0833333333333	1.32331171276884	1123	20.486891654026	25.6797750126407
126	WGN55	21.9166666666667	1.32331171276884	1123	19.3202249873594	24.513108345974
128	WGN55	22.1666666666666	1.32331171276884	1123	19.5702249873593	24.7631083459739
129	WGN55	26.3333333333333	1.32331171276884	1123	23.736891654026	28.9297750126407
130	WGN55	24	1.32331171276884	1123	21.4035583206926	26.5964416793073
1	WGN63	25.5	1.32331171276884	1123	22.9035583206927	28.0964416793073
2	WGN63	26.6666666666665	1.32331171276883	1123	24.0702249873592	29.2631083459738
3	WGN63	25.7499999999999	1.32331171276885	1123	23.1535583206926	28.3464416793072
4	WGN63	25.6666666666665	1.32331171276885	1123	23.0702249873592	28.2631083459739
5	WGN63	24.1666666666667	1.32331171276884	1123	21.5702249873594	26.763108345974
6	WGN63	23.6417852906286	1.87186157191071	1123	19.9690456357869	27.3145249454704
7	WGN63	25.5	1.32331171276885	1123	22.9035583206926	28.0964416793073
8	WGN63	24.7499999999999	1.32331171276884	1123	22.1535583206926	27.3464416793072
9	WGN63	25.4499999999999	1.32331171276884	1123	22.8535583206926	28.0464416793073
10	WGN63	24.6666666666665	1.32331171276884	1123	22.0702249873592	27.2631083459739
12	WGN63	27.75	1.32331171276885	1123	25.1535583206927	30.3464416793073
13	WGN63	31.9999999999999	1.32331171276883	1123	29.4035583206926	34.5964416793072
14	WGN63	25.9166666666667	1.32331171276884	1123	23.3202249873593	28.513108345974
16	WGN63	23.3333333333333	1.32331171276884	1123	20.7368916540259	25.9297750126406
17	WGN63	31.1666666666666	1.32331171276883	1123	28.5702249873593	33.7631083459739
18	WGN63	26.8333333333332	1.32331171276885	1123	24.2368916540259	29.4297750126406
19	WGN63	24.1666666666666	1.32331171276884	1123	21.5702249873593	26.7631083459739
20	WGN63	24.1666666666666	1.32331171276884	1123	21.5702249873592	26.7631083459739
21	WGN63	27.25	1.32331171276884	1123	24.6535583206927	29.8464416793073
22	WGN63	27.9999999999999	1.32331171276883	1123	25.4035583206926	30.5964416793072
23	WGN63	25.3333333333333	1.32331171276884	1123	22.736891654026	27.9297750126406
24	WGN63	25.25	1.32331171276885	1123	22.6535583206926	27.8464416793073
25	WGN63	25.0833333333333	1.32331171276884	1123	22.486891654026	27.6797750126407
26	WGN63	27.0833333333333	1.32331171276883	1123	24.486891654026	29.6797750126406
27	WGN63	25.3333333333333	1.32331171276884	1123	22.736891654026	27.9297750126406
28	WGN63	23.8333333333333	1.32331171276884	1123	21.2368916540259	26.4297750126406
29	WGN63	27.3333333333332	1.32331171276884	1123	24.7368916540259	29.9297750126405
30	WGN63	27.25	1.32331171276884	1123	24.6535583206926	29.8464416793073
31	WGN63	28.1666666666666	1.32331171276884	1123	25.5702249873593	30.7631083459739
32	WGN63	27.8333333333333	1.32331171276885	1123	25.2368916540259	30.4297750126406
33	WGN63	22.1666666666666	1.32331171276884	1123	19.5702249873593	24.7631083459739
34	WGN63	26.8333333333333	1.32331171276884	1123	24.236891654026	29.4297750126407
35	WGN63	30.4999999999999	1.32331171276884	1123	27.9035583206926	33.0964416793072
36	WGN63	24.024881376038	1.87186157191069	1123	20.3521417211962	27.6976210308797
37	WGN63	25.1666666666666	1.32331171276883	1123	22.5702249873593	27.7631083459739
38	WGN63	23.5	1.32331171276884	1123	20.9035583206926	26.0964416793073
39	WGN63	26.4999999999999	1.32331171276884	1123	23.9035583206926	29.0964416793072
40	WGN63	17.2500000000001	1.32331171276883	1123	14.6535583206928	19.8464416793074
41	WGN63	24.3084519572953	1.8718615719107	1123	20.6357123024536	27.981191612137
42	WGN63	25.9166666666666	1.32331171276884	1123	23.3202249873593	28.5131083459739
43	WGN63	24.3333333333333	1.32331171276884	1123	21.736891654026	26.9297750126406
44	WGN63	23.6666666666666	1.32331171276885	1123	21.0702249873592	26.2631083459739
45	WGN63	25.2499999999999	1.32331171276883	1123	22.6535583206926	27.8464416793073
46	WGN63	28.5	1.32331171276884	1123	25.9035583206926	31.0964416793073
47	WGN63	27	1.32331171276884	1123	24.4035583206926	29.5964416793073
48	WGN63	29.4166666666667	1.32331171276884	1123	26.8202249873593	32.013108345974
49	WGN63	25.5	1.32331171276884	1123	22.9035583206926	28.0964416793073
50	WGN63	23.2499999999999	1.32331171276885	1123	20.6535583206926	25.8464416793073
51	WGN63	23.3582147093712	1.8718615719107	1123	19.6854750545294	27.0309543642129
52	WGN63	33.6666666666667	1.32331171276885	1123	31.0702249873594	36.2631083459741
53	WGN63	23.3333333333333	1.32331171276885	1123	20.736891654026	25.9297750126406
54	WGN63	25.1666666666667	1.32331171276885	1123	22.5702249873593	27.763108345974
55	WGN63	24.3333333333333	1.32331171276885	1123	21.736891654026	26.9297750126406
56	WGN63	25.5833333333333	1.32331171276885	1123	22.9868916540259	28.1797750126406
57	WGN63	24.3333333333333	1.32331171276884	1123	21.736891654026	26.9297750126406
58	WGN63	22.1666666666666	1.32331171276884	1123	19.5702249873593	24.7631083459739
59	WGN63	25.75	1.32331171276884	1123	23.1535583206926	28.3464416793073
60	WGN63	29.5	1.32331171276885	1123	26.9035583206927	32.0964416793073
61	WGN63	27.8333333333333	1.32331171276884	1123	25.236891654026	30.4297750126406
62	WGN63	26.3333333333333	1.32331171276884	1123	23.736891654026	28.9297750126406
63	WGN63	25.4499999999999	1.32331171276884	1123	22.8535583206926	28.0464416793073
64	WGN63	21.9833333333333	1.32331171276884	1123	19.386891654026	24.5797750126406
65	WGN63	26.9166666666667	1.32331171276885	1123	24.3202249873593	29.513108345974
66	WGN63	28.7499999999999	1.32331171276884	1123	26.1535583206926	31.3464416793072
67	WGN63	24.5	1.32331171276884	1123	21.9035583206926	27.0964416793073
68	WGN63	24.25	1.32331171276884	1123	21.6535583206926	26.8464416793073
69	WGN63	23.3333333333333	1.32331171276884	1123	20.7368916540259	25.9297750126406
70	WGN63	27.3333333333333	1.32331171276884	1123	24.7368916540259	29.9297750126406
72	WGN63	27.3333333333333	1.32331171276885	1123	24.736891654026	29.9297750126407
73	WGN63	22.9999999999999	1.32331171276884	1123	20.4035583206926	25.5964416793073
74	WGN63	25.4166666666667	1.32331171276884	1123	22.8202249873593	28.013108345974
75	WGN63	21.9999999999999	1.32331171276885	1123	19.4035583206926	24.5964416793073
76	WGN63	26.5833333333332	1.32331171276884	1123	23.9868916540259	29.1797750126406
77	WGN63	26.0833333333333	1.32331171276884	1123	23.4868916540259	28.6797750126406
78	WGN63	26.9999999999999	1.32331171276884	1123	24.4035583206926	29.5964416793073
79	WGN63	27.6666666666666	1.32331171276884	1123	25.0702249873593	30.2631083459739
80	WGN63	25	1.32331171276884	1123	22.4035583206926	27.5964416793073
81	WGN63	22.5	1.32331171276884	1123	19.9035583206926	25.0964416793073
82	WGN63	22.8333333333333	1.32331171276884	1123	20.236891654026	25.4297750126406
83	WGN63	26.9166666666667	1.32331171276884	1123	24.3202249873593	29.513108345974
84	WGN63	24.8333333333333	1.32331171276884	1123	22.236891654026	27.4297750126406
85	WGN63	24.5833333333333	1.32331171276885	1123	21.986891654026	27.1797750126406
86	WGN63	24.4166666666666	1.32331171276884	1123	21.8202249873593	27.0131083459739
87	WGN63	27	1.32331171276885	1123	24.4035583206926	29.5964416793073
88	WGN63	24.975118623962	1.87186157191069	1123	21.3023789691203	28.6478582788037
89	WGN63	27.9999999999999	1.32331171276884	1123	25.4035583206926	30.5964416793073
90	WGN63	26.0248813760379	1.87186157191069	1123	22.3521417211962	29.6976210308797
91	WGN63	28.4166666666666	1.32331171276884	1123	25.8202249873593	31.013108345974
92	WGN63	22.4999999999999	1.32331171276884	1123	19.9035583206926	25.0964416793073
93	WGN63	27.1666666666666	1.32331171276884	1123	24.5702249873593	29.7631083459739
94	WGN63	28.5	1.32331171276884	1123	25.9035583206926	31.0964416793073
95	WGN63	28.1417852906287	1.87186157191069	1123	24.469045635787	31.8145249454704
96	WGN63	23.25	1.32331171276884	1123	20.6535583206926	25.8464416793073
97	WGN63	27.9166666666666	1.32331171276884	1123	25.3202249873593	30.5131083459739
98	WGN63	27.5	1.32331171276885	1123	24.9035583206926	30.0964416793073
99	WGN63	29	1.32331171276884	1123	26.4035583206926	31.5964416793073
100	WGN63	27.3333333333333	1.32331171276884	1123	24.736891654026	29.9297750126406
101	WGN63	26.3333333333333	1.32331171276884	1123	23.7368916540259	28.9297750126406
102	WGN63	24.3333333333333	1.32331171276884	1123	21.736891654026	26.9297750126406
103	WGN63	25.5833333333333	1.32331171276884	1123	22.986891654026	28.1797750126406
105	WGN63	24	1.32331171276884	1123	21.4035583206926	26.5964416793073
106	WGN63	26.475118623962	1.87186157191069	1123	22.8023789691203	30.1478582788037
107	WGN63	27.975118623962	1.87186157191069	1123	24.3023789691203	31.6478582788037
109	WGN63	24.25	1.32331171276884	1123	21.6535583206926	26.8464416793073
110	WGN63	22.1666666666666	1.32331171276884	1123	19.5702249873593	24.763108345974
111	WGN63	27.6666666666666	1.32331171276884	1123	25.0702249873593	30.2631083459739
112	WGN63	23.6666666666666	1.32331171276884	1123	21.0702249873593	26.263108345974
114	WGN63	23.5833333333333	1.32331171276884	1123	20.986891654026	26.1797750126406
115	WGN63	26.6666666666666	1.32331171276884	1123	24.0702249873593	29.2631083459739
116	WGN63	26.5833333333333	1.32331171276884	1123	23.986891654026	29.1797750126406
117	WGN63	27.6666666666666	1.32331171276884	1123	25.0702249873593	30.2631083459739
118	WGN63	26.1666666666667	1.32331171276884	1123	23.5702249873593	28.763108345974
119	WGN63	24.5833333333333	1.32331171276884	1123	21.9868916540259	27.1797750126406
121	WGN63	29.1666666666666	1.32331171276884	1123	26.5702249873593	31.7631083459739
122	WGN63	26.6666666666667	1.32331171276884	1123	24.0702249873593	29.263108345974
123	WGN63	25.8333333333333	1.32331171276884	1123	23.2368916540259	28.4297750126406
124	WGN63	24.1666666666666	1.32331171276884	1123	21.5702249873593	26.7631083459739
125	WGN63	25.5	1.32331171276884	1123	22.9035583206926	28.0964416793073
126	WGN63	25.9166666666667	1.32331171276884	1123	23.3202249873593	28.513108345974
127	WGN63	27.5	1.32331171276884	1123	24.9035583206926	30.0964416793073
128	WGN63	23.8333333333333	1.32331171276884	1123	21.236891654026	26.4297750126406
129	WGN63	25.5	1.32331171276884	1123	22.9035583206926	28.0964416793073
130	WGN63	26.75	1.32331171276884	1123	24.1535583206926	29.3464416793073
